股票代码,交易日期,开盘价,最高价,最低价,收盘价,昨收价【除权价，前复权】,涨跌额,涨跌幅 【基于除权后的昨收计算的涨跌幅：（今收-除权昨收）/除权昨收 】,成交量,成交额（千元）,close_y,换手率,换手率（自由流通股）,量比,市盈率（总市值/净利润，亏损的PE为空）,市盈率（TTM，亏损的PE为空）,市净率（总市值/净资产）,市销率,市销率（TTM）,股息率 （%）,股息率（TTM）（%）,总股本 （万股）,流通股本 （万股）,自由流通股本 （万）,总市值 （万元）,流通市值（万元）
300759.SZ,20250709,24.75,25.76,24.56,25.0,24.86,0.14,0.5632,427435.44,1074752.343,25.0,3.0114,4.7233,1.82,24.7887,23.7934,3.2477,3.6214,3.4993,0.8013,0.8,177819.5525,141938.4613,90495.8332,4445488.8125,3548461.5325
300759.SZ,20250708,23.98,24.96,23.92,24.86,23.94,0.92,3.8429,379435.84,938290.238,24.86,2.6732,4.1929,1.73,24.6499,23.6602,3.2295,3.6011,3.4797,0.8058,0.8045,177819.5525,141938.4613,90495.8332,4420594.0752,3528590.1479
300759.SZ,20250707,24.4,24.53,23.88,23.94,24.44,-0.5,-2.0458,187954.72,452926.307,23.94,1.3242,2.0769,0.75,23.7377,22.7846,3.11,3.4678,3.351,0.8368,0.8354,177819.5525,141938.4613,90495.8332,4257000.0869,3398006.7635
300759.SZ,20250704,24.36,24.68,24.1,24.44,24.39,0.05,0.205,223660.45,545410.724,24.44,1.5758,2.4715,0.84,24.2335,23.2605,3.175,3.5402,3.4209,0.8196,0.8183,177819.5525,141938.4613,90495.8332,4345909.8631,3468975.9942
300759.SZ,20250703,24.49,24.72,24.37,24.59,24.5,0.09,0.3673,177398.0,435717.357,24.59,1.2498,1.9603,0.63,24.3822,23.4032,3.1139,3.562,3.4419,0.8146,,177819.5525,141938.4613,90495.8332,4372582.796,3490266.7634
300759.SZ,20250702,24.73,24.99,24.33,24.5,24.78,-0.28,-1.1299,208809.0,513421.102,24.5,1.4711,2.3074,0.73,24.293,23.3176,3.1025,3.5489,3.4293,0.8176,,177819.5525,141938.4613,90495.8332,4356579.0363,3477492.3019
300759.SZ,20250701,24.4,24.85,24.33,24.78,24.54,0.24,0.978,296848.93,730305.075,24.78,2.0914,3.2802,1.12,24.5706,23.584,3.138,3.5895,3.4685,0.8084,,177819.5525,141938.4613,90495.8332,4406368.511,3517235.071
300759.SZ,20250630,23.99,24.59,23.65,24.54,23.79,0.75,3.1526,340675.8,825502.997,24.54,2.4002,3.7645,1.49,24.3326,23.3556,3.1076,3.5547,3.4349,0.8163,,177819.5525,141938.4613,90495.8332,4363691.8184,3483169.8403
300759.SZ,20250627,23.35,24.29,23.3,23.79,23.28,0.51,2.1907,312977.86,747797.201,23.79,2.205,3.4585,1.61,23.589,22.6418,3.0126,3.4461,3.33,0.842,,177819.5525,141938.4613,90495.8332,4230327.154,3376715.9943
300759.SZ,20250626,23.78,23.78,23.28,23.28,23.89,-0.61,-2.5534,259845.08,610597.92,23.28,1.8307,2.8713,1.37,23.0833,22.1564,2.948,3.3722,3.2586,0.8605,0.8605,177819.5525,141938.4613,90495.8332,4139639.1822,3304327.3791
300759.SZ,20250625,23.75,23.92,23.42,23.89,23.73,0.16,0.6743,218017.21,516047.427,23.89,1.536,2.4091,1.13,23.6881,22.737,3.0253,3.4606,3.344,0.8385,0.8385,177819.5525,141938.4613,90495.8332,4248109.1092,3390909.8405
300759.SZ,20250624,23.53,23.76,23.38,23.73,23.35,0.38,1.6274,189790.01,447991.054,23.73,1.3371,2.0972,0.86,23.5295,22.5847,3.005,3.4374,3.3216,0.8442,0.8442,177819.5525,141938.4613,90495.8332,4219657.9808,3368199.6866
300759.SZ,20250623,22.95,23.35,22.9,23.35,23.09,0.26,1.126,163758.7,379402.682,23.35,1.1537,1.8096,0.66,23.1527,22.2231,2.9569,3.3823,3.2684,0.8579,0.8579,177819.5525,141938.4613,90495.8332,4152086.5509,3314263.0714
300759.SZ,20250620,23.38,23.48,23.05,23.09,23.25,-0.16,-0.6882,143391.47,333150.474,23.09,1.0102,1.5845,0.44,22.8949,21.9756,2.9239,3.3447,3.232,0.8676,0.8676,177819.5525,141938.4613,90495.8332,4105853.4672,3277359.0714
300759.SZ,20250619,23.8,23.94,23.16,23.25,23.8,-0.55,-2.3109,235377.51,551913.957,23.25,1.6583,2.601,0.66,23.0535,22.1279,2.9442,3.3679,3.2544,0.8616,0.8616,177819.5525,141938.4613,90495.8332,4134304.5956,3300069.2252
300759.SZ,20250618,24.05,24.17,23.55,23.8,24.25,-0.45,-1.8557,233990.93,556840.521,23.8,1.6485,2.5857,0.64,23.5989,22.6513,3.0139,3.4475,3.3314,0.8417,0.8417,177819.5525,141938.4613,90495.8332,4232105.3495,3378135.3789
300759.SZ,20250617,24.99,25.25,24.12,24.25,24.68,-0.43,-1.7423,325719.32,802025.422,24.25,2.2948,3.5993,0.77,24.0451,23.0796,3.0708,3.5127,3.3943,0.8261,0.8261,177819.5525,141938.4613,90495.8332,4312124.1481,3442007.6865
300759.SZ,20250616,24.73,25.17,24.34,24.68,24.84,-0.16,-0.6441,294890.33,730343.032,24.68,2.0776,3.2586,0.67,24.4714,23.4889,3.1253,3.575,3.4545,0.8117,0.8117,177819.5525,141938.4613,90495.8332,4388586.5557,3503041.2249
300759.SZ,20250613,25.44,25.94,24.6,24.84,25.47,-0.63,-2.4735,526185.71,1317176.542,24.84,3.7071,5.8145,1.43,24.6301,23.6412,3.1456,3.5982,3.4769,0.8064,0.8064,177819.5525,141938.4613,90495.8332,4417037.6841,3525751.3787
300759.SZ,20250612,24.9,25.67,24.8,25.47,25.06,0.41,1.6361,394493.0,1000023.424,25.47,2.7793,4.3592,1.16,25.2548,24.2407,3.2253,3.6894,3.5651,0.7865,0.7865,177819.5525,141938.4613,90495.8332,4529064.0022,3615172.6093
300759.SZ,20250611,25.3,25.43,25.0,25.06,25.19,-0.13,-0.5161,287399.79,722939.765,25.06,2.0248,3.1758,0.83,24.8482,23.8505,3.1734,3.63,3.5077,0.7994,0.7994,177819.5525,141938.4613,90495.8332,4456157.9857,3556977.8402
300759.SZ,20250610,24.72,25.91,24.62,25.19,24.51,0.68,2.7744,625507.89,1584213.737,25.19,4.4069,6.912,2.2,24.9771,23.9743,3.1899,3.6489,3.5259,0.7952,0.7952,177819.5525,141938.4613,90495.8332,4479274.5275,3575429.8401
300759.SZ,20250609,23.83,24.92,23.83,24.51,23.8,0.71,2.9832,352025.06,865020.25,24.51,2.4801,3.89,1.24,24.3029,23.3271,3.1038,3.5504,3.4307,0.8173,0.8173,177819.5525,141938.4613,90495.8332,4358357.2318,3478911.6865
300759.SZ,20250606,24.07,24.11,23.64,23.8,24.13,-0.33,-1.3676,174027.88,414043.901,23.8,1.2261,1.923,0.52,23.5989,22.6513,3.0139,3.4475,3.3314,0.8417,0.8417,177819.5525,141938.4613,90495.8332,4232105.3495,3378135.3789
300759.SZ,20250605,24.4,24.42,23.8,24.13,24.47,-0.34,-1.3895,264756.6,636329.429,24.13,1.8653,2.9256,0.83,23.9261,22.9654,3.0556,3.4953,3.3775,0.8302,0.8302,177819.5525,141938.4613,90495.8332,4290785.8018,3424975.0712
300759.SZ,20250604,24.23,24.68,24.0,24.47,24.18,0.29,1.1993,312856.32,765436.06,24.47,2.2042,3.4571,1.08,24.2632,23.289,3.0987,3.5446,3.4251,0.8186,0.8186,177819.5525,141938.4613,90495.8332,4351244.4497,3473234.148
300759.SZ,20250603,23.52,24.44,23.38,24.18,23.84,0.34,1.4262,317554.6,765031.415,24.18,2.2373,3.5091,1.2,23.9757,23.013,3.062,3.5026,3.3845,0.8285,0.8285,177819.5525,141938.4613,90495.8332,4299676.7795,3432071.9942
300759.SZ,20250530,23.56,24.12,23.46,23.84,23.76,0.08,0.3367,346217.32,824110.485,23.84,2.4392,3.8258,1.29,23.6385,22.6894,3.0189,3.4533,3.337,0.8403,0.8403,177819.5525,141938.4613,90495.8332,4239218.1316,3383812.9174
300759.SZ,20250529,22.36,23.87,22.36,23.76,22.34,1.42,6.3563,435392.72,1021012.155,23.76,3.0675,4.8112,2.05,23.5592,22.6133,3.0088,3.4417,3.3258,0.8431,0.8431,177819.5525,141938.4613,90495.8332,4224992.5674,3372457.8405
300759.SZ,20250528,22.97,23.0,22.28,22.34,22.96,-0.62,-2.7003,175606.41,395600.036,22.34,1.2372,1.9405,0.81,22.1512,21.2618,2.829,3.236,3.127,0.8967,0.8967,177819.5525,141938.4613,90495.8332,3972488.8029,3170905.2254
300759.SZ,20250527,22.75,23.15,22.6,22.96,22.75,0.21,0.9231,167429.01,383596.06,22.96,1.1796,1.8501,0.75,22.766,21.8519,2.9075,3.3258,3.2138,0.8725,0.8725,177819.5525,141938.4613,90495.8332,4082736.9254,3258907.0714
300759.SZ,20250526,23.18,23.25,22.66,22.75,23.21,-0.46,-1.9819,201365.14,459989.506,22.75,1.4187,2.2251,0.91,22.5577,21.652,2.8809,3.2954,3.1844,0.8805,0.8805,177819.5525,141938.4613,90495.8332,4045394.8194,3229099.9946
300759.SZ,20250523,22.71,23.71,22.71,23.21,22.67,0.54,2.382,366787.57,856949.59,23.21,2.5841,4.0531,2.1,23.0139,22.0898,2.9391,3.3621,3.2488,0.8631,0.8631,177819.5525,141938.4613,90495.8332,4127191.8135,3294391.6868
300759.SZ,20250522,22.83,23.03,22.55,22.67,22.96,-0.29,-1.2631,148626.51,338345.482,22.67,1.0471,1.6424,0.83,22.4784,21.5759,2.8708,3.2838,3.1732,0.8836,0.8836,177819.5525,141938.4613,90495.8332,4031169.2552,3217744.9177
300759.SZ,20250521,23.04,23.46,22.86,22.96,23.08,-0.12,-0.5199,201624.74,467089.446,22.96,1.4205,2.228,1.16,22.766,21.8519,2.9075,3.3258,3.2138,0.8725,0.8725,177819.5525,141938.4613,90495.8332,4082736.9254,3258907.0714
300759.SZ,20250520,22.41,23.18,22.33,23.08,22.41,0.67,2.9897,198164.3,454839.482,23.08,1.3961,2.1898,1.13,22.885,21.9661,2.9227,3.3432,3.2306,0.8679,0.8679,177819.5525,141938.4613,90495.8332,4104075.2717,3275939.6868
300759.SZ,20250519,22.1,22.43,21.99,22.41,22.99,-0.58,-2.5228,195569.21,435418.103,22.41,1.3778,2.1611,1.12,22.2206,21.3284,2.8378,3.2462,3.1368,0.8939,0.8939,177819.5525,141938.4613,90495.8332,3984936.1715,3180840.9177
300759.SZ,20250516,23.04,23.19,22.86,22.99,23.14,-0.15,-0.6482,129440.83,297940.109,22.99,0.912,1.4304,0.73,22.7957,21.8804,2.9113,3.3302,3.218,0.8713,0.8713,177819.5525,141938.4613,90495.8332,4088071.512,3263165.2253
300759.SZ,20250515,23.52,23.75,23.12,23.14,23.61,-0.47,-1.9907,173863.75,406790.111,23.14,1.2249,1.9212,0.97,22.9444,22.0232,2.9303,3.3519,3.239,0.8657,0.8657,177819.5525,141938.4613,90495.8332,4114744.4449,3284455.9945
300759.SZ,20250514,23.38,23.69,23.15,23.61,23.4,0.21,0.8974,174961.59,409251.575,23.61,1.2327,1.9334,0.92,23.4105,22.4705,2.9898,3.42,3.3048,0.8485,0.8485,177819.5525,141938.4613,90495.8332,4198319.6345,3351167.0713
300759.SZ,20250513,23.7,23.86,23.36,23.4,23.36,0.04,0.1712,200216.2,472449.464,23.4,1.4106,2.2124,1.06,23.2023,22.2707,2.9632,3.3896,3.2754,0.8561,0.8561,177819.5525,141938.4613,90495.8332,4160977.5285,3321359.9944
300759.SZ,20250512,23.22,23.47,23.01,23.36,23.3,0.06,0.2575,192955.67,449526.862,23.36,1.3594,2.1322,1.03,23.1626,22.2326,2.9581,3.3838,3.2698,0.8575,0.8575,177819.5525,141938.4613,90495.8332,4153864.7464,3315682.456
300759.SZ,20250509,23.64,23.67,23.27,23.3,23.72,-0.42,-1.7707,149597.49,350227.781,23.3,1.054,1.6531,0.73,23.1031,22.1755,2.9505,3.3751,3.2614,0.8597,0.8597,177819.5525,141938.4613,90495.8332,4143195.5733,3307166.1483
300759.SZ,20250508,23.32,23.84,23.25,23.72,23.42,0.3,1.281,177056.24,419126.606,23.72,1.2474,1.9565,0.84,23.5195,22.5752,3.0037,3.4359,3.3202,0.8445,0.8445,177819.5525,141938.4613,90495.8332,4217879.7853,3366780.302
300759.SZ,20250507,24.15,24.25,23.21,23.42,23.76,-0.34,-1.431,225972.15,531582.314,23.42,1.592,2.497,1.1,23.2221,22.2897,2.9657,3.3925,3.2782,0.8553,0.8553,177819.5525,141938.4613,90495.8332,4164533.9196,3324198.7636
300759.SZ,20250506,23.61,23.89,23.47,23.76,23.17,0.59,2.5464,201688.54,478149.444,23.76,1.421,2.2287,0.89,23.5592,22.6133,3.0088,3.4417,3.3258,0.8431,0.8431,177819.5525,141938.4613,90495.8332,4224992.5674,3372457.8405
300759.SZ,20250430,23.53,23.6,23.07,23.17,23.52,-0.35,-1.4881,185997.47,433426.582,23.17,1.3104,2.0553,0.77,22.9742,22.0518,2.9341,3.3563,3.2432,0.8646,0.8646,177819.5525,141938.4613,90495.8332,4120079.0314,3288714.1483
300759.SZ,20250429,23.45,24.07,23.24,23.52,23.27,0.25,1.0743,239297.55,567369.863,23.52,1.6859,2.6443,1.01,23.3212,22.3849,2.9784,3.407,3.2922,0.8517,0.8517,177819.5525,141938.4613,90495.8332,4182315.8748,3338392.6098
300759.SZ,20250428,23.48,23.76,23.15,23.27,23.19,0.08,0.345,199635.49,466957.329,23.27,1.4065,2.206,0.89,23.0733,22.1469,2.9467,3.3708,3.2572,0.8608,0.8608,177819.5525,141938.4613,90495.8332,4137860.9867,3302907.9945
300759.SZ,20250425,23.4,23.57,22.91,23.19,23.08,0.11,0.4766,204420.97,475067.321,23.19,1.4402,2.0675,0.97,22.994,22.994,3.0278,3.3592,3.3592,0.8638,0.8638,177819.5525,141938.4613,98872.6913,4123635.4225,3291552.9175
300759.SZ,20250424,22.8,23.71,22.72,23.08,22.72,0.36,1.5845,302097.91,703098.095,23.08,2.1284,3.0554,1.72,22.885,22.885,3.0134,3.3432,3.3432,0.8679,0.8679,177819.5525,141938.4613,98872.6913,4104075.2717,3275939.6868
300759.SZ,20250423,22.5,23.05,22.48,22.72,22.22,0.5,2.2502,255955.69,582413.576,22.72,1.8033,2.5887,1.63,22.528,22.528,2.9664,3.2911,3.2911,0.8817,0.8817,177819.5525,141938.4613,98872.6913,4040060.2328,3224841.8407
300759.SZ,20250422,22.37,22.85,22.19,22.22,22.55,-0.33,-1.4634,220483.09,495628.455,22.22,1.5534,2.23,1.48,22.0322,22.0322,2.9011,3.2187,3.2187,0.9015,0.9015,177819.5525,141938.4613,98872.6913,3951150.4566,3153872.6101
300759.SZ,20250421,22.22,22.57,22.18,22.55,22.4,0.15,0.6696,143027.25,320435.072,22.55,1.0077,1.4466,0.88,22.3594,22.3594,2.9442,3.2665,3.2665,0.8883,0.8883,177819.5525,141938.4613,98872.6913,4009830.9089,3200712.3023
300759.SZ,20250418,22.03,22.46,22.03,22.4,22.06,0.34,1.5413,132325.79,294879.728,22.4,0.9323,1.3383,0.7,22.2107,22.2107,2.9246,3.2447,3.2447,0.8943,0.8943,177819.5525,141938.4613,98872.6913,3983157.976,3179421.5331
300759.SZ,20250417,22.05,22.36,22.02,22.06,22.21,-0.15,-0.6754,126601.69,280590.09,22.06,0.8919,1.2805,0.55,21.8736,21.8736,2.8802,3.1955,3.1955,0.9081,0.9081,177819.5525,141938.4613,98872.6913,3922699.3282,3131162.4563
300759.SZ,20250416,22.36,22.39,21.78,22.21,22.48,-0.27,-1.2011,162067.11,357927.207,22.21,1.1418,1.6391,0.59,22.0223,22.0223,2.8998,3.2172,3.2172,0.9019,0.9019,177819.5525,141938.4613,98872.6913,3949372.261,3152453.2255
300759.SZ,20250415,22.85,22.92,22.29,22.48,22.91,-0.43,-1.8769,178735.86,402376.174,22.48,1.2592,1.8077,0.57,22.29,22.29,2.9351,3.2563,3.2563,0.8911,0.8911,177819.5525,141938.4613,98872.6913,3997383.5402,3190776.61
300759.SZ,20250414,23.25,23.42,22.82,22.91,22.81,0.1,0.4384,213203.77,492486.425,22.91,1.5021,2.1563,0.55,22.7164,22.7164,2.9912,3.3186,3.3186,0.8744,0.8744,177819.5525,141938.4613,98872.6913,4073845.9478,3251810.1484
300759.SZ,20250411,21.99,23.18,21.9,22.81,22.59,0.22,0.9739,269607.7,610051.96,22.81,1.8995,2.7268,0.67,22.6172,22.6172,2.9782,3.3041,3.3041,0.8782,0.8782,177819.5525,141938.4613,98872.6913,4056063.9925,3237616.3023
300759.SZ,20250410,23.38,23.45,22.5,22.59,22.27,0.32,1.4369,328385.62,752864.955,22.59,2.3136,3.3213,0.81,22.3991,22.3991,2.9494,3.2723,3.2723,0.8868,0.8868,177819.5525,141938.4613,98872.6913,4016943.691,3206389.8408
300759.SZ,20250409,21.4,22.36,20.47,22.27,22.67,-0.4,-1.7644,385233.09,834427.17,22.27,2.7141,3.8963,0.88,22.0818,22.0818,2.9077,3.2259,3.2259,0.8995,0.8995,177819.5525,141938.4613,98872.6913,3960041.4342,3160969.5332
300759.SZ,20250408,22.99,23.36,22.06,22.67,22.4,0.27,1.2054,376765.58,853494.078,22.67,2.6544,3.8106,0.95,22.4784,22.4784,2.9599,3.2838,3.2838,0.8836,0.8836,177819.5525,141938.4613,98872.6913,4031169.2552,3217744.9177
300759.SZ,20250407,24.96,25.37,21.65,22.4,27.05,-4.65,-17.1904,581766.23,1366679.2,22.4,4.0987,5.884,1.76,22.2107,22.2107,2.9246,3.2447,3.2447,0.8943,0.8943,177819.5525,141938.4613,98872.6913,3983157.976,3179421.5331
300759.SZ,20250403,27.55,28.36,26.98,27.05,27.59,-0.54,-1.9572,336701.27,925997.942,27.05,2.3722,3.4054,1.06,26.8214,26.8214,3.5318,3.9183,3.9183,0.7406,0.7406,177819.5525,141938.4613,98872.6913,4810018.8951,3839435.3782
300759.SZ,20250402,28.38,28.52,27.5,27.59,28.56,-0.97,-3.3964,353959.68,986846.188,27.59,2.4938,3.58,1.29,27.3568,27.3568,3.6023,3.9965,3.9965,0.7261,0.7261,177819.5525,141938.4613,98872.6913,4906041.4535,3916082.1473
300759.SZ,20250401,26.99,29.16,26.99,28.56,26.92,1.64,6.0921,531074.5,1511568.058,28.56,3.7416,5.3713,2.75,28.3186,28.3186,3.7289,4.137,4.137,0.7014,0.7014,177819.5525,141938.4613,98872.6913,5078526.4194,4053762.4547
300759.SZ,20250331,27.08,27.46,26.65,26.92,27.16,-0.24,-0.8837,171077.0,461643.507,26.92,1.2053,1.7303,0.93,26.6925,26.6925,3.5148,3.8995,3.8995,0.7441,0.7441,177819.5525,141938.4613,98872.6913,4786902.3533,3820983.3782
300759.SZ,20250328,27.5,28.18,27.16,27.16,27.68,-0.52,-1.8786,261257.57,721985.752,27.16,1.8406,2.6424,1.5,26.9305,26.9305,3.5461,3.9342,3.9342,0.7376,0.7376,177819.5525,141938.4613,98872.6913,4829579.0459,3855048.6089
300759.SZ,20250327,26.6,27.68,26.54,27.68,26.61,1.07,4.021,267014.11,727973.602,27.68,1.8812,2.7006,1.69,27.4461,27.4461,3.614,4.0096,4.0096,0.7237,0.7237,177819.5525,141938.4613,98872.6913,4922045.2132,3928856.6088
300759.SZ,20250326,26.88,27.16,26.53,26.61,26.88,-0.27,-1.0045,146037.44,391887.452,26.61,1.0289,1.477,0.84,29.5534,25.1175,3.5853,4.101,4.0117,0.7528,0.7528,177819.5525,141938.4613,98872.6913,4731778.292,3776982.4552
300759.SZ,20250325,27.14,27.25,26.79,26.88,27.17,-0.29,-1.0674,120770.89,325821.128,26.88,0.8509,1.2215,0.47,29.8532,25.3724,3.6217,4.1427,4.0524,0.7452,0.7452,177819.5525,141938.4613,98872.6913,4779789.5712,3815305.8397
300759.SZ,20250324,27.22,27.41,26.69,27.17,27.3,-0.13,-0.4762,126832.89,343159.862,27.17,0.8936,1.427,0.48,30.1753,25.6461,3.6608,4.1873,4.0961,0.7373,0.7373,177819.5525,141938.4613,88881.7027,4831357.2414,3856467.9935
300759.SZ,20250321,27.68,28.18,27.09,27.3,27.8,-0.5,-1.7986,209047.54,575226.194,27.3,1.4728,2.352,0.72,30.3197,25.7688,3.6783,4.2074,4.1157,0.7338,0.7338,177819.5525,141938.4613,88881.7027,4854473.7833,3874919.9935
300759.SZ,20250320,28.19,28.38,27.62,27.8,28.13,-0.33,-1.1731,186979.25,521925.54,27.8,1.3173,2.1037,0.65,30.875,26.2408,3.7457,4.2844,4.1911,0.7206,0.7206,177819.5525,141938.4613,88881.7027,4943383.5595,3945889.2241
300759.SZ,20250319,28.35,28.71,28.05,28.13,28.51,-0.38,-1.3329,224027.66,634378.947,28.13,1.5783,2.5205,0.81,31.2415,26.5522,3.7901,4.3353,4.2408,0.7121,0.7121,177819.5525,141938.4613,88881.7027,5002064.0118,3992728.9164
300759.SZ,20250318,28.49,29.47,28.19,28.51,27.63,0.88,3.1849,535348.96,1545593.466,28.51,3.7717,6.0232,2.65,31.6635,26.9109,3.8413,4.3939,4.2981,0.7026,0.7026,177819.5525,141938.4613,88881.7027,5069635.4418,4046665.5317
300759.SZ,20250317,27.8,27.87,27.4,27.63,27.72,-0.09,-0.3247,155094.31,428013.742,27.63,1.0927,1.745,0.73,30.6862,26.0803,3.7228,4.2582,4.1654,0.725,0.725,177819.5525,141938.4613,88881.7027,4913154.2356,3921759.6857
300759.SZ,20250314,26.4,27.75,26.19,27.72,26.32,1.4,5.3191,347919.86,950895.151,27.72,2.4512,3.9144,1.87,30.7861,26.1652,3.7349,4.2721,4.179,0.7227,0.7227,177819.5525,141938.4613,88881.7027,4929157.9953,3934534.1472
300759.SZ,20250313,26.81,26.95,26.13,26.32,26.81,-0.49,-1.8277,166634.68,440084.903,26.32,1.174,1.8748,0.81,29.2313,24.8438,3.5463,4.0563,3.968,0.7611,0.7611,177819.5525,141938.4613,88881.7027,4680210.6218,3735820.3014
300759.SZ,20250312,27.15,27.64,26.81,26.81,27.15,-0.34,-1.2523,174681.95,472980.474,26.81,1.2307,1.9653,0.86,29.7755,25.3063,3.6123,4.1319,4.0418,0.7472,0.7472,177819.5525,141938.4613,88881.7027,4767342.2025,3805370.1475
300759.SZ,20250311,26.81,27.29,26.77,27.15,27.32,-0.17,-0.6223,163891.5,442244.364,27.15,1.1547,1.8439,0.81,30.1531,25.6272,3.6581,4.1843,4.0931,0.7378,0.7378,177819.5525,141938.4613,88881.7027,4827800.8504,3853629.2243
300759.SZ,20250310,27.9,28.34,27.05,27.32,27.54,-0.22,-0.7988,211077.78,579874.553,27.32,1.4871,2.3748,0.98,30.3419,25.7877,3.681,4.2105,4.1187,0.7332,0.7332,177819.5525,141938.4613,88881.7027,4858030.1743,3877758.7627
300759.SZ,20250307,27.54,27.93,27.2,27.54,27.58,-0.04,-0.145,214031.07,590142.434,27.54,1.5079,2.6778,0.9,30.5862,25.9953,3.7106,4.2444,4.1519,0.7274,0.7274,177819.5525,141938.4613,79928.173,4897150.4759,3908985.2242
300759.SZ,20250306,26.94,27.88,26.94,27.58,26.73,0.85,3.1799,263881.57,727338.942,27.58,1.8591,3.3015,1.08,30.6307,26.0331,3.716,4.2505,4.1579,0.7263,0.7263,177819.5525,141938.4613,79928.173,4904263.258,3914662.7627
300759.SZ,20250305,27.1,27.11,26.49,26.73,27.08,-0.35,-1.2925,168583.43,450280.623,26.73,1.1877,2.1092,0.63,29.6866,25.2308,3.6015,4.1195,4.0298,0.7494,0.7494,177819.5525,141938.4613,79928.173,4753116.6383,3794015.0705
300759.SZ,20250304,26.58,27.22,26.58,27.08,26.84,0.24,0.8942,152570.75,411774.091,27.08,1.0749,1.9088,0.52,30.0754,25.5611,3.6487,4.1735,4.0825,0.7397,0.7397,177819.5525,141938.4613,79928.173,4815353.4817,3843693.532
300759.SZ,20250303,26.54,27.65,26.25,26.84,26.44,0.4,1.5129,276086.89,747698.697,26.84,1.9451,3.4542,0.88,29.8088,25.3346,3.6163,4.1365,4.0464,0.7463,0.7463,177819.5525,141938.4613,79928.173,4772676.7891,3809628.3013
300759.SZ,20250228,27.88,28.09,26.2,26.44,28.1,-1.66,-5.9075,323297.29,874213.058,26.44,2.2777,4.0448,0.9,29.3646,24.957,3.5624,4.0748,3.986,0.7576,0.7576,177819.5525,141938.4613,79928.173,4701548.9681,3752852.9168
300759.SZ,20250227,28.03,28.66,27.59,28.1,28.26,-0.16,-0.5662,297608.78,837780.899,28.1,2.0967,3.7235,0.72,31.2082,26.5239,3.7861,4.3307,4.2363,0.7129,0.7129,177819.5525,141938.4613,79928.173,4996729.4253,3988470.7625
300759.SZ,20250226,27.91,28.35,27.6,28.26,27.66,0.6,2.1692,281797.92,790033.759,28.26,1.9854,3.5256,0.68,31.3859,26.675,3.8077,4.3553,4.2604,0.7088,0.7088,177819.5525,141938.4613,79928.173,5025180.5537,4011180.9163
300759.SZ,20250225,27.89,28.17,27.45,27.66,28.41,-0.75,-2.6399,283147.6,787222.652,27.66,1.9949,3.5425,0.69,30.7195,26.1086,3.7268,4.2629,4.17,0.7242,0.7242,177819.5525,141938.4613,79928.173,4918488.8222,3926017.8396
300759.SZ,20250224,29.29,29.29,28.16,28.41,29.33,-0.92,-3.1367,384459.44,1102817.304,28.41,2.7086,4.8101,0.88,31.5525,26.8165,3.8279,4.3784,4.283,0.7051,0.7051,177819.5525,141938.4613,79928.173,5051853.4865,4032471.6855
300759.SZ,20250221,28.7,29.54,28.39,29.33,28.51,0.82,2.8762,557009.91,1612712.336,29.33,3.9243,6.9689,1.38,32.5742,27.6849,3.9518,4.5202,4.4217,0.683,0.683,177819.5525,141938.4613,79928.173,5215447.4748,4163055.0699
300759.SZ,20250220,27.02,29.18,27.02,28.51,26.88,1.63,6.064,553144.52,1571566.836,28.51,3.8971,6.9205,1.72,31.6635,26.9109,3.8413,4.3939,4.2981,0.7026,0.7026,177819.5525,141938.4613,79928.173,5069635.4418,4046665.5317
300759.SZ,20250219,26.6,27.46,26.1,26.88,26.73,0.15,0.5612,297572.07,796926.188,26.88,2.0965,3.723,1.02,29.8532,25.3724,3.6217,4.1427,4.0524,0.7452,0.7452,177819.5525,141938.4613,79928.173,4779789.5712,3815305.8397
300759.SZ,20250218,27.44,27.55,26.59,26.73,27.67,-0.94,-3.3972,273645.72,741058.046,26.73,1.9279,3.4448,0.98,29.6866,25.2308,3.6015,4.1195,4.0298,0.7494,0.7494,177819.5525,141938.4613,79438.1736,4753116.6383,3794015.0705
300759.SZ,20250217,27.68,28.46,27.25,27.67,26.75,0.92,3.4393,492683.7,1372236.442,27.67,3.4711,6.2021,2.16,30.7306,26.118,3.7282,4.2644,4.1715,0.724,0.724,177819.5525,141938.4613,79438.1736,4920267.0177,3927437.2242
300759.SZ,20250214,25.66,27.28,25.64,26.75,25.62,1.13,4.4106,393999.78,1050108.799,26.75,2.7758,4.9598,2.03,29.7089,25.2496,3.6042,4.1226,4.0328,0.7489,0.7489,177819.5525,141938.4613,79438.1736,4756673.0294,3796853.8398
300759.SZ,20250213,25.99,26.13,25.57,25.62,26.03,-0.41,-1.5751,151053.24,390437.151,25.62,1.0642,1.9015,0.76,28.4539,24.183,3.4519,3.9485,3.8624,0.7819,0.7819,177819.5525,141938.4613,79438.1736,4555736.9351,3636463.3785
300759.SZ,20250212,25.81,26.06,25.62,26.03,25.88,0.15,0.5796,142130.35,367315.614,26.03,1.0014,1.7892,0.74,28.9092,24.57,3.5072,4.0117,3.9242,0.7696,0.7696,177819.5525,141938.4613,79438.1736,4628642.9516,3694658.1476
300759.SZ,20250211,26.71,26.72,25.81,25.88,26.77,-0.89,-3.3246,221685.84,577784.831,25.88,1.5618,2.7907,1.28,28.7426,24.4284,3.487,3.9885,3.9016,0.774,0.774,177819.5525,141938.4613,79438.1736,4601970.0187,3673367.3784
300759.SZ,20250210,26.26,26.89,26.08,26.77,26.26,0.51,1.9421,231938.03,614474.159,26.77,1.6341,2.9197,1.47,29.7311,25.2685,3.6069,4.1257,4.0358,0.7483,0.7483,177819.5525,141938.4613,79438.1736,4760229.4204,3799692.609
300759.SZ,20250207,25.92,26.65,25.88,26.26,25.99,0.27,1.0389,221575.74,583285.431,26.26,1.5611,2.7893,1.61,29.1647,24.7871,3.5382,4.0471,3.9589,0.7628,0.7628,177819.5525,141938.4613,79438.1736,4669541.4487,3727303.9937
300759.SZ,20250206,25.2,26.13,24.94,25.99,25.21,0.78,3.094,175618.85,451360.238,25.99,1.2373,2.2108,1.43,28.8648,24.5323,3.5018,4.0055,3.9182,0.7708,0.7708,177819.5525,141938.4613,79438.1736,4621530.1695,3688980.6092
300759.SZ,20250205,25.08,25.39,24.85,25.21,24.85,0.36,1.4487,110893.25,279463.413,25.21,0.7813,1.396,0.89,27.9985,23.796,3.3967,3.8853,3.8006,0.7946,0.7946,177819.5525,141938.4613,79438.1736,4482830.9185,3578268.6094
300759.SZ,20250127,25.28,25.65,24.85,24.85,25.41,-0.56,-2.2039,123887.79,312656.384,24.85,0.8731,1.5604,0.92,27.5923,23.4508,3.3501,3.8289,3.7455,0.8063,0.8063,177778.6009,141897.5097,79397.222,4417798.2324,3526153.116
300759.SZ,20250124,25.1,25.66,24.84,25.41,25.1,0.31,1.2351,158499.45,401039.432,25.41,1.117,1.9963,1.24,28.2141,23.9793,3.4256,3.9152,3.8299,0.7886,0.7886,177778.6009,141897.5097,79397.222,4517354.2489,3605615.7215
300759.SZ,20250123,25.51,25.7,25.1,25.1,25.19,-0.09,-0.3573,118373.42,300343.145,25.1,0.8342,1.4909,0.92,27.8699,23.6867,3.3838,3.8674,3.7832,0.7983,0.7983,177778.6009,141897.5097,79397.222,4462242.8826,3561627.4935
300759.SZ,20250122,25.02,25.24,24.84,25.19,25.22,-0.03,-0.119,103247.84,258705.068,25.19,0.7276,1.3004,0.76,27.9699,23.7717,3.3959,3.8813,3.7967,0.7955,0.7955,177778.6009,141897.5097,79397.222,4478242.9567,3574398.2693
300759.SZ,20250121,25.53,25.71,24.94,25.22,25.51,-0.29,-1.1368,117855.74,297045.35,25.22,0.8306,1.4844,0.81,28.0032,23.8,3.4,3.8859,3.8012,0.7945,0.7945,177778.6009,141897.5097,79397.222,4483576.3147,3578655.1946
300759.SZ,20250120,25.25,26.0,25.15,25.51,25.06,0.45,1.7957,176737.33,453250.861,25.51,1.2455,2.226,1.35,28.3252,24.0737,3.4391,3.9306,3.845,0.7855,0.7855,177778.6009,141897.5097,79397.222,4535132.109,3619805.4724
300759.SZ,20250117,24.65,25.32,24.62,25.06,24.85,0.21,0.8451,122872.91,306630.155,25.06,0.8659,1.5476,0.94,27.8255,23.649,3.3784,3.8613,3.7771,0.7996,0.7996,177778.6009,141897.5097,79397.222,4455131.7386,3555951.5931
300759.SZ,20250116,25.18,25.49,24.7,24.85,25.0,-0.15,-0.6,124971.29,312932.724,24.85,0.8807,1.574,0.97,27.5923,23.4508,3.3501,3.8289,3.7455,0.8063,0.8063,177778.6009,141897.5097,79397.222,4417798.2324,3526153.116
300759.SZ,20250115,25.18,25.3,24.7,25.0,25.35,-0.35,-1.3807,137624.34,343354.346,25.0,0.9699,1.7334,1.05,27.7589,23.5924,3.3703,3.852,3.7681,0.8015,0.8015,177778.6009,141897.5097,79397.222,4444465.0225,3547437.7425
300759.SZ,20250114,24.5,25.35,24.46,25.35,24.41,0.94,3.8509,168975.22,423407.006,25.35,1.1908,2.1282,1.36,28.1475,23.9227,3.4175,3.906,3.8208,0.7904,0.7904,177778.6009,141897.5097,79397.222,4506687.5328,3597101.8709
300759.SZ,20250113,23.91,24.56,23.9,24.41,24.17,0.24,0.993,98349.64,239417.412,24.41,0.6931,1.2387,0.74,27.1038,23.0356,3.2908,3.7611,3.6792,0.8209,0.8209,177778.6009,141897.5097,79397.222,4339575.648,3463718.2118
300759.SZ,20250110,24.55,24.97,24.17,24.17,24.6,-0.43,-1.748,123388.88,302940.32,24.17,0.8696,1.5541,0.88,26.8373,22.8091,3.2584,3.7241,3.643,0.829,0.829,177778.6009,141897.5097,79397.222,4296908.7838,3429662.8094
300759.SZ,20250109,24.55,25.11,24.44,24.6,24.59,0.01,0.0407,116142.43,287682.75,24.6,0.8185,1.4628,0.75,27.3147,23.2149,3.3164,3.7904,3.7078,0.8145,0.8145,177778.6009,141897.5097,79397.222,4373353.5821,3490678.7386
300759.SZ,20250108,24.57,24.77,23.85,24.59,24.76,-0.17,-0.6866,151615.84,369755.49,24.59,1.0685,1.9096,0.95,27.3036,23.2055,3.315,3.7889,3.7063,0.8149,0.8149,177778.6009,141897.5097,79397.222,4371575.7961,3489259.7635
300759.SZ,20250107,24.69,24.77,24.25,24.76,24.66,0.1,0.4055,133919.33,328699.267,24.76,0.9438,1.6867,0.78,27.4924,23.3659,3.338,3.815,3.7319,0.8093,0.8093,177778.6009,141897.5097,79397.222,4401798.1583,3513382.3402
300759.SZ,20250106,24.52,25.1,24.42,24.66,24.38,0.28,1.1485,143718.13,354737.675,24.66,1.0128,1.8101,0.69,27.3814,23.2715,3.3245,3.7996,3.7168,0.8126,0.8126,177778.6009,141897.5097,79397.222,4384020.2982,3499192.5892
300759.SZ,20250103,25.17,25.4,24.35,24.38,25.17,-0.79,-3.1387,154878.96,384424.212,24.38,1.0915,1.9507,0.78,27.0705,23.0073,3.2867,3.7565,3.6746,0.8219,0.8219,177778.6009,141897.5097,79397.222,4334242.2899,3459461.2865
300759.SZ,20250102,25.83,25.94,24.91,25.17,25.7,-0.53,-2.0623,189734.17,482727.44,25.17,1.3371,2.3897,1.0,27.9477,23.7528,3.3932,3.8782,3.7937,0.7961,0.7961,177778.6009,141897.5097,79397.222,4474687.3847,3571560.3191
300759.SZ,20241231,26.54,26.56,25.7,25.7,26.48,-0.78,-2.9456,175643.7,459012.603,25.7,1.2378,2.2122,0.97,28.5361,24.253,3.4647,3.9599,3.8736,0.7829,0.7797,177778.6009,141897.5097,79397.222,4568910.0431,3646765.9993
300759.SZ,20241230,26.0,26.74,25.83,26.48,26.03,0.45,1.7288,198612.57,524342.506,26.48,1.3997,2.5015,1.15,29.4022,24.989,3.5698,4.0801,3.9912,0.7599,0.7567,177778.6009,141897.5097,79397.222,4707577.3518,3757446.0569
300759.SZ,20241227,26.5,26.66,25.86,26.03,27.23,-1.2,-4.4069,318255.03,832624.146,26.03,2.2429,4.0084,2.3,28.9026,24.5644,3.5092,4.0107,3.9233,0.773,0.7698,177778.6009,141897.5097,79397.222,4627576.9814,3693592.1775
300759.SZ,20241226,26.81,27.27,26.81,27.23,27.09,0.14,0.5168,111514.25,302372.206,27.23,0.7806,1.3877,0.76,30.3984,25.8357,3.6356,4.2183,4.1264,0.7389,0.7359,178739.4297,142858.3385,80358.0508,4867074.6707,3890032.5574
300759.SZ,20241225,27.85,28.14,26.95,27.09,27.55,-0.46,-1.6697,147719.27,404514.281,27.09,1.034,1.8383,1.05,30.2421,25.7029,3.6169,4.1966,4.1052,0.738,0.7349,178739.4297,142858.3385,80358.0508,4842051.1506,3870032.39
300759.SZ,20241224,27.35,27.77,27.27,27.55,27.37,0.18,0.6577,132723.62,365041.04,27.55,0.9291,1.6517,0.92,30.7556,26.1393,3.6784,4.2679,4.1749,0.7256,0.7226,178739.4297,142858.3385,80358.0508,4924271.2882,3935747.2257
300759.SZ,20241223,27.85,28.0,27.32,27.37,27.91,-0.54,-1.9348,154547.7,426409.019,27.37,1.0818,1.9232,1.0,30.5547,25.9685,3.6543,4.24,4.1476,0.7304,0.7274,178739.4297,142858.3385,80358.0508,4892098.1909,3910032.7247
300759.SZ,20241220,27.57,28.26,27.52,27.91,27.67,0.24,0.8674,145147.93,404162.729,27.91,1.016,1.8063,0.78,31.1575,26.4809,3.7264,4.3236,4.2294,0.7163,0.7133,178739.4297,142858.3385,80358.0508,4988617.4829,3987176.2275
300759.SZ,20241219,27.5,27.92,27.32,27.67,27.98,-0.31,-1.1079,150632.04,415959.065,27.67,1.0544,1.8745,0.75,30.8896,26.2532,3.6944,4.2865,4.1931,0.7225,0.7195,178739.4297,142858.3385,80358.0508,4945720.0198,3952890.2263
300759.SZ,20241218,27.9,28.28,27.76,27.98,27.79,0.19,0.6837,120181.56,336798.719,27.98,0.8413,1.4956,0.54,31.2357,26.5473,3.7358,4.3345,4.24,0.7145,0.7115,178739.4297,142858.3385,80358.0508,5001129.243,3997176.3112
300759.SZ,20241217,28.15,28.32,27.58,27.79,28.07,-0.28,-0.9975,150501.45,420648.499,27.79,1.0535,1.8729,0.52,31.0236,26.367,3.7104,4.3051,4.2112,0.7194,0.7164,178739.4297,142858.3385,80358.0508,4967168.7514,3970033.2269
300759.SZ,20241216,28.28,28.67,27.86,28.07,28.54,-0.47,-1.6468,203662.99,574545.374,28.07,1.4256,2.5344,0.56,31.3361,26.6327,3.7478,4.3484,4.2537,0.7122,0.7092,178739.4297,142858.3385,80358.0508,5017215.7917,4010033.5617
300759.SZ,20241213,29.06,29.16,28.5,28.54,29.38,-0.84,-2.8591,307459.73,887875.541,28.54,2.1522,3.8261,0.74,31.8608,27.0786,3.8105,4.4212,4.3249,0.7005,0.6975,178739.4297,142858.3385,80358.0508,5101223.3236,4077176.9808
300759.SZ,20241212,29.35,29.43,28.84,29.38,29.49,-0.11,-0.373,228134.54,665775.818,29.38,1.5969,2.839,0.57,32.7986,27.8756,3.9227,4.5514,4.4522,0.6804,0.6776,178739.4297,142858.3385,80358.0508,5251364.4446,4197177.9851
300759.SZ,20241211,28.83,29.77,28.83,29.49,29.1,0.39,1.3402,230259.78,677140.256,29.49,1.6118,2.8654,0.59,32.9214,27.98,3.9374,4.5684,4.4689,0.6779,0.6751,178739.4297,142858.3385,80358.0508,5271025.7819,4212892.4024
300759.SZ,20241210,30.5,30.53,28.95,29.1,29.6,-0.5,-1.6892,484053.37,1436946.347,29.1,3.3883,6.0237,1.43,32.486,27.6099,3.8853,4.508,4.4098,0.687,0.6841,178739.4297,142858.3385,80358.0508,5201317.4043,4157177.6504
300759.SZ,20241209,30.98,31.17,29.56,29.6,29.55,0.05,0.1692,583049.21,1762776.115,29.6,4.0813,7.403,2.11,33.0442,28.0843,3.9521,4.5854,4.4855,0.6754,0.6726,178739.4297,142858.3385,78758.0496,5290687.1191,4228606.8196
300759.SZ,20241206,27.33,29.76,27.2,29.55,27.34,2.21,8.0834,563022.2,1623903.979,29.55,3.9411,7.1488,2.59,32.9883,28.0369,3.9454,4.5777,4.478,0.6765,0.6737,178739.4297,142858.3385,78758.0496,5281750.1476,4221463.9027
300759.SZ,20241205,27.33,27.67,27.06,27.34,27.41,-0.07,-0.2554,138163.45,377856.266,27.34,0.9671,1.7543,0.6,30.5212,25.9401,3.6503,4.2353,4.1431,0.7312,0.7282,178739.4297,142858.3385,78758.0496,4886736.008,3905746.9746
300759.SZ,20241204,27.89,27.89,27.32,27.41,28.03,-0.62,-2.2119,180968.24,499290.133,27.41,1.2668,2.2978,0.75,30.5993,26.0065,3.6597,4.2462,4.1537,0.7293,0.7263,178739.4297,142858.3385,78758.0496,4899247.7681,3915747.0583
300759.SZ,20241203,27.93,28.37,27.66,28.03,28.02,0.01,0.0357,229453.9,641702.515,28.03,1.6062,2.9134,0.98,31.2915,26.5947,3.7424,4.3422,4.2476,0.7132,0.7102,178739.4297,142858.3385,78758.0496,5010066.2145,4004319.2282
300759.SZ,20241202,27.58,28.16,27.31,28.02,27.51,0.51,1.8539,269878.41,753913.642,28.02,1.8891,3.4267,1.21,31.2803,26.5852,3.7411,4.3407,4.2461,0.7135,0.7105,178739.4297,142858.3385,78758.0496,5008278.8202,4002890.6448
300759.SZ,20241129,27.09,28.05,26.85,27.51,26.99,0.52,1.9266,266858.04,732841.196,27.51,1.868,3.3883,1.17,30.711,26.1014,3.673,4.2617,4.1688,0.7267,0.7237,178739.4297,142858.3385,78758.0496,4917121.711,3930032.8921
300759.SZ,20241128,27.5,27.65,26.96,26.99,27.52,-0.53,-1.9259,200966.0,547102.756,26.99,1.4068,2.5517,0.87,30.1305,25.608,3.6036,4.1811,4.09,0.7407,0.7376,178739.4297,142858.3385,78758.0496,4824177.2076,3855746.5561
300759.SZ,20241127,26.53,27.54,26.49,27.52,26.68,0.84,3.1484,239667.61,648211.158,27.52,1.6777,3.0431,0.97,30.7221,26.1108,3.6743,4.2632,4.1703,0.7264,0.7234,178739.4297,142858.3385,78758.0496,4918909.1053,3931461.4755
300759.SZ,20241126,26.58,27.36,26.53,26.68,26.95,-0.27,-1.0019,189133.65,508999.143,26.68,1.3239,2.4015,0.74,29.7844,25.3139,3.5622,4.1331,4.043,0.7493,0.7462,178739.4297,142858.3385,78758.0496,4768767.9844,3811460.4712
300759.SZ,20241125,26.75,27.15,26.02,26.95,26.72,0.23,0.8608,218318.77,578571.155,26.95,1.5282,2.772,0.79,30.0858,25.57,3.5982,4.1749,4.084,0.7418,0.7387,178739.4297,142858.3385,78758.0496,4817027.6304,3850032.2226
300759.SZ,20241122,28.28,28.32,26.66,26.72,28.38,-1.66,-5.8492,289689.36,795668.933,26.72,2.0278,3.6782,1.03,29.8291,25.3518,3.5675,4.1393,4.0491,0.7482,0.7451,178739.4297,142858.3385,78758.0496,4775917.5616,3817174.8047
300759.SZ,20241121,28.56,28.78,28.05,28.38,28.64,-0.26,-0.9078,223644.58,633278.045,28.38,1.5655,2.8396,0.74,31.6822,26.9268,3.7892,4.3965,4.3007,0.7044,0.7015,178739.4297,142858.3385,78758.0496,5072625.0149,4054319.6466
300759.SZ,20241120,28.0,29.2,27.96,28.64,28.11,0.53,1.8855,309836.87,888673.289,28.64,2.1688,3.934,0.95,31.9725,27.1735,3.8239,4.4367,4.3401,0.698,0.6951,178739.4297,142858.3385,78758.0496,5119097.2666,4091462.8146
300759.SZ,20241119,27.71,28.22,27.39,28.11,27.48,0.63,2.2926,230461.65,640851.439,28.11,1.6132,2.9262,0.55,31.3808,26.6706,3.7531,4.3546,4.2597,0.7112,0.7082,178739.4297,142858.3385,78758.0496,5024365.3689,4015747.8952
300759.SZ,20241118,28.3,28.58,27.31,27.48,28.41,-0.93,-3.2735,326768.93,910109.913,27.48,2.2874,4.149,0.71,30.6775,26.0729,3.669,4.257,4.1643,0.7275,0.7245,178739.4297,142858.3385,78758.0496,4911759.5282,3925747.142
300759.SZ,20241115,29.44,29.86,28.4,28.41,29.44,-1.03,-3.4986,313269.54,909544.372,28.41,2.1929,3.9776,0.63,31.7157,26.9553,3.7932,4.4011,4.3052,0.7037,0.7007,178739.4297,142858.3385,78758.0496,5077987.1978,4058605.3968
300759.SZ,20241114,30.38,30.73,29.38,29.44,30.58,-1.14,-3.7279,326566.68,982956.439,29.44,2.2859,4.1465,0.6,32.8655,27.9325,3.9307,4.5607,4.4613,0.679,0.6762,178739.4297,142858.3385,78758.0496,5262088.8104,4205749.4854
300759.SZ,20241113,31.04,31.38,29.97,30.58,31.41,-0.83,-2.6425,426988.92,1302270.206,30.58,2.9889,5.4215,0.73,34.1382,29.0142,4.0829,4.7373,4.634,0.6537,0.651,178739.4297,142858.3385,78758.0496,5465851.7602,4368607.9913
300759.SZ,20241112,31.4,33.07,31.07,31.41,31.55,-0.14,-0.4437,697253.47,2237794.515,31.41,4.8807,8.8531,1.26,35.0648,29.8017,4.1937,4.8658,4.7598,0.6365,0.6338,178739.4297,142858.3385,78758.0496,5614205.4869,4487180.4123
300759.SZ,20241111,30.1,31.65,29.95,31.55,30.55,1.0,3.2733,540992.97,1668167.979,31.55,3.7869,6.869,1.05,35.2211,29.9345,4.2124,4.8875,4.781,0.6336,0.631,178739.4297,142858.3385,78758.0496,5639229.007,4507180.5797
300759.SZ,20241108,31.48,31.76,30.47,30.55,30.93,-0.38,-1.2286,506140.39,1569217.132,30.55,3.543,6.4265,1.02,34.1047,28.9857,4.0789,4.7326,4.6295,0.6544,0.6517,178739.4297,142858.3385,78758.0496,5460489.5773,4364322.2412
300759.SZ,20241107,29.48,31.0,29.21,30.93,30.24,0.69,2.2817,535956.58,1626741.529,30.93,3.7517,6.8051,1.11,34.5289,29.3462,4.1296,4.7915,4.6871,0.6463,0.6436,178739.4297,142858.3385,78758.0496,5528410.5606,4418608.4098
300759.SZ,20241106,30.38,31.64,29.99,30.24,30.61,-0.37,-1.2088,639028.87,1969460.39,30.24,4.4732,8.1138,1.44,33.7586,28.6916,4.0375,4.6846,4.5825,0.6611,0.6583,178739.4297,142858.3385,78758.0496,5405080.3541,4320036.1562
300759.SZ,20241105,29.68,30.78,29.02,30.61,29.61,1.0,3.3772,553630.26,1666028.645,30.61,3.8754,7.0295,1.21,34.1717,29.0426,4.0869,4.7419,4.6386,0.6531,0.6504,178739.4297,142858.3385,78758.0496,5471213.9431,4372893.7415
300759.SZ,20241104,29.03,30.28,28.91,29.61,28.79,0.82,2.8482,336418.26,998230.802,29.61,2.3549,4.2715,0.64,33.0553,28.0938,3.9534,4.587,4.487,0.6751,0.6723,178739.4297,142858.3385,78758.0496,5292474.5134,4230035.403
300759.SZ,20241101,28.9,29.8,28.23,28.79,29.17,-0.38,-1.3027,410809.88,1190375.75,28.79,2.8756,5.2161,0.69,32.1399,27.3158,3.8439,4.46,4.3628,0.6944,0.6915,178739.4297,142858.3385,78758.0496,5145908.1811,4112891.5654
300759.SZ,20241031,29.35,29.86,28.78,29.17,29.56,-0.39,-1.3194,469537.22,1376570.493,29.17,3.2867,5.9618,0.75,32.5641,27.6764,3.8946,4.5188,4.4204,0.6853,0.6825,178739.4297,142858.3385,78758.0496,5213829.1643,4167177.734
300759.SZ,20241030,29.85,30.9,29.32,29.56,30.01,-0.45,-1.4995,452542.0,1352232.99,29.56,3.1678,5.746,0.68,32.9995,28.0464,3.9467,4.5793,4.4795,0.6763,0.6735,178739.4297,142858.3385,78758.0496,5283537.5419,4222892.4861
300759.SZ,20241029,32.0,32.54,29.89,30.01,31.72,-1.71,-5.3909,612203.39,1892697.98,30.01,4.2854,6.8981,0.92,33.5019,27.8156,4.1221,4.649,4.6634,0.6661,0.6634,178739.4297,142858.3385,88749.0382,5363970.2853,4287178.7384
300759.SZ,20241028,30.5,32.0,29.88,31.72,30.49,1.23,4.0341,680818.35,2119008.88,31.72,4.7657,7.6713,1.02,35.4108,29.4005,4.3569,4.9139,4.9291,0.6302,0.6276,178739.4297,142858.3385,88749.0382,5669614.7101,4531466.4972
300759.SZ,20241025,28.28,30.72,28.23,30.49,28.43,2.06,7.2459,779344.55,2316973.451,30.49,5.4554,8.7814,1.18,34.0377,28.2605,4.188,4.7233,4.738,0.6557,0.6529,178739.4297,142858.3385,88749.0382,5449765.2116,4355750.7409
300759.SZ,20241024,29.36,30.4,28.41,28.43,29.71,-1.28,-4.3083,600611.47,1758678.079,28.43,4.2042,6.7675,0.96,31.738,26.3511,3.905,4.4042,4.4179,0.7032,0.7002,178739.4297,142858.3385,88749.0382,5081561.9864,4061462.5636
300759.SZ,20241023,28.75,30.19,28.21,29.71,28.91,0.8,2.7672,645340.61,1876196.237,29.71,4.5173,7.2715,1.02,33.167,27.5375,4.0808,4.6025,4.6168,0.6729,0.6701,178739.4297,142858.3385,88749.0382,5310348.4564,4244321.2368
300759.SZ,20241022,27.98,29.47,27.72,28.91,28.3,0.61,2.1555,624475.6,1793217.979,28.91,4.3713,7.0364,1.06,32.2739,26.796,3.971,4.4786,4.4924,0.6915,0.6886,178739.4297,142858.3385,88749.0382,5167356.9126,4130034.566
300759.SZ,20241021,27.72,28.8,27.21,28.3,27.55,0.75,2.7223,689578.94,1930640.049,28.3,4.827,7.77,1.25,31.5929,26.2306,3.8872,4.3841,4.3976,0.7064,0.7035,178739.4297,142858.3385,88749.0382,5058325.8605,4042890.9796
300759.SZ,20241018,25.47,28.73,25.35,27.55,25.51,2.04,7.9969,750457.92,2008124.278,27.55,5.2532,8.456,1.41,30.7556,25.5354,3.7842,4.2679,4.2811,0.7256,0.7226,178739.4297,142858.3385,88749.0382,4924271.2882,3935747.2257
300759.SZ,20241017,26.08,26.3,25.48,25.51,26.08,-0.57,-2.1856,428841.11,1109744.256,25.51,3.0019,4.8321,0.78,28.4783,23.6446,3.504,3.9518,3.9641,0.7837,0.7804,178739.4297,142858.3385,88749.0382,4559642.8516,3644316.2151
300759.SZ,20241016,25.6,26.3,25.33,26.08,27.41,-1.33,-4.8522,665903.98,1719263.524,26.08,4.6613,7.5032,1.15,29.1146,24.1729,3.5822,4.0402,4.0527,0.7665,0.7633,178739.4297,142858.3385,88749.0382,4661524.3266,3725745.4681
300759.SZ,20241015,28.48,28.88,27.39,27.41,28.55,-1.14,-3.993,423859.33,1195350.478,27.41,2.967,4.7759,0.59,30.5993,25.4057,3.7649,4.2462,4.2593,0.7293,0.7263,178739.4297,142858.3385,88749.0382,4899247.7681,3915747.0583
300759.SZ,20241014,28.05,28.76,27.18,28.55,28.05,0.5,1.7825,488501.64,1375325.77,28.55,3.4195,5.5043,0.62,31.872,26.4623,3.9215,4.4228,4.4365,0.7002,0.6973,178739.4297,142858.3385,88749.0382,5103010.7179,4078605.5642
300759.SZ,20241011,30.33,31.2,27.36,28.05,31.2,-3.15,-10.0962,654496.78,1882148.706,28.05,4.5814,7.3747,0.83,31.3138,25.9989,3.8528,4.3453,4.3588,0.7127,0.7097,178739.4297,142858.3385,88749.0382,5013641.0031,4007176.3949
300759.SZ,20241010,32.38,33.38,31.16,31.2,31.78,-0.58,-1.825,513225.21,1645440.358,31.2,3.5925,5.7829,0.68,34.8303,28.9185,4.2855,4.8333,4.8483,0.6407,0.6381,178739.4297,142858.3385,88749.0382,5576670.2066,4457180.1612
300759.SZ,20241009,34.36,35.49,31.71,31.78,36.42,-4.64,-12.7403,823038.52,2782286.774,31.78,5.7612,9.2738,1.22,35.4778,29.4561,4.3652,4.9232,4.9384,0.629,0.6264,178739.4297,142858.3385,88749.0382,5680339.0759,4540037.9975
300759.SZ,20241008,36.42,36.42,33.37,36.42,30.35,6.07,20.0,1108624.12,3963488.862,36.42,7.7603,12.4917,2.12,40.6577,33.7568,5.0025,5.642,5.6594,0.5489,0.5466,178739.4297,142858.3385,88749.0382,6509690.0297,5202900.6882
300759.SZ,20240930,27.5,30.36,26.55,30.35,25.3,5.05,19.9605,842362.6,2391477.692,30.35,5.8965,9.4915,1.99,33.8814,28.1307,4.1688,4.7016,4.7162,0.6587,0.6559,178739.4297,142858.3385,88749.0382,5424741.6914,4335750.5735
300759.SZ,20240927,22.7,26.23,22.7,25.3,22.29,3.01,13.5038,654619.39,1587072.479,25.3,4.5823,7.3761,1.98,28.2438,23.45,3.4751,3.9193,3.9315,0.7902,0.7869,178739.4297,142858.3385,88749.0382,4522107.5714,3614315.9641
300759.SZ,20240926,21.3,22.3,20.91,22.29,21.78,0.51,2.3416,354248.42,763943.429,22.29,2.4797,3.9916,1.17,24.8836,20.6601,3.0617,3.453,3.4637,0.8969,0.8931,178739.4297,142858.3385,88749.0382,3984101.888,3184312.3652
300759.SZ,20240925,21.5,22.72,21.39,21.78,21.54,0.24,1.1142,416510.07,910350.61,21.78,2.9155,4.6931,1.68,24.3142,20.1874,2.9916,3.374,3.3845,0.9179,0.914,178739.4297,142858.3385,88749.0382,3892944.7789,3111454.6125
300759.SZ,20240924,21.32,21.67,20.42,21.54,21.35,0.19,0.8899,344282.2,724572.967,21.54,2.41,3.8793,1.66,24.0463,19.9649,2.9586,3.3368,3.3472,0.9281,0.9242,178739.4297,142858.3385,88749.0382,3850047.3157,3077168.6113
300759.SZ,20240923,22.62,22.8,21.12,21.35,21.55,-0.2,-0.9281,348952.67,763478.358,21.35,2.4426,3.9319,2.0,23.8342,19.7888,2.9325,3.3074,3.3177,0.9364,0.9325,178739.4297,142858.3385,88749.0382,3816086.8241,3050025.527
300759.SZ,20240920,21.04,21.6,20.94,21.55,21.21,0.34,1.603,191853.44,408694.962,21.55,1.343,2.1618,1.08,24.0575,19.9742,2.96,3.3384,3.3487,0.9277,0.9238,178739.4297,142858.3385,88749.0382,3851834.71,3078597.1947
300759.SZ,20240919,21.08,21.85,20.71,21.21,20.69,0.52,2.5133,215063.24,457697.956,21.21,1.5054,2.4233,1.23,23.6779,19.6591,2.9133,3.2857,3.2959,0.9425,0.9386,178739.4297,142858.3385,88749.0382,3791063.3039,3030025.3596
300759.SZ,20240918,20.7,20.84,20.24,20.69,20.79,-0.1,-0.481,142390.24,292757.471,20.69,0.9967,1.6044,0.73,23.0974,19.1771,2.8419,3.2052,3.2151,0.9662,0.9622,178739.4297,142858.3385,88749.0382,3698118.8005,2955739.0236
300759.SZ,20240913,20.67,21.09,20.65,20.79,20.71,0.08,0.3863,139658.93,291776.096,20.79,0.9776,1.5736,0.76,23.2091,19.2698,2.8556,3.2207,3.2306,0.9616,0.9576,178739.4297,142858.3385,88749.0382,3715992.7435,2970024.8574
300759.SZ,20240912,20.62,21.44,20.57,20.71,20.77,-0.06,-0.2889,183640.66,385342.806,20.71,1.2855,2.0692,1.09,23.1197,19.1956,2.8446,3.2083,3.2182,0.9653,0.9613,178739.4297,142858.3385,88749.0382,3701693.5891,2958596.1903
300759.SZ,20240911,20.17,20.94,19.85,20.77,19.99,0.78,3.902,208615.33,429443.574,20.77,1.4603,2.3506,1.37,23.1867,19.2512,2.8529,3.2176,3.2275,0.9625,0.9585,178739.4297,142858.3385,88749.0382,3712417.9549,2967167.6906
300759.SZ,20240910,19.91,20.17,19.37,19.99,20.16,-0.17,-0.8433,199861.22,395372.743,19.99,1.399,2.252,1.49,22.316,18.5283,2.7457,3.0967,3.1063,1.0001,0.9959,178739.4297,142858.3385,88749.0382,3573001.1997,2855738.1866
300759.SZ,20240909,19.25,20.51,19.15,20.16,19.37,0.79,4.0785,243496.16,486843.848,20.16,1.7045,2.7436,2.2,22.5058,18.6858,2.7691,3.1231,3.1327,0.9916,0.9875,178739.4297,142858.3385,88749.0382,3603386.9028,2880024.1042
300759.SZ,20240906,19.81,19.86,19.27,19.37,19.8,-0.43,-2.1717,84017.28,163593.636,19.37,0.5881,0.9467,0.65,21.6238,17.9536,2.6606,3.0007,3.01,1.0321,1.0278,178739.4297,142858.3385,88749.0382,3462182.7533,2767166.0167
300759.SZ,20240905,19.73,20.08,19.7,19.8,19.72,0.08,0.4057,106769.28,211756.795,19.8,0.7474,1.203,0.77,22.1039,18.3522,2.7196,3.0673,3.0768,1.0097,1.0055,178739.4297,142858.3385,88749.0382,3539040.7081,2828595.1023
300759.SZ,20240904,19.51,20.08,19.41,19.72,19.56,0.16,0.818,124540.23,246196.981,19.72,0.8718,1.4033,0.78,22.0146,18.278,2.7087,3.0549,3.0644,1.0137,1.0095,178739.4297,142858.3385,88749.0382,3524741.5537,2817166.4352
300759.SZ,20240903,19.5,20.06,19.4,19.56,19.5,0.06,0.3077,112061.25,220970.364,19.56,0.7844,1.2627,0.71,21.8359,18.1297,2.6867,3.0301,3.0395,1.022,1.0178,178739.4297,142858.3385,88749.0382,3496143.2449,2794309.1011
300759.SZ,20240902,19.97,20.08,19.5,19.5,19.99,-0.49,-2.4512,126780.04,250114.241,19.5,0.8875,1.4285,0.83,21.769,18.0741,2.6784,3.0208,3.0302,1.0252,1.0209,178739.4297,142858.3385,88749.0382,3485418.8792,2785737.6008
300759.SZ,20240830,19.84,20.3,19.62,19.99,19.84,0.15,0.756,178372.8,357743.815,19.99,1.2486,2.0099,1.35,22.316,18.5283,2.7457,3.0967,3.1063,1.0001,0.9959,178739.4297,142858.3385,88749.0382,3573001.1997,2855738.1866
300759.SZ,20240829,19.63,20.05,19.59,19.84,19.68,0.16,0.813,151425.35,300701.396,19.84,1.06,1.7062,1.09,22.1485,18.3892,2.7251,3.0735,3.083,1.0076,1.0034,178739.4297,142858.3385,88749.0382,3546190.2852,2834309.4358
300759.SZ,20240828,19.38,20.1,19.02,19.68,18.66,1.02,5.4662,229956.68,450464.576,19.68,1.6097,2.5911,2.09,21.9699,18.2409,2.7032,3.0487,3.0582,1.0158,1.0116,178739.4297,142858.3385,88749.0382,3517591.9765,2811452.1017
300759.SZ,20240827,18.88,18.93,18.42,18.66,18.96,-0.3,-1.5823,98677.69,183996.484,18.66,0.6907,1.1119,0.88,20.8312,22.484,2.7309,2.8907,2.9041,1.0713,1.0669,178739.4297,142858.3385,88749.0382,3335277.7582,2665736.5964
300759.SZ,20240826,18.88,19.28,18.64,18.96,18.74,0.22,1.174,103807.7,196888.642,18.96,0.7266,1.1697,0.93,21.1661,22.8455,2.7748,2.9372,2.9508,1.0544,1.05,178739.4297,142858.3385,88749.0382,3388899.5871,2708594.098
300759.SZ,20240823,18.88,18.98,18.62,18.74,18.88,-0.14,-0.7415,79053.73,148258.129,18.74,0.5534,0.8908,0.67,20.9205,22.5804,2.7426,2.9031,2.9165,1.0668,1.0623,178739.4297,142858.3385,88749.0382,3349576.9126,2677165.2635
300759.SZ,20240822,19.68,19.8,18.81,18.88,19.68,-0.8,-4.065,184278.12,352191.793,18.88,1.2899,2.0764,1.75,21.0768,22.7491,2.7631,2.9248,2.9383,1.0589,1.0544,178739.4297,142858.3385,88749.0382,3374600.4327,2697165.4309
300759.SZ,20240821,19.86,20.05,19.62,19.68,19.95,-0.27,-1.3534,84696.33,167799.274,19.68,0.5929,0.9543,0.77,21.9699,23.7131,2.8802,3.0487,3.0628,1.0158,1.0116,178739.4297,142858.3385,88749.0382,3517591.9765,2811452.1017
300759.SZ,20240820,20.51,20.51,19.87,19.95,20.51,-0.56,-2.7304,111006.94,222965.8,19.95,0.777,1.2508,1.05,22.2713,24.0384,2.9197,3.0905,3.1049,1.0021,0.9979,178739.4297,142858.3385,88749.0382,3565851.6225,2850023.8531
300759.SZ,20240819,20.66,20.85,20.3,20.51,20.75,-0.24,-1.1566,100868.06,207155.722,20.51,0.7061,1.1366,0.95,22.8965,24.7132,3.0017,3.1773,3.192,0.9747,0.9706,178739.4297,142858.3385,88749.0382,3665945.7031,2930024.5226
300759.SZ,20240816,20.49,20.93,20.15,20.75,20.53,0.22,1.0716,111945.63,230759.882,20.75,0.7836,1.2614,1.01,23.1644,25.0023,3.0368,3.2145,3.2294,0.9634,0.9594,178739.4297,142858.3385,88749.0382,3708843.1663,2964310.5239
300759.SZ,20240815,20.35,20.74,20.18,20.53,20.39,0.14,0.6866,119426.64,244714.33,20.53,0.836,1.3457,1.04,22.9188,24.7373,3.0046,3.1804,3.1951,0.9738,0.9697,178739.4297,142858.3385,88749.0382,3669520.4917,2932881.6894
300759.SZ,20240814,20.82,20.88,20.22,20.39,20.91,-0.52,-2.4868,108702.49,222187.808,20.39,0.7609,1.2248,0.9,22.7625,24.5686,2.9841,3.1587,3.1733,0.9804,0.9764,178739.4297,142858.3385,88749.0382,3644496.9716,2912881.522
300759.SZ,20240813,20.69,20.91,20.48,20.91,20.77,0.14,0.674,89164.71,184426.915,20.91,0.6241,1.0047,0.65,23.343,25.1951,3.0602,3.2392,3.2543,0.9561,0.9521,178739.4297,142858.3385,88749.0382,3737441.475,2987167.858
300759.SZ,20240812,20.91,21.2,20.7,20.77,20.91,-0.14,-0.6695,101327.0,211921.514,20.77,0.7093,1.1417,0.67,23.1867,25.0264,3.0397,3.2176,3.2325,0.9625,0.9585,178739.4297,142858.3385,88749.0382,3712417.9549,2967167.6906
300759.SZ,20240809,21.48,21.63,20.82,20.91,21.35,-0.44,-2.0609,138240.52,291398.112,20.91,0.9677,1.5577,0.79,23.343,25.1951,3.0602,3.2392,3.2543,0.9561,0.9521,178739.4297,142858.3385,88749.0382,3737441.475,2987167.858
300759.SZ,20240808,21.59,21.86,21.3,21.35,21.7,-0.35,-1.6129,139280.43,300036.528,21.35,0.975,1.5694,0.8,23.8342,25.7253,3.1246,3.3074,3.3227,0.9364,0.9325,178739.4297,142858.3385,88749.0382,3816086.8241,3050025.527
300759.SZ,20240807,22.1,22.27,21.66,21.7,22.28,-0.58,-2.6032,138820.33,302761.775,21.7,0.9717,1.5642,0.71,24.2249,26.147,3.1759,3.3616,3.3772,0.9212,0.9174,178739.4297,142858.3385,88749.0382,3878645.6245,3100025.9455
300759.SZ,20240806,21.99,22.46,21.82,22.28,21.93,0.35,1.596,169512.51,375886.581,22.28,1.1866,1.91,0.84,24.8724,26.8459,3.2607,3.4515,3.4675,0.8973,0.8935,178739.4297,142858.3385,88749.0382,3982314.4937,3182883.7818
300759.SZ,20240805,22.37,22.64,21.8,21.93,22.15,-0.22,-0.9932,174876.49,388057.716,21.93,1.2241,1.9705,0.93,24.4817,26.4242,3.2095,3.3973,3.413,0.9116,0.9078,178739.4297,142858.3385,88749.0382,3919755.6933,3132883.3633
300759.SZ,20240802,21.98,22.99,21.95,22.15,22.06,0.09,0.408,256075.66,577549.482,22.15,1.7925,2.8854,1.55,24.7273,26.6892,3.2417,3.4313,3.4472,0.9025,0.8988,178739.4297,142858.3385,88749.0382,3959078.3679,3164312.1978
300759.SZ,20240801,22.07,22.3,21.88,22.06,22.12,-0.06,-0.2712,129736.75,285725.109,22.06,0.9081,1.4618,0.76,24.6268,26.5808,3.2285,3.4174,3.4332,0.9062,0.9024,178739.4297,142858.3385,88749.0382,3942991.8192,3151454.9473
300759.SZ,20240731,21.18,22.19,21.09,22.12,21.28,0.84,3.9474,242728.28,529512.157,22.12,1.6991,2.735,1.47,24.6938,26.6531,3.2373,3.4267,3.4426,0.9038,0.9,178739.4297,142858.3385,88749.0382,3953716.185,3160026.4476
300759.SZ,20240730,20.81,21.66,20.81,21.28,20.7,0.58,2.8019,210945.96,451371.737,21.28,1.4766,2.3769,1.24,23.7561,25.641,3.1144,3.2966,3.3118,0.9394,0.9355,178739.4297,142858.3385,88749.0382,3803575.064,3040025.4433
300759.SZ,20240729,20.6,20.96,20.51,20.7,20.7,0.0,0.0,100903.48,208924.204,20.7,0.7063,1.137,0.47,23.1086,24.9421,3.0295,3.2067,3.2216,0.9658,0.9617,178739.4297,142858.3385,88749.0382,3699906.1948,2957167.607
300759.SZ,20240726,20.84,21.03,20.51,20.7,20.84,-0.14,-0.6718,140013.5,289983.031,20.7,0.9801,1.5776,0.66,23.1086,24.9421,3.0295,3.2067,3.2216,0.9658,1.9275,178739.4297,142858.3385,88749.0382,3699906.1948,2957167.607
300759.SZ,20240725,20.6,21.22,20.5,20.84,20.65,0.19,0.9201,162477.05,339569.063,20.84,1.1373,1.8307,0.77,23.2649,25.1108,3.05,3.2284,3.2434,0.9593,1.9145,178739.4297,142858.3385,88749.0382,3724929.7149,2977167.7743
300759.SZ,20240724,20.89,21.72,20.58,20.65,21.04,-0.39,-1.8536,209647.64,442169.075,20.65,1.4675,2.3623,1.0,23.0528,24.8818,3.0222,3.199,3.2138,0.9681,1.9322,178739.4297,142858.3385,88749.0382,3690969.2233,2950024.69
300759.SZ,20240723,20.98,21.48,20.83,21.04,21.19,-0.15,-0.7079,234322.93,496246.855,21.04,1.6402,2.6403,1.32,23.4881,25.3518,3.0793,3.2594,3.2745,0.9501,1.8963,178739.4297,142858.3385,88749.0382,3760677.6009,3005739.442
300759.SZ,20240722,20.33,21.47,20.0,21.19,20.01,1.18,5.8971,315697.37,661913.059,21.19,2.2099,3.5572,2.36,23.6556,25.5325,3.1012,3.2826,3.2978,0.9434,1.8829,178739.4297,142858.3385,88749.0382,3787488.5153,3027168.1928
300759.SZ,20240719,20.02,20.36,19.83,20.01,20.15,-0.14,-0.6948,143797.33,288573.894,20.01,1.0066,1.6203,1.06,22.3383,24.1107,2.9285,3.0998,3.1142,0.9991,1.994,178739.4297,142858.3385,88749.0382,3576575.9883,2858595.3534
300759.SZ,20240718,19.99,20.24,19.83,20.15,20.1,0.05,0.2488,154339.89,309298.02,20.15,1.0804,1.7391,1.09,22.4946,24.2794,2.949,3.1215,3.136,0.9921,1.9801,178739.4297,142858.3385,88749.0382,3601599.5085,2878595.5208
300759.SZ,20240717,19.38,20.31,19.35,20.1,19.44,0.66,3.3951,196463.53,393115.597,20.1,1.3752,2.2137,1.65,22.4388,24.2191,2.9417,3.1138,3.1282,0.9946,1.985,178739.4297,142858.3385,88749.0382,3592662.537,2871452.6039
300759.SZ,20240716,19.23,19.49,19.2,19.44,19.23,0.21,1.092,76460.15,147935.424,19.44,0.5352,0.8615,0.59,21.702,23.4239,2.8451,3.0115,3.0255,1.0283,2.0524,178739.4297,142858.3385,88749.0382,3474694.5134,2777166.1004
300759.SZ,20240715,19.53,19.78,19.17,19.23,19.71,-0.48,-2.4353,98664.93,191040.206,19.23,0.6906,1.1117,0.77,21.4675,23.1708,2.8144,2.979,2.9928,1.0396,2.0748,178739.4297,142858.3385,88749.0382,3437159.2331,2747165.8494
300759.SZ,20240712,19.86,20.19,19.7,19.71,19.78,-0.07,-0.3539,152476.67,303149.271,19.71,1.0673,1.7181,1.18,22.0034,23.7492,2.8846,3.0534,3.0675,1.0143,2.0243,178739.4297,142858.3385,88749.0382,3522954.1594,2815737.8518
300759.SZ,20240711,19.19,19.88,18.9,19.78,18.7,1.08,5.7754,186024.23,364054.451,19.78,1.3022,2.0961,1.59,22.0815,23.8336,2.8949,3.0642,3.0784,1.0107,2.0171,178739.4297,142858.3385,88749.0382,3535465.9195,2825737.9355
300759.SZ,20240710,18.58,18.96,18.49,18.7,18.7,0.0,0.0,83395.41,156386.852,18.7,0.5838,0.9397,0.71,20.8759,22.5322,2.7368,2.8969,2.9103,1.069,2.1336,178739.4297,142858.3385,88749.0382,3342427.3354,2671450.93
300759.SZ,20240709,18.46,18.73,17.96,18.7,18.55,0.15,0.8086,128504.11,235840.272,18.7,0.8995,1.4479,1.22,20.8759,22.5322,2.7368,2.8969,2.9103,1.069,2.1336,178739.4297,142858.3385,88749.0382,3342427.3354,2671450.93
300759.SZ,20240708,18.91,18.94,18.43,18.55,18.92,-0.37,-1.9556,86710.0,161340.74,18.55,0.607,0.977,0.85,20.7084,22.3515,2.7148,2.8737,2.887,1.0777,2.1509,178739.4297,142858.3385,88749.0382,3315616.4209,2650022.1792
300759.SZ,20240705,18.0,19.08,17.7,18.92,18.08,0.84,4.646,158856.48,294606.778,18.92,1.112,1.79,1.71,21.1215,22.7973,2.769,2.931,2.9446,1.0566,2.1088,178739.4297,142858.3385,88749.0382,3381750.0099,2702879.7644
300759.SZ,20240704,18.6,18.75,17.88,18.08,18.66,-0.58,-3.1083,126361.31,229383.434,18.08,0.8845,1.4238,1.47,20.1837,21.7852,2.6461,2.8008,2.8138,1.1057,2.2068,178739.4297,142858.3385,88749.0382,3231608.889,2582878.7601
300759.SZ,20240703,18.49,18.93,18.28,18.66,18.51,0.15,0.8104,82876.18,153975.032,18.66,0.5801,0.9338,0.97,20.8312,22.484,2.7309,2.8907,2.9041,1.0713,2.1382,178739.4297,142858.3385,88749.0382,3335277.7582,2665736.5964
300759.SZ,20240702,18.69,18.79,18.37,18.51,18.57,-0.06,-0.3231,71447.5,132580.882,18.51,0.5001,0.8051,0.79,20.6638,22.3033,2.709,2.8675,2.8807,1.08,2.1555,178739.4297,142858.3385,88749.0382,3308466.8437,2644307.8456
300759.SZ,20240701,18.46,18.64,18.13,18.57,18.58,-0.01,-0.0538,69171.24,127311.996,18.57,0.4842,0.7794,0.75,20.7307,22.3756,2.7178,2.8767,2.8901,1.0765,2.1486,178739.4297,142858.3385,88749.0382,3319191.2095,2652879.3459
300759.SZ,20240628,18.5,18.9,18.3,18.58,18.44,0.14,0.7592,115143.16,214138.309,18.58,0.806,1.2974,1.26,20.7419,22.3876,2.7192,2.8783,2.8916,1.0759,2.1474,178739.4297,142858.3385,88749.0382,3320978.6038,2654307.9293
300759.SZ,20240627,19.02,19.07,18.4,18.44,19.1,-0.66,-3.4555,92057.83,171907.282,18.44,0.6444,1.0373,0.91,20.5856,22.2189,2.6987,2.8566,2.8698,1.0841,2.1637,178739.4297,142858.3385,88749.0382,3295955.0837,2634307.7619
300759.SZ,20240626,18.77,19.32,18.77,19.3,18.77,0.53,2.8237,80983.19,154486.133,19.3,0.5669,0.9125,0.79,21.5457,23.2552,2.7446,2.9898,3.0037,1.0358,1.0358,178739.4297,142858.3385,88749.0382,3449670.9932,2757165.9331
300759.SZ,20240625,19.14,19.38,18.68,18.77,19.21,-0.44,-2.2905,92853.71,176118.902,18.77,0.65,1.0463,0.77,20.954,22.6166,2.6692,2.9077,2.9212,1.0651,1.0651,178739.4297,142858.3385,88749.0382,3354939.0955,2681451.0136
300759.SZ,20240624,19.51,19.68,19.15,19.21,19.73,-0.52,-2.6356,82979.49,161066.31,19.21,0.5809,0.935,0.63,21.4452,23.1467,2.7318,2.9759,2.9897,1.0407,1.0407,178739.4297,142858.3385,88749.0382,3433584.4445,2744308.6826
300759.SZ,20240621,19.32,19.86,19.16,19.73,19.48,0.25,1.2834,107188.39,209436.007,19.73,0.7503,1.2078,0.7,22.0257,23.7733,2.8057,3.0564,3.0706,1.0132,1.0132,178739.4297,142858.3385,88749.0382,3526528.948,2818595.0186
300759.SZ,20240620,19.6,20.17,19.4,19.48,19.66,-0.18,-0.9156,144256.99,284607.037,19.48,1.0098,1.6254,0.89,21.7466,23.4721,2.7702,3.0177,3.0317,1.0262,1.0262,178739.4297,142858.3385,88749.0382,3481844.0906,2782880.434
300759.SZ,20240619,19.89,20.04,19.66,19.66,19.96,-0.3,-1.503,84820.66,167825.245,19.66,0.5937,0.9557,0.4,21.9476,23.689,2.7958,3.0456,3.0597,1.0168,1.0168,178739.4297,142858.3385,88749.0382,3514017.1879,2808594.9349
300759.SZ,20240618,20.26,20.35,19.5,19.96,20.49,-0.53,-2.5866,183146.7,366409.735,19.96,1.282,2.0636,0.95,22.2825,24.0504,2.8384,3.0921,3.1064,1.0016,1.0016,178739.4297,142858.3385,88749.0382,3567639.0168,2851452.4365
300759.SZ,20240617,19.89,20.52,19.78,20.49,20.13,0.36,1.7884,140739.63,284030.458,20.49,0.9852,1.5858,0.76,22.8741,24.6891,2.9138,3.1742,3.1889,0.9757,0.9757,178739.4297,142858.3385,88749.0382,3662370.9146,2927167.3559
300759.SZ,20240614,20.68,20.83,19.78,20.13,20.75,-0.62,-2.988,213997.33,430490.532,20.13,1.498,2.4113,1.23,22.4723,24.2553,2.8626,3.1184,3.1329,0.9931,0.9931,178739.4297,142858.3385,88749.0382,3598024.7199,2875738.354
300759.SZ,20240613,20.99,21.07,20.6,20.75,20.99,-0.24,-1.1434,187752.07,389954.711,20.75,1.3143,2.1155,1.08,23.1644,25.0023,2.9508,3.2145,3.2294,0.9634,0.9634,178739.4297,142858.3385,88749.0382,3708843.1663,2964310.5239
300759.SZ,20240612,19.75,21.5,19.72,20.99,19.86,1.13,5.6898,330496.9,688411.003,20.99,2.3135,3.7239,2.27,23.4323,25.2915,2.9849,3.2516,3.2667,0.9524,0.9524,178739.4297,142858.3385,88749.0382,3751740.6294,2998596.5251
300759.SZ,20240611,19.4,19.91,19.27,19.86,19.55,0.31,1.5857,88742.17,174368.611,19.86,0.6212,0.9999,0.42,22.1708,23.9299,2.8242,3.0766,3.0908,1.0066,1.0066,178739.4297,142858.3385,88749.0382,3549765.0738,2837166.6026
300759.SZ,20240607,19.79,19.96,19.4,19.55,19.7,-0.15,-0.7614,105841.17,207561.816,19.55,0.7409,1.1926,0.49,21.8248,23.5564,2.7801,3.0286,3.0426,1.0226,1.0226,178739.4297,142858.3385,88749.0382,3494355.8506,2792880.5177
300759.SZ,20240606,19.91,20.0,19.63,19.7,19.79,-0.09,-0.4548,157668.58,312152.641,19.7,1.1037,1.7766,0.74,21.9922,23.7372,2.8015,3.0518,3.0659,1.0148,1.0148,178739.4297,142858.3385,88749.0382,3521166.7651,2814309.2685
300759.SZ,20240605,19.41,20.04,19.31,19.79,19.6,0.19,0.9694,189177.72,374458.811,19.79,1.3242,2.1316,0.94,22.0927,23.8456,2.8143,3.0657,3.08,1.0102,1.0102,178739.4297,142858.3385,88749.0382,3537253.3138,2827166.5189
300759.SZ,20240604,19.2,19.7,19.07,19.6,19.25,0.35,1.8182,186374.27,361405.663,19.6,1.3046,2.1,0.99,21.8806,23.6167,2.7872,3.0363,3.0504,1.02,1.02,178739.4297,142858.3385,88749.0382,3503292.8221,2800023.4346
300759.SZ,20240603,20.38,20.53,19.02,19.25,20.64,-1.39,-6.7345,418163.81,813604.346,19.25,2.9271,4.7118,2.96,21.4899,23.1949,2.7375,2.9821,2.9959,1.0385,1.0385,178739.4297,142858.3385,88749.0382,3440734.0217,2750023.0161
300759.SZ,20240531,21.05,21.31,20.62,20.64,20.88,-0.24,-1.1494,135157.31,283118.122,20.64,0.9461,1.5229,1.0,23.0416,24.8698,2.9351,3.1974,3.2122,0.9686,0.9686,178739.4297,142858.3385,88749.0382,3689181.829,2948596.1066
300759.SZ,20240530,20.7,20.96,20.45,20.88,20.9,-0.02,-0.0957,137368.75,284228.427,20.88,0.9616,1.5478,1.0,23.3095,25.159,2.9693,3.2346,3.2496,0.9574,0.9574,178739.4297,142858.3385,88749.0382,3732079.2921,2982882.1079
300759.SZ,20240529,20.62,21.05,20.46,20.9,20.7,0.2,0.9662,128460.46,266128.511,20.9,0.8992,1.4475,0.88,23.3319,25.1831,2.9721,3.2377,3.2527,0.9565,0.9565,178739.4297,142858.3385,88749.0382,3735654.0807,2985739.2747
300759.SZ,20240528,20.93,21.32,20.66,20.7,21.02,-0.32,-1.5224,118848.75,249012.266,20.7,0.8319,1.3392,0.78,23.1086,24.9421,2.9437,3.2067,3.2216,0.9658,0.9658,178739.4297,142858.3385,88749.0382,3699906.1948,2957167.607
300759.SZ,20240527,21.06,21.2,20.42,21.02,21.1,-0.08,-0.3791,185663.95,385628.367,21.02,1.2996,2.092,1.2,23.4658,25.3277,2.9892,3.2563,3.2714,0.9511,0.9511,178739.4297,142858.3385,88749.0382,3757102.8123,3002882.2753
300759.SZ,20240524,21.55,21.61,21.05,21.1,21.37,-0.27,-1.2635,108107.5,229660.797,21.1,0.7567,1.2181,0.62,23.5551,25.4241,3.0005,3.2687,3.2838,0.9474,0.9474,178739.4297,142858.3385,88749.0382,3771401.9667,3014310.9424
300759.SZ,20240523,21.98,22.0,21.29,21.37,22.08,-0.71,-3.2156,146073.43,315101.585,21.37,1.0225,1.6459,0.75,23.8565,25.7494,3.0389,3.3105,3.3259,0.9355,0.9355,178739.4297,142858.3385,88749.0382,3819661.6127,3052882.6937
300759.SZ,20240522,21.85,22.26,21.56,22.08,21.82,0.26,1.1916,168628.68,368997.492,22.08,1.1804,1.9001,0.76,24.6492,26.6049,3.1399,3.4205,3.4363,0.9054,0.9054,178739.4297,142858.3385,88749.0382,3946566.6078,3154312.1141
300759.SZ,20240521,22.21,22.31,21.67,21.82,22.13,-0.31,-1.4008,154909.32,339572.514,21.82,1.0844,1.7455,0.58,24.3589,26.2916,3.1029,3.3802,3.3959,0.9162,0.9162,178739.4297,142858.3385,88749.0382,3900094.3561,3117168.9461
300759.SZ,20240520,22.29,22.76,21.96,22.13,22.22,-0.09,-0.405,194312.99,432808.889,22.13,1.3602,2.1895,0.56,24.705,26.6651,3.147,3.4282,3.4441,0.9033,0.9033,178739.4297,142858.3385,88749.0382,3955503.5793,3161455.031
300759.SZ,20240517,22.08,22.48,21.78,22.22,22.21,0.01,0.045,206466.08,455003.815,22.22,1.4453,2.3264,0.48,24.8054,26.7736,3.1598,3.4422,3.4581,0.8997,0.8997,178739.4297,142858.3385,88749.0382,3971590.1279,3174312.2815
300759.SZ,20240516,22.15,22.67,21.63,22.21,22.24,-0.03,-0.1349,253336.11,563541.276,22.21,1.7733,2.8545,0.55,24.7943,26.7615,3.1584,3.4406,3.4566,0.9001,0.9001,178739.4297,142858.3385,88749.0382,3969802.7336,3172883.6981
300759.SZ,20240515,22.06,22.76,21.65,22.24,22.46,-0.22,-0.9795,307309.43,677877.318,22.24,2.1511,3.4627,0.7,24.8278,26.7977,3.1627,3.4453,3.4613,0.8989,0.8989,178739.4297,142858.3385,88749.0382,3975164.9165,3177169.4482
300759.SZ,20240514,22.21,23.15,22.0,22.46,22.21,0.25,1.1256,364772.29,828717.354,22.46,2.5534,4.1102,0.91,25.0734,27.0628,3.1939,3.4794,3.4955,0.8901,0.8901,178739.4297,142858.3385,88749.0382,4014487.5911,3208598.2827
300759.SZ,20240513,23.72,23.75,22.02,22.21,21.71,0.5,2.3031,609098.53,1385307.732,22.21,4.2637,6.8632,1.8,24.7943,26.7615,3.1584,3.4406,3.4566,0.9001,0.9001,178739.4297,142858.3385,88749.0382,3969802.7336,3172883.6981
300759.SZ,20240510,20.81,21.88,20.8,21.71,20.9,0.81,3.8756,608784.43,1305545.076,21.71,4.2615,6.8596,2.39,24.2361,26.1591,3.0873,3.3632,3.3788,0.9208,0.9208,178739.4297,142858.3385,88749.0382,3880433.0188,3101454.5288
300759.SZ,20240509,19.92,21.31,19.91,20.9,19.96,0.94,4.7094,397130.98,817045.508,20.9,2.7799,4.4748,1.61,23.3319,25.1831,2.9721,3.2377,3.2527,0.9565,0.9565,178739.4297,142858.3385,88749.0382,3735654.0807,2985739.2747
300759.SZ,20240508,20.22,20.47,19.82,19.96,20.33,-0.37,-1.82,211416.05,423903.732,19.96,1.4799,2.3822,0.77,22.2825,24.0504,2.8384,3.0921,3.1064,1.0016,1.0016,178739.4297,142858.3385,88749.0382,3567639.0168,2851452.4365
300759.SZ,20240507,20.39,20.53,20.16,20.33,20.42,-0.09,-0.4407,187189.24,380761.368,20.33,1.3103,2.1092,0.67,22.6955,24.4963,2.891,3.1494,3.164,0.9833,0.9833,178739.4297,142858.3385,88749.0382,3633772.6058,2904310.0217
300759.SZ,20240506,20.08,20.75,19.96,20.42,19.75,0.67,3.3924,291877.28,596121.152,20.42,2.0431,3.2888,1.14,22.796,24.6047,2.9038,3.1633,3.178,0.979,0.979,178739.4297,142858.3385,88749.0382,3649859.1545,2917167.2722
300759.SZ,20240430,19.92,20.0,19.63,19.75,19.95,-0.2,-1.0025,185903.33,367795.988,19.75,1.3013,2.3407,0.7,22.048,23.7974,2.8086,3.0595,3.0737,1.0122,1.0122,178739.4297,142858.3385,79423.7951,3530103.7366,2821452.1854
300759.SZ,20240429,19.1,20.24,19.08,19.95,19.16,0.79,4.1232,357457.05,706204.699,19.95,2.5022,4.5006,1.55,22.2713,24.0384,2.837,3.0905,3.1049,1.0021,1.0021,178739.4297,142858.3385,79423.7951,3565851.6225,2850023.8531
300759.SZ,20240426,18.0,19.16,17.95,19.16,18.24,0.92,5.0439,353730.6,665448.961,19.16,2.4761,4.4427,1.72,21.3894,23.0865,2.7247,2.9681,2.9819,1.0434,1.0434,178739.4297,142858.3385,79621.2293,3424647.4731,2737165.7657
300759.SZ,20240425,18.01,18.55,17.96,18.24,18.17,0.07,0.3853,204120.81,373082.758,18.24,1.4288,2.5636,0.92,20.3623,20.3623,2.6381,2.8256,2.8256,1.096,1.096,178739.4297,142858.3385,79621.2293,3260207.1977,2605736.0942
300759.SZ,20240424,18.3,18.36,17.92,18.17,18.46,-0.29,-1.571,182662.84,331732.481,18.17,1.2786,2.2941,0.72,20.2842,20.2842,2.628,2.8148,2.8148,1.1002,1.1002,178739.4297,142858.3385,79621.2293,3247695.4376,2595736.0105
300759.SZ,20240423,18.21,18.64,17.88,18.46,18.17,0.29,1.596,239037.9,437283.004,18.46,1.6733,3.0022,0.94,20.6079,20.6079,2.6699,2.8597,2.8597,1.0829,1.0829,178739.4297,142858.3385,79621.2293,3299529.8723,2637164.9287
300759.SZ,20240422,18.13,18.58,17.92,18.17,18.18,-0.01,-0.055,173657.67,316564.971,18.17,1.2156,2.181,0.65,20.2842,20.2842,2.628,2.8148,2.8148,1.1002,1.1002,178739.4297,142858.3385,79621.2293,3247695.4376,2595736.0105
300759.SZ,20240419,18.55,18.74,18.14,18.18,18.87,-0.69,-3.6566,230277.07,422498.58,18.18,1.6119,2.8922,0.91,20.2954,20.2954,2.6294,2.8163,2.8163,1.0996,1.0996,178739.4297,142858.3385,79621.2293,3249482.8319,2597164.5939
300759.SZ,20240418,18.83,19.32,18.5,18.87,19.0,-0.13,-0.6842,283551.88,538319.342,18.87,1.9848,3.5613,1.2,21.0657,21.0657,2.7292,2.9232,2.9232,1.0594,1.0594,178739.4297,142858.3385,79621.2293,3372813.0384,2695736.8475
300759.SZ,20240417,18.38,19.08,18.31,19.0,18.24,0.76,4.1667,336599.86,629720.35,19.0,2.3562,4.2275,1.64,21.2108,21.2108,2.748,2.9434,2.9434,1.0522,1.0522,178739.4297,142858.3385,79621.2293,3396049.1643,2714308.4315
300759.SZ,20240416,19.0,19.22,18.2,18.24,19.02,-0.78,-4.1009,249273.95,464365.968,18.24,1.7449,3.1307,1.2,20.3623,20.3623,2.6381,2.8256,2.8256,1.096,1.096,178739.4297,142858.3385,79621.2293,3260207.1977,2605736.0942
300759.SZ,20240415,19.0,19.35,18.66,19.02,19.1,-0.08,-0.4188,228459.95,433925.742,19.02,1.5992,2.8693,1.05,21.2331,21.2331,2.7509,2.9465,2.9465,1.0511,1.0511,178739.4297,142858.3385,79621.2293,3399623.9529,2717165.5983
300759.SZ,20240412,19.48,19.73,19.05,19.1,19.38,-0.28,-1.4448,171229.83,330626.2,19.1,1.1986,2.1506,0.76,21.3224,21.3224,2.7625,2.9589,2.9589,1.0467,1.0467,178739.4297,142858.3385,79621.2293,3413923.1073,2728594.2654
300759.SZ,20240411,19.57,19.85,19.36,19.38,19.83,-0.45,-2.2693,194960.59,380787.266,19.38,1.3647,2.4486,0.83,21.635,21.635,2.803,3.0022,3.0022,1.0315,1.0315,178739.4297,142858.3385,79621.2293,3463970.1476,2768594.6001
300759.SZ,20240410,20.2,20.39,19.74,19.83,20.37,-0.54,-2.651,183837.09,367558.475,19.83,1.2868,2.3089,0.72,22.1374,22.1374,2.868,3.0719,3.0719,1.0081,1.0081,178739.4297,142858.3385,79621.2293,3544402.891,2832880.8525
300759.SZ,20240409,19.62,20.39,19.41,20.37,19.66,0.71,3.6114,257492.39,514360.496,20.37,1.8024,3.234,1.03,22.7402,22.7402,2.9461,3.1556,3.1556,0.9814,0.9814,178739.4297,142858.3385,79621.2293,3640922.183,2910024.3552
300759.SZ,20240408,19.29,19.99,19.12,19.66,20.39,-0.73,-3.5802,283243.09,558681.593,19.66,1.9827,3.5574,1.17,21.9476,21.9476,2.8435,3.0456,3.0456,1.0168,1.0168,178739.4297,142858.3385,79621.2293,3514017.1879,2808594.9349
300759.SZ,20240403,20.45,20.83,20.33,20.39,20.57,-0.18,-0.8751,203479.17,417594.843,20.39,1.4243,2.5556,0.79,22.7625,22.7625,2.949,3.1587,3.1587,0.9804,0.9804,178739.4297,142858.3385,79621.2293,3644496.9716,2912881.522
300759.SZ,20240402,20.99,20.99,20.37,20.57,21.01,-0.44,-2.0942,242729.22,498854.991,20.57,1.6991,3.0485,0.94,22.9635,22.9635,2.9751,3.1866,3.1866,0.9719,0.9719,178739.4297,142858.3385,79621.2293,3676670.0689,2938596.0229
300759.SZ,20240401,20.46,21.02,20.42,21.01,20.37,0.64,3.1419,296995.08,615180.147,21.01,2.0789,3.7301,1.1,23.4547,23.4547,3.0387,3.2547,3.2547,0.9515,0.9515,178739.4297,142858.3385,79621.2293,3755315.418,3001453.6919
300759.SZ,20240329,20.35,20.55,19.88,20.37,20.43,-0.06,-0.2937,219542.68,443195.391,20.37,1.5368,2.7573,0.75,22.7402,22.7402,2.9461,3.1556,3.1556,0.9814,0.9814,178739.4297,142858.3385,79621.2293,3640922.183,2910024.3552
300759.SZ,20240328,20.35,20.66,20.05,20.43,20.2,0.23,1.1386,251893.37,513142.096,20.43,1.7632,3.1636,0.85,22.8072,22.8072,2.9548,3.1649,3.1649,0.9785,0.9785,178739.4297,142858.3385,79621.2293,3651646.5488,2918595.8556
300759.SZ,20240327,20.63,21.1,20.1,20.2,20.84,-0.64,-3.071,270242.46,558009.88,20.2,1.8917,3.0258,0.92,26.266,23.2557,3.0797,3.5169,3.1606,0.9897,0.9897,178739.4297,142858.3385,89312.6559,3610536.4799,2885738.4377
300759.SZ,20240326,21.1,21.25,20.63,20.84,21.11,-0.27,-1.279,250250.73,521513.288,20.84,1.7517,2.802,0.81,27.0982,23.9926,3.1773,3.6283,3.2607,0.9593,0.9593,178739.4297,142858.3385,89312.6559,3724929.7149,2977167.7743
300759.SZ,20240325,21.62,22.47,21.1,21.11,21.27,-0.16,-0.7522,360972.67,787841.863,21.11,2.5268,4.0417,1.1,27.4493,24.3034,3.2184,3.6753,3.3029,0.947,0.947,178739.4297,142858.3385,89312.6559,3773189.361,3015739.5257
300759.SZ,20240322,22.1,22.21,21.26,21.27,22.35,-1.08,-4.8322,327992.71,706858.352,21.27,2.2959,3.6724,0.96,27.6573,24.4876,3.2428,3.7032,3.328,0.9399,0.9399,178739.4297,142858.3385,89312.6559,3801787.6697,3038596.8599
300759.SZ,20240321,22.8,23.0,22.28,22.35,22.85,-0.5,-2.1882,275310.01,621115.952,22.35,1.9272,3.0825,0.68,29.0616,25.731,3.4075,3.8912,3.4969,0.8945,0.8945,178739.4297,142858.3385,89312.6559,3994826.2538,3192883.8655
300759.SZ,20240320,22.8,23.33,22.64,22.85,22.84,0.01,0.0438,260307.97,595789.594,22.85,1.8221,2.9146,0.64,29.7118,26.3066,3.4837,3.9783,3.5752,0.8749,0.8749,178739.4297,142858.3385,89312.6559,4084195.9686,3264313.0347
300759.SZ,20240319,23.35,23.51,22.84,22.84,23.6,-0.76,-3.2203,319291.64,738222.307,22.84,2.235,3.575,0.77,29.6988,26.2951,3.4822,3.9765,3.5736,0.8753,0.8753,178739.4297,142858.3385,89312.6559,4082408.5743,3262884.4513
300759.SZ,20240318,22.99,23.67,22.3,23.6,22.81,0.79,3.4634,460781.04,1063477.983,23.6,3.2254,5.1592,1.17,30.687,27.1701,3.598,4.1088,3.6925,0.8471,0.8471,178739.4297,142858.3385,89312.6559,4218250.5409,3371456.7886
300759.SZ,20240315,23.25,23.76,22.46,22.81,23.2,-0.39,-1.681,392567.27,902618.111,22.81,2.7479,4.3954,1.04,29.6598,26.2606,3.4776,3.9713,3.5689,0.8764,0.8764,178739.4297,142858.3385,89312.6559,4077046.3915,3258598.7012
300759.SZ,20240314,24.4,24.9,23.0,23.2,23.17,0.03,0.1295,605091.35,1440409.126,23.2,4.2356,6.775,1.61,30.1669,26.7096,3.5371,4.0392,3.6299,0.8617,0.8617,178739.4297,142858.3385,89312.6559,4146754.769,3314313.4532
300759.SZ,20240313,23.3,23.4,22.88,23.17,23.42,-0.25,-1.0675,260621.54,602693.057,23.17,1.8243,2.9181,0.71,30.1279,26.675,3.5325,4.034,3.6252,0.8628,0.8628,178739.4297,142858.3385,89312.6559,4141392.5861,3310027.703
300759.SZ,20240312,23.26,24.05,23.26,23.42,22.94,0.48,2.0924,358387.73,844710.831,23.42,2.5087,4.0127,1.0,30.453,26.9629,3.5706,4.0775,3.6644,0.8536,0.8536,178739.4297,142858.3385,89312.6559,4186077.4436,3345742.2877
300759.SZ,20240311,22.19,23.01,21.83,22.94,21.93,1.01,4.6056,351498.1,789875.869,22.94,2.4605,3.9356,0.88,29.8288,26.4102,3.4974,3.9939,3.5893,0.8715,0.8715,178739.4297,142858.3385,89312.6559,4100282.5173,3277170.2852
300759.SZ,20240308,21.89,22.33,21.75,21.93,21.79,0.14,0.6425,306447.46,673700.024,21.93,2.1451,3.4312,0.79,28.5155,25.2475,3.3434,3.8181,3.4312,0.9116,0.9116,178739.4297,142858.3385,89312.6559,3919755.6933,3132883.3633
300759.SZ,20240307,22.5,23.12,21.61,21.79,24.27,-2.48,-10.2184,597337.87,1329926.312,21.79,4.1813,6.6882,1.76,28.3335,25.0863,3.3221,3.7937,3.4093,0.9174,0.9174,178739.4297,142858.3385,89312.6559,3894732.1732,3112883.1959
300759.SZ,20240306,24.18,24.54,23.69,24.27,24.16,0.11,0.4553,219212.19,529461.458,24.27,1.5345,2.4544,0.55,31.5582,27.9414,3.7002,4.2255,3.7974,0.8237,0.8237,178739.4297,142858.3385,89312.6559,4338005.9588,3467171.8754
300759.SZ,20240305,24.45,24.67,23.83,24.16,24.87,-0.71,-2.8548,324826.29,786085.772,24.16,2.2738,3.637,0.84,31.4152,27.8148,3.6834,4.2063,3.7801,0.8274,0.8274,178739.4297,142858.3385,89312.6559,4318344.6216,3451457.4582
300759.SZ,20240304,23.23,25.8,23.23,24.87,23.23,1.64,7.0598,539462.04,1334759.758,24.87,3.7762,6.0402,1.61,32.3384,28.6322,3.7917,4.3299,3.8912,0.8038,0.8038,178739.4297,142858.3385,89312.6559,4445249.6166,3552886.8785
300759.SZ,20240301,23.22,23.54,22.91,23.23,23.35,-0.12,-0.5139,249231.7,578244.893,23.23,1.7446,2.7906,0.75,30.2059,26.7441,3.5416,4.0444,3.6346,0.8606,0.8606,178739.4297,142858.3385,89312.6559,4152116.9519,3318599.2034
300759.SZ,20240229,21.91,23.35,21.9,23.35,22.51,0.84,3.7317,362969.54,824012.143,23.35,2.5408,4.064,1.19,30.3619,26.8823,3.5599,4.0653,3.6534,0.8561,0.8561,178739.4297,142858.3385,89312.6559,4173565.6835,3335742.204
300759.SZ,20240228,22.93,23.99,22.51,22.51,22.65,-0.14,-0.6181,512968.11,1187535.069,22.51,3.5907,5.7435,1.85,29.2697,25.9152,3.4319,3.9191,3.522,0.8881,0.8881,178739.4297,142858.3385,89312.6559,4023424.5625,3215741.1996
300759.SZ,20240227,22.21,22.66,21.95,22.65,22.4,0.25,1.1161,272312.7,606313.382,22.65,1.9062,3.049,0.94,29.4517,26.0764,3.4532,3.9434,3.5439,0.8826,0.8826,178739.4297,142858.3385,89312.6559,4048448.0827,3235741.367
300759.SZ,20240226,22.22,22.78,22.07,22.4,22.16,0.24,1.083,282712.49,634797.403,22.4,1.979,3.1654,0.93,29.1267,25.7886,3.4151,3.8999,3.5048,0.8925,0.8925,178739.4297,142858.3385,89312.6559,4003763.2253,3200026.7824
300759.SZ,20240223,22.15,22.38,21.68,22.16,22.1,0.06,0.2715,232800.63,511580.709,22.16,1.6296,2.6066,0.67,28.8146,25.5122,3.3785,3.8581,3.4672,0.9021,0.9021,178739.4297,142858.3385,89312.6559,3960865.7622,3165740.7812
300759.SZ,20240222,21.63,22.1,21.63,22.1,21.94,0.16,0.7293,219847.76,481352.989,22.1,1.5389,2.4616,0.55,28.7366,25.4432,3.3694,3.8477,3.4578,0.9046,0.9046,178739.4297,142858.3385,89312.6559,3950141.3964,3157169.2809
300759.SZ,20240221,21.4,22.51,21.23,21.94,21.75,0.19,0.8736,380525.99,837514.723,21.94,2.6637,4.2606,0.94,28.5285,25.259,3.345,3.8198,3.4328,0.9112,0.9112,178739.4297,142858.3385,89312.6559,3921543.0876,3134311.9467
300759.SZ,20240220,21.05,22.13,21.05,21.75,21.27,0.48,2.2567,335804.72,728925.237,21.75,2.3506,3.7599,0.79,28.2815,25.0402,3.316,3.7867,3.4031,0.9191,0.9191,178739.4297,142858.3385,89312.6559,3887582.596,3107168.8624
300759.SZ,20240219,20.92,21.3,20.62,21.27,21.07,0.2,0.9492,347827.67,730159.307,21.27,2.4348,3.8945,0.75,27.6573,24.4876,3.2428,3.7032,3.328,0.9399,0.9399,178739.4297,142858.3385,89312.6559,3801787.6697,3038596.8599
300759.SZ,20240208,20.45,21.22,20.03,21.07,20.7,0.37,1.7874,447724.02,929893.236,21.07,3.134,5.013,1.04,27.3973,24.2574,3.2123,3.6684,3.2967,0.9488,0.9488,178739.4297,142858.3385,89312.6559,3766039.7838,3010025.1922
300759.SZ,20240207,20.89,21.57,20.33,20.7,20.71,-0.01,-0.0483,478841.23,1005161.079,20.7,3.3519,5.3614,1.2,26.9162,23.8314,3.1559,3.6039,3.2388,0.9658,0.9658,178739.4297,142858.3385,89312.6559,3699906.1948,2957167.607
300759.SZ,20240206,18.77,20.79,18.51,20.71,19.16,1.55,8.0898,417539.35,827664.115,20.71,2.9228,4.675,1.1,26.9292,23.8429,3.1574,3.6057,3.2403,0.9653,0.9653,178739.4297,142858.3385,89312.6559,3701693.5891,2958596.1903
300759.SZ,20240205,19.27,19.9,18.5,19.16,19.56,-0.4,-2.045,429763.68,828292.581,19.16,3.0083,4.8119,1.11,24.9137,22.0584,2.9211,3.3358,2.9978,1.0434,1.0434,178739.4297,142858.3385,89312.6559,3424647.4731,2737165.7657
300759.SZ,20240202,21.48,21.6,18.75,19.56,21.27,-1.71,-8.0395,541808.11,1078745.645,19.56,3.7926,6.0664,1.34,25.4338,22.5189,2.9821,3.4055,3.0604,1.022,1.022,178739.4297,142858.3385,89312.6559,3496143.2449,2794309.1011
300759.SZ,20240201,20.95,22.1,20.95,21.27,21.1,0.17,0.8057,291502.51,625901.023,21.27,2.0405,3.2638,0.75,27.6573,24.4876,3.2428,3.7032,3.328,0.9399,0.9399,178739.4297,142858.3385,89312.6559,3801787.6697,3038596.8599
300759.SZ,20240131,22.29,22.3,21.04,21.1,22.53,-1.43,-6.3471,315552.33,678052.584,21.1,2.2088,3.5331,0.85,27.4363,24.2919,3.2169,3.6736,3.3014,0.9474,0.9474,178739.4297,142858.3385,89312.6559,3771401.9667,3014310.9424
300759.SZ,20240130,21.85,23.05,21.85,22.53,22.16,0.37,1.6697,312965.64,705636.716,22.53,2.1907,3.5042,0.93,29.2957,25.9382,3.4349,3.9225,3.5251,0.8873,0.8873,178739.4297,142858.3385,89312.6559,4026999.3511,3218598.3664
300759.SZ,20240129,22.64,23.4,22.15,22.16,22.01,0.15,0.6815,474315.98,1076551.021,22.16,3.3202,5.3107,1.73,28.8146,25.5122,3.3785,3.8581,3.4672,0.9021,0.9021,178739.4297,142858.3385,89312.6559,3960865.7622,3165740.7812
300759.SZ,20240126,25.04,25.54,21.77,22.01,25.28,-3.27,-12.9351,629306.98,1459167.632,22.01,4.4072,7.0513,3.53,28.6089,25.3302,3.3594,3.8306,3.4425,0.9087,0.9087,178673.2206,142792.1294,89246.4468,3932597.5854,3142854.7681
300759.SZ,20240125,24.5,25.47,24.3,25.28,24.76,0.52,2.1002,223375.11,557747.183,25.28,1.5643,2.5029,1.27,32.8593,29.0934,3.8585,4.3997,3.9539,0.7911,0.7911,178673.2206,142792.1294,89246.4468,4516859.0168,3609785.0312
300759.SZ,20240124,25.1,25.18,23.7,24.76,24.85,-0.09,-0.3622,205838.23,502031.836,24.76,1.4486,2.3246,1.22,32.1834,28.495,3.7791,4.3092,3.8726,0.8078,0.8078,178673.2206,142093.5081,88547.8255,4423948.9421,3518235.2606
300759.SZ,20240123,24.6,25.2,24.41,24.85,24.61,0.24,0.9752,141450.25,350876.673,24.85,0.9955,1.5974,0.82,32.3004,28.5986,3.7928,4.3249,3.8867,0.8048,0.8048,178673.2206,142093.5081,88547.8255,4440029.5319,3531023.6763
300759.SZ,20240122,25.5,25.68,24.38,24.61,25.57,-0.96,-3.7544,171244.62,429000.249,24.61,1.2052,1.9339,1.02,31.9885,28.3224,3.7562,4.2831,3.8491,0.8127,0.8127,178673.2206,142093.5081,88547.8255,4397147.959,3496921.2343
300759.SZ,20240119,25.91,26.23,25.56,25.57,26.23,-0.66,-2.5162,148687.99,384117.857,25.57,1.0464,1.6792,0.82,33.2363,29.4272,3.9027,4.4502,3.9993,0.7822,0.7822,178673.2206,142093.5081,88547.8255,4568674.2507,3633331.0021
300759.SZ,20240118,25.28,26.28,25.2,26.23,25.59,0.64,2.501,214763.72,550373.678,26.23,1.5114,2.4254,1.08,34.0942,30.1867,4.0035,4.565,4.1025,0.7625,0.7625,178673.2206,142093.5081,88547.8255,4686598.5763,3727112.7175
300759.SZ,20240117,26.65,26.72,25.59,25.59,26.81,-1.22,-4.5505,165000.0,430234.233,25.59,1.1612,1.8634,0.83,33.2623,29.4502,3.9058,4.4537,4.0024,0.7816,0.7816,178673.2206,142093.5081,88547.8255,4572247.7152,3636172.8723
300759.SZ,20240116,26.67,26.93,26.11,26.81,26.81,0.0,0.0,163912.23,434633.788,26.81,1.1536,1.8511,0.84,34.8481,30.8542,4.092,4.666,4.1932,0.746,0.746,178673.2206,142093.5081,88547.8255,4790229.0443,3809526.9522
300759.SZ,20240115,26.67,27.45,26.62,26.81,26.98,-0.17,-0.6301,146168.54,394342.231,26.81,1.0287,1.6507,0.75,34.8481,30.8542,4.092,4.666,4.1932,0.746,0.746,178673.2206,142093.5081,88547.8255,4790229.0443,3809526.9522
300759.SZ,20240112,27.36,27.94,26.8,26.98,27.37,-0.39,-1.4249,213193.43,581627.364,26.98,1.5004,2.4077,1.2,35.069,31.0499,4.1179,4.6956,4.2198,0.7413,0.7413,178673.2206,142093.5081,88547.8255,4820603.4918,3833682.8485
300759.SZ,20240111,28.22,28.66,26.83,27.37,26.1,1.27,4.8659,308324.76,845562.955,27.37,2.1699,3.482,2.07,35.576,31.4987,4.1775,4.7634,4.2808,0.7307,0.7307,178673.2206,142093.5081,88547.8255,4890286.0478,3889099.3167
300759.SZ,20240110,26.2,26.84,25.83,26.1,26.49,-0.39,-1.4723,159941.15,420342.103,26.1,1.1256,1.8063,1.11,33.9252,30.0371,3.9836,4.5424,4.0822,0.7663,0.7663,178673.2206,142093.5081,88547.8255,4663371.0577,3708640.5614
300759.SZ,20240109,26.67,27.1,26.21,26.49,26.58,-0.09,-0.3386,145566.07,387167.916,26.49,1.0244,1.6439,0.96,34.4321,30.486,4.0431,4.6103,4.1432,0.755,0.755,178673.2206,142093.5081,88547.8255,4733053.6137,3764057.0296
300759.SZ,20240108,27.15,27.3,26.45,26.58,27.35,-0.77,-2.8154,144050.6,385115.34,26.58,1.0138,1.6268,0.91,34.5491,30.5895,4.0569,4.626,4.1572,0.7524,0.7524,178673.2206,142093.5081,88547.8255,4749134.2035,3776845.4453
300759.SZ,20240105,27.56,28.02,27.16,27.35,27.57,-0.22,-0.798,129008.24,355528.468,27.35,0.9079,1.4569,0.7,35.55,31.4757,4.1744,4.76,4.2777,0.7313,0.7313,178673.2206,142093.5081,88547.8255,4886712.5834,3886257.4465
300759.SZ,20240104,27.77,27.94,27.07,27.57,27.98,-0.41,-1.4653,165025.53,452271.527,27.57,1.1614,1.8637,0.91,35.8359,31.7289,4.208,4.7982,4.3121,0.7254,0.7254,178673.2206,142093.5081,88547.8255,4926020.6919,3917518.0183
300759.SZ,20240103,28.12,28.56,27.76,27.98,28.27,-0.29,-1.0258,136550.87,384180.56,27.98,0.961,1.5421,0.62,36.3688,32.2007,4.2706,4.8696,4.3762,0.7148,0.7148,178673.2206,142093.5081,88547.8255,4999276.7124,3975776.3566
300759.SZ,20240102,28.9,28.9,27.8,28.27,28.98,-0.71,-2.45,180344.38,509995.2,28.27,1.2692,2.0367,0.87,36.7458,32.5345,4.3148,4.9201,4.4216,0.7075,0.7075,178673.2206,142093.5081,88547.8255,5051091.9464,4016983.474
300759.SZ,20231229,28.87,29.34,28.81,28.98,29.02,-0.04,-0.1378,181834.59,528359.357,28.98,1.2797,2.0535,0.86,37.6687,33.3516,4.4232,5.0436,4.5326,0.6901,0.6901,178673.2206,142093.5081,88547.8255,5177949.933,4117869.8647
300759.SZ,20231228,27.63,29.19,27.57,29.02,27.58,1.44,5.2212,255695.64,730373.243,29.02,1.7995,2.8877,1.28,37.7207,33.3976,4.4293,5.0506,4.5389,0.6891,0.6892,178673.2206,142093.5081,88547.8255,5185096.8618,4123553.6051
300759.SZ,20231227,27.6,27.8,27.22,27.58,27.58,0.0,0.0,151601.69,416903.595,27.58,1.0669,1.7121,0.79,35.8489,31.7404,4.2095,4.8,4.3137,0.7251,0.7252,178673.2206,142093.5081,88547.8255,4927807.4241,3918938.9534
300759.SZ,20231226,29.18,29.24,26.0,27.58,29.3,-1.72,-5.8703,327543.21,902825.728,27.58,2.3051,3.6991,2.1,35.8489,31.7404,4.2095,4.8,4.3137,0.7251,0.7252,178673.2206,142093.5081,88547.8255,4927807.4241,3918938.9534
300759.SZ,20231225,28.88,29.49,28.81,29.3,29.1,0.2,0.6873,115309.63,336509.717,29.3,0.8115,1.3022,0.71,38.0846,33.7199,4.472,5.0993,4.5827,0.6825,0.6826,178673.2206,142093.5081,88547.8255,5235125.3636,4163339.7873
300759.SZ,20231222,29.45,29.74,28.71,29.1,29.48,-0.38,-1.289,205538.96,598266.2,29.1,1.4465,2.3212,1.23,37.8246,33.4897,4.4415,5.0645,4.5514,0.6872,0.6873,178673.2206,142093.5081,88547.8255,5199390.7195,4134921.0857
300759.SZ,20231221,28.58,30.09,28.5,29.48,29.1,0.38,1.3058,198692.33,584655.672,29.48,1.3983,2.2439,1.02,38.3186,33.927,4.4995,5.1307,4.6108,0.6784,0.6784,178673.2206,142093.5081,88547.8255,5267286.5433,4188916.6188
300759.SZ,20231220,29.5,29.83,29.05,29.1,29.3,-0.2,-0.6826,118470.24,348454.644,29.1,0.8337,1.3379,0.58,37.8246,33.4897,4.4415,5.0645,4.5514,0.6872,0.6873,178673.2206,142093.5081,88547.8255,5199390.7195,4134921.0857
300759.SZ,20231219,29.32,29.75,28.88,29.3,29.53,-0.23,-0.7789,143410.32,419189.01,29.3,1.0093,1.6196,0.68,38.0846,33.7199,4.472,5.0993,4.5827,0.6825,0.6826,178673.2206,142093.5081,88547.8255,5235125.3636,4163339.7873
300759.SZ,20231218,29.19,30.2,29.03,29.53,29.67,-0.14,-0.4719,142550.28,422624.671,29.53,1.0032,1.6099,0.63,38.3836,33.9845,4.5071,5.1394,4.6186,0.6772,0.6773,178673.2206,142093.5081,88547.8255,5276220.2043,4196021.2942
300759.SZ,20231215,29.86,30.58,29.44,29.67,29.7,-0.03,-0.101,233889.12,699964.913,29.67,1.646,2.6414,1.04,38.5655,34.1457,4.5285,5.1637,4.6405,0.674,0.6741,178673.2206,142093.5081,88547.8255,5301234.4552,4215914.3853
300759.SZ,20231214,29.27,30.65,29.27,29.7,28.77,0.93,3.2325,332285.97,995906.88,29.7,2.3385,3.7526,1.6,38.6045,34.1802,4.5331,5.169,4.6452,0.6733,0.6734,178673.2206,142093.5081,88547.8255,5306594.6518,4220177.1906
300759.SZ,20231213,29.39,29.62,28.72,28.77,29.42,-0.65,-2.2094,176585.62,513606.861,28.77,1.2427,1.9942,0.8,37.3957,33.1099,4.3911,5.0071,4.4998,0.6951,0.6952,178673.2206,142093.5081,88547.8255,5140428.5567,4088030.228
300759.SZ,20231212,29.65,29.68,29.0,29.42,29.67,-0.25,-0.8426,169161.92,495636.705,29.42,1.1905,1.9104,0.7,38.2406,33.858,4.4903,5.1202,4.6014,0.6797,0.6798,178673.2206,142093.5081,88547.8255,5256566.1501,4180391.0083
300759.SZ,20231211,28.67,29.79,28.54,29.67,29.15,0.52,1.7839,227384.52,661851.714,29.67,1.6002,2.5679,0.77,38.5655,34.1457,4.5285,5.1637,4.6405,0.674,0.6741,178673.2206,142093.5081,88547.8255,5301234.4552,4215914.3853
300759.SZ,20231208,28.92,29.16,28.5,29.15,28.91,0.24,0.8302,221289.43,639260.111,29.15,1.5574,2.4991,0.77,37.8896,33.5472,4.4491,5.0732,4.5592,0.686,0.6861,178673.2206,142093.5081,88547.8255,5208324.3805,4142025.7611
300759.SZ,20231207,29.03,29.2,28.44,28.91,29.39,-0.48,-1.6332,242333.78,697403.974,28.91,1.7055,2.7368,0.87,37.5777,33.271,4.4125,5.0315,4.5217,0.6917,0.6918,178673.2206,142093.5081,88547.8255,5165442.8075,4107923.3192
300759.SZ,20231206,29.29,29.8,29.0,29.39,29.24,0.15,0.513,242846.65,712720.043,29.39,1.7091,2.7425,0.91,38.2016,33.8234,4.4858,5.115,4.5967,0.6804,0.6805,178673.2206,142093.5081,88547.8255,5251205.9534,4176128.2031
300759.SZ,20231205,29.81,30.2,29.14,29.24,29.87,-0.63,-2.1091,275074.16,815659.452,29.24,1.9359,3.1065,1.01,38.0066,33.6508,4.4629,5.0889,4.5733,0.6839,0.684,178673.2206,142093.5081,88547.8255,5224404.9703,4154814.1768
300759.SZ,20231204,32.9,32.9,29.77,29.87,33.14,-3.27,-9.8672,490953.76,1505593.985,29.87,3.4551,5.5445,2.26,38.8255,34.3758,4.559,5.1985,4.6718,0.6695,0.6696,178673.2206,142093.5081,88547.8255,5336969.0993,4244333.0869
300759.SZ,20231201,33.39,33.65,32.59,33.14,33.4,-0.26,-0.7784,186956.22,619361.485,33.14,1.3157,2.1114,0.88,43.0759,38.1391,5.0581,5.7676,5.1833,0.6034,0.6035,178673.2206,142093.5081,88547.8255,5921230.5307,4708978.8584
300759.SZ,20231130,32.76,33.63,32.7,33.4,32.95,0.45,1.3657,199873.68,664894.887,33.4,1.4066,2.2572,0.92,43.4138,38.4383,5.0978,5.8129,5.2239,0.5987,0.5988,178673.2206,142093.5081,88547.8255,5967685.568,4745923.1705
300759.SZ,20231129,33.19,33.43,32.75,32.95,33.18,-0.23,-0.6932,177811.55,588794.541,32.95,1.2514,2.0081,0.72,42.8289,37.9204,5.0291,5.7346,5.1535,0.6069,0.607,178673.2206,142093.5081,88547.8255,5887282.6188,4681981.0919
300759.SZ,20231128,32.26,33.64,32.12,33.18,32.26,0.92,2.8518,309676.38,1027238.092,33.18,2.1794,3.4973,1.27,43.1279,38.1851,5.0642,5.7746,5.1895,0.6027,0.6028,178673.2206,142093.5081,88547.8255,5928377.4595,4714662.5988
300759.SZ,20231127,31.97,32.42,31.57,32.26,32.13,0.13,0.4046,210773.62,677013.471,32.26,1.4833,2.3803,0.83,41.9321,37.1264,4.9238,5.6145,5.0456,0.6199,0.62,178673.2206,142093.5081,88547.8255,5763998.0966,4583936.5713
300759.SZ,20231124,32.56,32.6,31.9,32.13,32.48,-0.35,-1.0776,168138.76,540518.035,32.13,1.1833,1.8988,0.63,41.7631,36.9768,4.904,5.5919,5.0253,0.6224,0.6225,178673.2206,142093.5081,88547.8255,5740770.5779,4565464.4153
300759.SZ,20231123,32.27,32.84,32.19,32.48,32.16,0.32,0.995,215846.86,700549.235,32.48,1.519,2.4376,0.74,42.218,37.3795,4.9574,5.6528,5.08,0.6157,0.6158,178673.2206,142093.5081,88547.8255,5803306.2051,4615197.1431
300759.SZ,20231122,33.4,33.63,32.1,32.16,33.53,-1.37,-4.0859,329780.51,1077993.207,32.16,2.3209,3.7243,1.09,41.8021,37.0113,4.9085,5.5971,5.03,0.6218,0.6219,178673.2206,142093.5081,88547.8255,5746130.7745,4569727.2205
300759.SZ,20231121,34.4,34.76,33.46,33.53,34.33,-0.8,-2.3303,294779.27,1000927.513,33.53,2.0745,3.329,1.03,43.5828,38.5879,5.1176,5.8355,5.2443,0.5964,0.5965,178673.2206,142093.5081,88547.8255,5990913.0867,4764395.3266
300759.SZ,20231120,34.35,34.82,33.7,34.33,34.19,0.14,0.4095,263366.88,901863.541,34.33,1.8535,2.9743,0.93,44.6227,39.5086,5.2397,5.9748,5.3694,0.5825,0.5826,178673.2206,142093.5081,88547.8255,6133851.6632,4878070.1331
300759.SZ,20231117,33.6,34.5,33.58,34.19,33.87,0.32,0.9448,223554.48,760773.787,34.19,1.5733,2.5247,0.78,44.4407,39.3475,5.2184,5.9504,5.3475,0.5849,0.585,178673.2206,142093.5081,88547.8255,6108837.4123,4858177.0419
300759.SZ,20231116,35.07,35.5,33.83,33.87,35.54,-1.67,-4.6989,355080.63,1222029.071,33.87,2.4989,4.01,1.22,44.0248,38.9792,5.1695,5.8947,5.2974,0.5904,0.5905,178673.2206,142093.5081,88547.8255,6051661.9817,4812707.1193
300759.SZ,20231115,36.3,37.0,35.2,35.54,34.84,0.7,2.0092,375937.58,1346877.047,35.54,2.6457,4.2456,1.25,46.1955,40.9011,5.4244,6.1853,5.5586,0.5627,0.5627,178673.2206,142093.5081,88547.8255,6350046.2601,5050003.2779
300759.SZ,20231114,34.75,35.37,34.4,34.84,34.56,0.28,0.8102,215870.94,751208.965,34.84,1.5192,2.4379,0.61,45.2856,40.0956,5.3176,6.0635,5.4492,0.574,0.5741,178673.2206,142093.5081,88547.8255,6224975.0057,4950537.8222
300759.SZ,20231113,35.3,35.67,34.3,34.56,34.76,-0.2,-0.5754,249195.69,865336.451,34.56,1.7537,2.8142,0.59,44.9216,39.7733,5.2749,6.0148,5.4054,0.5787,0.5787,178673.2206,142093.5081,88547.8255,6174946.5039,4910751.6399
300759.SZ,20231110,34.21,35.18,34.13,34.76,34.66,0.1,0.2885,243187.86,845718.968,34.76,1.7115,2.7464,0.55,45.1816,40.0035,5.3054,6.0496,5.4366,0.5753,0.5754,178673.2206,142093.5081,88547.8255,6210681.1481,4939170.3416
300759.SZ,20231109,35.5,36.18,34.56,34.66,35.94,-1.28,-3.5615,366188.32,1286168.609,34.66,2.5771,4.1355,0.85,45.0516,39.8884,5.2901,6.0322,5.421,0.577,0.577,178673.2206,142093.5081,88547.8255,6192813.826,4924960.9907
300759.SZ,20231108,35.02,36.98,35.02,35.94,35.29,0.65,1.8419,430349.18,1553989.82,35.94,3.0286,4.8601,1.06,46.7154,41.3615,5.4855,6.255,5.6212,0.5564,0.5565,178673.2206,142093.5081,88547.8255,6421515.5484,5106840.6811
300759.SZ,20231107,34.85,36.6,34.69,35.29,35.13,0.16,0.4555,483564.72,1719635.475,35.29,3.4031,5.4611,1.19,45.8705,40.6134,5.3863,6.1418,5.5195,0.5667,0.5667,178673.2206,142093.5081,88547.8255,6305377.955,5014479.9008
300759.SZ,20231106,33.73,35.99,33.21,35.13,32.44,2.69,8.2922,605777.39,2100559.921,35.13,4.2632,6.8412,1.39,45.6625,40.4293,5.3619,6.114,5.4945,0.5693,0.5693,178673.2206,142093.5081,88547.8255,6276790.2397,4991744.9396
300759.SZ,20231103,32.48,32.85,32.05,32.44,32.48,-0.04,-0.1232,314867.78,1023237.5,32.44,2.2159,3.5559,0.71,42.166,37.3335,4.9513,5.6458,5.0738,0.6165,0.6165,178673.2206,142093.5081,88547.8255,5796159.2763,4609513.4028
300759.SZ,20231102,32.94,33.31,32.38,32.48,32.69,-0.21,-0.6424,328558.46,1078335.852,32.48,2.3123,3.7105,0.78,42.218,37.3795,4.9574,5.6528,5.08,0.6157,0.6158,178673.2206,142093.5081,88547.8255,5803306.2051,4615197.1431
300759.SZ,20231101,33.25,33.51,32.46,32.69,33.25,-0.56,-1.6842,294434.39,965739.607,32.69,2.0721,3.3251,0.69,42.491,37.6212,4.9894,5.6893,5.1129,0.6118,0.6118,178673.2206,142093.5081,88547.8255,5840827.5814,4645036.7798
300759.SZ,20231031,33.1,34.08,32.42,33.25,33.16,0.09,0.2714,487215.43,1619126.236,33.25,3.4288,5.5023,1.32,43.2189,38.2657,5.0749,5.7868,5.2005,0.6015,0.6015,178673.2206,142093.5081,88547.8255,5940884.585,4724609.1443
300759.SZ,20231030,29.2,33.98,29.01,33.16,29.45,3.71,12.5976,748779.81,2407896.885,33.16,5.2696,8.8234,2.93,43.1019,38.1621,5.0612,5.7711,5.1864,0.6031,0.6031,178673.2206,142093.5081,84862.6319,5924803.9951,4711820.7286
300759.SZ,20231027,27.38,29.68,27.18,29.45,27.61,1.84,6.6643,371445.6,1064668.24,29.45,2.6141,4.377,1.65,38.2796,33.4034,4.6415,5.1254,4.6682,0.6791,0.6791,178673.2206,142093.5081,84862.6319,5261926.3467,4184653.8135
300759.SZ,20231026,27.0,27.88,26.85,27.61,27.55,0.06,0.2178,217393.21,594816.272,27.61,1.5299,2.5834,0.98,35.8879,31.3164,4.3515,4.8052,4.3765,0.7243,0.7244,178673.2206,142093.5081,84151.0463,4933167.6208,3923201.7586
300759.SZ,20231025,28.94,29.29,27.5,27.55,28.65,-1.1,-3.8394,294361.42,832759.167,27.55,2.0716,2.5801,1.45,35.8099,31.2484,4.342,4.7948,4.367,0.7259,0.726,178673.2206,142093.5081,114087.9181,4922447.2275,3914676.1482
300759.SZ,20231024,29.29,29.29,27.8,28.65,29.07,-0.42,-1.4448,211712.96,604457.273,28.65,1.49,1.8557,1.07,37.2397,32.496,4.5154,4.9862,4.5414,0.698,0.6981,178673.2206,142093.5081,114087.9181,5118987.7702,4070979.0071
300759.SZ,20231023,28.89,29.52,28.41,29.07,28.93,0.14,0.4839,181876.59,525666.846,29.07,1.28,1.5942,0.86,37.7856,32.9724,4.5816,5.0593,4.608,0.6879,0.688,178673.2206,142093.5081,114087.9181,5194030.5228,4130658.2805
300759.SZ,20231020,29.5,29.75,28.73,28.93,29.82,-0.89,-2.9846,220548.04,640443.052,28.93,1.5521,1.9331,1.03,37.6037,32.8136,4.5595,5.0349,4.5858,0.6913,0.6913,178673.2206,142093.5081,114087.9181,5169016.272,4110765.1893
300759.SZ,20231019,30.23,30.64,29.8,29.82,30.5,-0.68,-2.2295,200673.73,605217.227,29.82,1.4123,1.7589,0.88,38.7605,33.8231,4.6998,5.1898,4.7269,0.6706,0.6707,178673.2206,142093.5081,114087.9181,5328035.4383,4237228.4115
300759.SZ,20231018,31.22,31.23,30.32,30.5,31.57,-1.07,-3.3893,203135.89,621988.585,30.5,1.4296,1.7805,0.74,39.6444,34.5944,4.807,5.3082,4.8347,0.6557,0.6557,178673.2206,142093.5081,114087.9181,5449533.2283,4333851.9971
300759.SZ,20231017,31.47,32.08,31.15,31.57,31.39,0.18,0.5734,179314.99,564855.254,31.57,1.262,1.5717,0.65,41.0352,35.808,4.9756,5.4944,5.0043,0.6335,0.6335,178673.2206,142093.5081,114087.9181,5640713.5743,4485892.0507
300759.SZ,20231016,32.16,32.6,31.11,31.39,32.04,-0.65,-2.0287,258777.64,820766.368,31.39,1.8212,2.2682,0.93,40.8012,35.6039,4.9472,5.4631,4.9757,0.6371,0.6371,178673.2206,142093.5081,114087.9181,5608552.3946,4460315.2193
300759.SZ,20231013,32.01,32.69,31.9,32.04,32.47,-0.43,-1.3243,227210.82,731672.994,32.04,1.599,1.9915,0.77,41.6461,36.3411,5.0497,5.5762,5.0788,0.6242,0.6242,178673.2206,142093.5081,114087.9181,5724689.988,4552675.9995
300759.SZ,20231012,32.4,32.77,31.82,32.47,32.22,0.25,0.7759,272046.93,877387.952,32.47,1.9146,2.3845,0.84,42.205,36.8289,5.1174,5.651,5.1469,0.6159,0.616,178673.2206,142093.5081,114087.9181,5801519.4729,4613776.208
300759.SZ,20231011,30.1,32.88,30.1,32.22,29.91,2.31,7.7232,441672.14,1412108.384,32.22,3.1083,3.8713,1.61,41.8801,36.5453,5.078,5.6075,5.1073,0.6207,0.6207,178673.2206,142093.5081,114087.9181,5756851.1677,4578252.831
300759.SZ,20231010,30.67,30.97,29.87,29.91,30.66,-0.75,-2.4462,171705.35,520039.106,29.91,1.2084,1.505,0.55,38.8775,33.9252,4.714,5.2055,4.7411,0.6686,0.6687,178673.2206,142093.5081,114087.9181,5344116.0281,4250016.8273
300759.SZ,20231009,30.46,30.76,29.76,30.66,31.1,-0.44,-1.4148,282845.24,856065.69,30.66,1.9906,2.4792,0.96,39.8524,34.7759,4.8322,5.336,4.86,0.6523,0.6523,178673.2206,142093.5081,114087.9181,5478120.9436,4356586.9583
300759.SZ,20230928,31.0,31.68,30.72,31.1,30.85,0.25,0.8104,306624.65,955320.732,31.1,2.1579,3.6437,1.17,40.4243,35.2749,4.9015,5.4126,4.9298,0.643,0.6431,178673.2206,142093.5081,84151.0463,5556737.1607,4419108.1019
300759.SZ,20230927,29.27,31.01,29.18,30.85,29.14,1.71,5.8682,407423.98,1231786.56,30.85,2.8673,4.8416,1.95,40.0993,34.9914,4.8621,5.3691,4.8901,0.6482,0.6483,178673.2206,142093.5081,84151.0463,5512068.8555,4383584.7249
300759.SZ,20230926,28.86,29.35,28.5,29.14,28.98,0.16,0.5521,205188.5,593597.951,29.14,1.444,2.4383,1.02,37.8766,33.0518,4.5926,5.0715,4.6191,0.6863,0.6863,178673.2206,142093.5081,84151.0463,5206537.6483,4140604.826
300759.SZ,20230925,27.69,29.19,27.59,28.98,27.91,1.07,3.8338,352515.4,1010742.426,28.98,2.4809,4.1891,1.99,37.6687,32.8703,4.5674,5.0436,4.5937,0.6901,0.6901,178673.2206,142093.5081,84151.0463,5177949.933,4117869.8647
300759.SZ,20230922,27.25,28.05,27.04,27.91,27.45,0.46,1.6758,198638.02,548102.53,27.91,1.3979,2.3605,0.92,36.2779,31.6567,4.3988,4.8574,4.4241,0.7165,0.7166,178673.2206,142093.5081,84151.0463,4986769.5869,3965829.8111
300759.SZ,20230921,27.71,28.01,27.36,27.45,28.09,-0.64,-2.2784,143922.27,396855.045,27.45,1.0129,1.7103,0.69,35.6799,31.135,4.3263,4.7774,4.3512,0.7285,0.7286,178673.2206,142093.5081,84151.0463,4904579.9055,3900466.7973
300759.SZ,20230920,28.21,28.54,27.82,28.09,28.37,-0.28,-0.987,142654.65,400576.419,28.09,1.0039,1.6952,0.69,36.5118,31.8609,4.4271,4.8887,4.4526,0.7119,0.712,178673.2206,142093.5081,84151.0463,5018930.7667,3991406.6425
300759.SZ,20230919,28.61,29.12,28.08,28.37,28.92,-0.55,-1.9018,169867.19,483762.974,28.37,1.1955,2.0186,0.84,36.8758,32.1785,4.4713,4.9375,4.497,0.7049,0.705,178673.2206,142093.5081,84151.0463,5068959.2684,4031192.8248
300759.SZ,20230918,28.5,29.16,28.43,28.92,28.72,0.2,0.6964,232228.95,669777.656,28.92,1.6343,2.7597,1.16,37.5907,32.8023,4.5579,5.0332,4.5842,0.6915,0.6916,178673.2206,142093.5081,84151.0463,5167229.5398,4109344.2543
300759.SZ,20230915,27.35,29.45,26.99,28.72,27.2,1.52,5.5882,390927.74,1114138.632,28.72,2.7512,4.6455,2.71,37.3307,32.5754,4.5264,4.9984,4.5525,0.6963,0.6964,178673.2206,142093.5081,84151.0463,5131494.8956,4080925.5526
300759.SZ,20230914,27.0,27.4,26.79,27.2,27.21,-0.01,-0.0368,103299.13,280135.867,27.2,0.727,1.2275,0.67,35.355,30.8514,4.2869,4.7339,4.3116,0.7352,0.7353,178673.2206,142093.5081,84151.0463,4859911.6003,3864943.4203
300759.SZ,20230913,27.45,27.77,26.87,27.21,27.63,-0.42,-1.5201,135418.3,368384.571,27.21,0.953,1.6092,0.81,35.368,30.8627,4.2884,4.7356,4.3131,0.735,0.735,178673.2206,142093.5081,84151.0463,4861698.3325,3866364.3554
300759.SZ,20230912,27.7,28.02,27.43,27.63,27.77,-0.14,-0.5041,146794.04,407158.354,27.63,1.0331,1.7444,0.81,35.9139,31.3391,4.3546,4.8087,4.3797,0.7238,0.7239,178673.2206,142093.5081,84151.0463,4936741.0852,3926043.6288
300759.SZ,20230911,27.0,28.31,26.84,27.77,27.04,0.73,2.6997,220336.31,610628.552,27.77,1.5506,2.6183,1.28,36.0959,31.4979,4.3767,4.8331,4.4019,0.7201,0.7202,178673.2206,142093.5081,84151.0463,4961755.3361,3945936.7199
300759.SZ,20230908,27.07,27.48,26.97,27.04,27.12,-0.08,-0.295,114165.63,310756.837,27.04,0.8035,1.3567,0.65,35.147,30.6699,4.2616,4.706,4.2862,0.7396,0.7396,178673.2206,142093.5081,84151.0463,4831323.885,3842208.459
300759.SZ,20230907,27.8,28.03,27.1,27.12,27.8,-0.68,-2.446,150491.22,414355.152,27.12,1.0591,1.7883,0.85,35.251,30.7607,4.2742,4.7199,4.2989,0.7374,0.7375,178673.2206,142093.5081,84151.0463,4845617.7427,3853575.9397
300759.SZ,20230906,28.4,28.52,27.35,27.8,28.7,-0.9,-3.1359,208150.06,578565.551,27.8,1.4649,2.4735,1.15,36.1349,31.5319,4.3814,4.8383,4.4067,0.7194,0.7194,178673.2206,142093.5081,84151.0463,4967115.5327,3950199.5252
300759.SZ,20230905,29.36,29.37,28.48,28.7,29.36,-0.66,-2.248,212444.87,612265.637,28.7,1.4951,2.5246,1.03,37.3047,32.5528,4.5233,4.9949,4.5493,0.6968,0.6969,178673.2206,142093.5081,84151.0463,5127921.4312,4078083.6825
300759.SZ,20230904,29.5,29.88,29.23,29.36,29.44,-0.08,-0.2717,176270.16,519648.788,29.36,1.2405,2.0947,0.74,38.1626,33.3014,4.6273,5.1098,4.6539,0.6811,0.6812,178673.2206,142093.5081,84151.0463,5245845.7568,4171865.3978
300759.SZ,20230901,30.13,30.25,29.26,29.44,29.8,-0.36,-1.2081,134761.1,397451.685,29.44,0.9484,1.6014,0.52,38.2666,33.3921,4.6399,5.1237,4.6666,0.6793,0.6793,178673.2206,142093.5081,84151.0463,5260139.6145,4183232.8785
300759.SZ,20230831,30.03,30.22,29.71,29.8,30.26,-0.46,-1.5202,148499.96,444410.85,29.8,1.0451,1.7647,0.52,38.7345,33.8004,4.6966,5.1864,4.7237,0.6711,0.6711,178673.2206,142093.5081,84151.0463,5324461.9739,4234386.5414
300759.SZ,20230830,29.96,30.49,29.51,30.26,30.03,0.23,0.7659,236717.62,710429.561,30.26,1.6659,2.813,0.9,39.3324,34.3222,4.7691,5.2664,4.7966,0.6609,0.6609,178673.2206,142093.5081,84151.0463,5406651.6554,4299749.5551
300759.SZ,20230829,28.8,30.35,28.63,30.03,28.85,1.18,4.0901,337165.87,998532.271,30.03,2.3728,4.0067,1.46,39.0335,34.0613,4.7329,5.2264,4.7602,0.6659,0.666,178673.2206,142093.5081,84151.0463,5365556.8146,4267068.0482
300759.SZ,20230828,30.8,30.92,28.63,28.85,28.34,0.51,1.7996,326914.73,959193.435,28.85,2.3007,3.8849,1.67,37.4997,32.7229,4.5469,5.021,4.5731,0.6932,0.6932,178673.2206,142093.5081,84151.0463,5154722.4143,4099397.7087
300759.SZ,20230825,28.25,29.0,27.88,28.34,28.53,-0.19,-0.666,234807.86,666626.419,28.34,1.6525,3.4753,1.25,36.8368,34.3581,4.8582,4.9323,4.6509,0.7057,0.7057,178673.2206,142093.5081,67565.1155,5063599.0718,4026930.0196
300759.SZ,20230824,26.86,28.75,26.81,28.53,26.74,1.79,6.6941,284212.51,795695.759,28.53,2.0002,4.2065,1.67,37.0837,34.5884,4.8908,4.9653,4.6821,0.701,0.701,178673.2206,142093.5081,67565.1155,5097546.9837,4053927.7861
300759.SZ,20230823,27.37,27.79,26.72,26.74,27.54,-0.8,-2.9049,132951.58,360338.444,26.74,0.9357,1.9678,0.77,34.7571,32.4183,4.584,4.6538,4.3883,0.7479,0.7479,178673.2206,142093.5081,67565.1155,4777721.9188,3799580.4066
300759.SZ,20230822,27.51,27.75,26.8,27.54,27.39,0.15,0.5476,174113.53,474368.055,27.54,1.2253,2.577,0.98,35.7969,33.3882,4.7211,4.793,4.5196,0.7262,0.7262,178673.2206,142093.5081,67565.1155,4920660.4953,3913255.2131
300759.SZ,20230821,27.46,28.06,27.02,27.39,27.18,0.21,0.7726,153966.42,423846.441,27.39,1.0836,2.2788,0.8,35.602,33.2063,4.6954,4.7669,4.495,0.7301,0.7302,178673.2206,142093.5081,67565.1155,4893859.5122,3891941.1869
300759.SZ,20230818,28.23,28.47,27.18,27.18,28.28,-1.1,-3.8897,191093.53,527791.09,27.18,1.3448,2.8283,0.91,35.329,32.9517,4.6594,4.7304,4.4605,0.7358,0.7358,178673.2206,142093.5081,67565.1155,4856338.1359,3862101.5502
300759.SZ,20230817,28.4,28.7,27.7,28.28,28.42,-0.14,-0.4926,198827.59,559839.48,28.28,1.3993,2.9428,0.86,36.7588,34.2853,4.848,4.9218,4.6411,0.7072,0.7072,178673.2206,142093.5081,67565.1155,5052878.6786,4018404.4091
300759.SZ,20230816,28.71,29.28,28.42,28.42,29.0,-0.58,-2.0,148196.21,425828.304,28.42,1.0429,2.1934,0.51,36.9408,34.4551,4.872,4.9462,4.664,0.7037,0.7037,178673.2206,142093.5081,67565.1155,5077892.9295,4038297.5002
300759.SZ,20230815,29.26,29.35,28.39,29.0,29.34,-0.34,-1.1588,197122.33,565750.757,29.0,1.3873,2.9175,0.68,37.6947,35.1582,4.9714,5.0471,4.7592,0.6896,0.6897,178673.2206,142093.5081,67565.1155,5181523.3974,4120711.7349
300759.SZ,20230814,28.93,29.45,28.55,29.34,29.5,-0.16,-0.5424,221299.95,641381.115,29.34,1.5574,3.2754,0.75,38.1366,35.5704,5.0297,5.1063,4.815,0.6816,0.6817,178673.2206,142093.5081,67565.1155,5242272.2924,4169023.5277
300759.SZ,20230811,30.51,30.98,29.5,29.5,30.51,-1.01,-3.3104,285083.24,858231.254,29.5,2.0063,4.2194,0.92,38.3446,35.7644,5.0571,5.1341,4.8413,0.6779,0.678,178673.2206,142093.5081,67565.1155,5270860.0077,4191758.489
300759.SZ,20230810,29.8,30.72,29.43,30.51,30.16,0.35,1.1605,304697.93,917904.833,30.51,2.1443,4.5097,0.86,39.6574,36.9889,5.2302,5.3099,5.007,0.6555,0.6555,178673.2206,142093.5081,67565.1155,5451319.9605,4335272.9321
300759.SZ,20230809,28.46,30.48,28.35,30.16,28.73,1.43,4.9774,433601.64,1296001.937,30.16,3.0515,6.4175,1.34,39.2024,36.5645,5.1702,5.249,4.9496,0.6631,0.6631,178673.2206,142093.5081,67565.1155,5388784.3333,4285540.2043
300759.SZ,20230808,28.58,29.13,28.35,28.73,28.82,-0.09,-0.3123,206246.58,593680.569,28.73,1.4515,3.0526,0.56,37.3437,34.8309,4.9251,5.0001,4.7149,0.6961,0.6961,178673.2206,142093.5081,67565.1155,5133281.6278,4082346.4877
300759.SZ,20230807,29.04,29.46,28.65,28.82,29.37,-0.55,-1.8727,254581.22,735989.324,28.82,1.7916,3.7679,0.54,37.4607,34.94,4.9405,5.0158,4.7297,0.6939,0.694,178673.2206,142093.5081,67565.1155,5149362.2177,4095134.9034
300759.SZ,20230804,29.61,29.94,29.2,29.37,30.0,-0.63,-2.1,345731.35,1018984.832,29.37,2.4331,5.117,0.74,38.1756,35.6068,5.0348,5.1115,4.8199,0.6809,0.681,178673.2206,142093.5081,67565.1155,5247632.489,4173286.3329
300759.SZ,20230803,28.28,30.08,28.03,30.0,28.07,1.93,6.8757,531525.4,1550411.358,30.0,3.7407,7.8669,1.34,38.9945,36.3706,5.1428,5.2212,4.9233,0.6666,0.6667,178673.2206,142093.5081,67565.1155,5360196.618,4262805.243
300759.SZ,20230802,28.01,28.28,27.67,28.07,28.32,-0.25,-0.8828,277214.7,775289.393,28.07,1.9509,4.1029,0.74,36.4858,34.0307,4.812,4.8853,4.6066,0.7124,0.7125,178673.2206,142093.5081,67565.1155,5015357.3022,3988564.7724
300759.SZ,20230801,29.15,29.35,28.08,28.32,28.3,0.02,0.0707,447688.87,1282162.497,28.32,3.1507,6.626,1.42,36.8108,34.3338,4.8548,4.9288,4.6476,0.7062,0.7062,178673.2206,142093.5081,67565.1155,5060025.6074,4024088.1494
300759.SZ,20230731,26.86,29.19,26.71,28.3,26.23,2.07,7.8917,736986.56,2066123.933,28.3,5.1866,10.9078,3.88,36.7848,34.3096,4.8514,4.9253,4.6443,0.7067,0.7067,178673.2206,142093.5081,67565.1155,5056452.143,4021246.2792
300759.SZ,20230728,25.6,26.26,25.01,26.23,25.86,0.37,1.4308,339459.06,869742.162,26.23,2.389,5.0242,2.09,34.0942,31.8,4.4965,4.565,4.3046,0.7624,0.7625,178673.2206,142093.5081,67565.1155,4686598.5763,3727112.7175
300759.SZ,20230727,25.73,25.94,25.4,25.86,25.71,0.15,0.5834,186613.11,478904.141,25.86,1.3133,2.762,1.24,33.6132,31.3514,4.4331,4.5006,4.2439,0.7733,0.7734,178673.2206,142093.5081,67565.1155,4620489.4847,3674538.1195
300759.SZ,20230726,38.33,39.5,38.23,38.86,38.58,0.28,0.7258,161832.93,629697.703,38.86,1.7084,3.5817,1.05,33.6739,31.408,4.2939,4.5088,4.2516,0.7719,,119115.4804,94729.0054,45183.4076,4628827.5683,3681169.1498
300759.SZ,20230725,38.34,38.7,37.93,38.58,37.87,0.71,1.8748,147078.94,564710.076,38.58,1.5526,3.2653,1.0,33.4313,31.1817,4.2629,4.4763,4.2209,0.7775,,119115.4804,94729.0054,45043.4104,4595475.2338,3654645.0283
300759.SZ,20230724,37.8,38.7,37.5,37.87,37.85,0.02,0.0528,114681.97,435100.285,37.87,1.2106,2.546,0.78,32.816,30.6079,4.1845,4.3939,4.1432,0.7921,,119115.4804,94729.0054,45043.4104,4510903.2427,3587387.4345
300759.SZ,20230721,37.39,39.0,37.08,37.85,37.35,0.5,1.3387,202541.98,773351.777,37.85,2.1381,4.4966,1.52,32.7987,30.5917,4.1823,4.3916,4.1411,0.7925,,119115.4804,94729.0054,45043.4104,4508520.9331,3585492.8544
300759.SZ,20230720,37.9,38.37,37.21,37.35,37.83,-0.48,-1.2688,125540.52,473615.225,37.35,1.3253,2.7871,0.8,32.3654,30.1876,4.127,4.3336,4.0864,0.8031,,119115.4804,94729.0054,45043.4104,4448963.1929,3538128.3517
300759.SZ,20230719,38.7,39.07,37.38,37.83,38.87,-1.04,-2.6756,181356.6,687002.455,37.83,1.9145,4.0263,1.32,32.7814,30.5755,4.1801,4.3893,4.1389,0.793,,119115.4804,94729.0054,45043.4104,4506138.6235,3583598.2743
300759.SZ,20230718,38.58,39.07,37.93,38.87,38.66,0.21,0.5432,110743.86,425875.637,38.87,1.1691,2.4586,0.84,33.6826,31.4161,4.295,4.5099,4.2527,0.7717,,119115.4804,94729.0054,45043.4104,4630018.7231,3682116.4399
300759.SZ,20230717,39.35,39.36,38.32,38.66,39.98,-1.32,-3.3017,115257.8,445188.654,38.66,1.2167,2.5588,0.88,33.5006,31.2464,4.2718,4.4856,4.2297,0.7759,,119115.4804,94729.0054,45043.4104,4605004.4723,3662223.3488
300759.SZ,20230714,40.21,40.66,39.82,39.98,40.21,-0.23,-0.572,135081.65,541965.332,39.98,1.426,2.9989,1.12,34.6444,32.3132,4.4176,4.6387,4.3741,0.7503,,119115.4804,94729.0054,45043.4104,4762236.9064,3787265.6359
300759.SZ,20230713,38.68,40.8,38.61,40.21,38.28,1.93,5.0418,244431.26,974574.792,40.21,2.5803,5.4266,2.62,34.8437,32.4991,4.4431,4.6654,4.3993,0.746,,119115.4804,94729.0054,45043.4104,4789633.4669,3809053.3071
300759.SZ,20230712,39.09,39.1,38.2,38.28,39.06,-0.78,-1.9969,80109.05,309075.085,38.28,0.8457,1.7785,0.8,33.1713,30.9392,4.2298,4.4415,4.1881,0.7836,,119115.4804,94729.0054,45043.4104,4559740.5897,3626226.3267
300759.SZ,20230711,38.84,39.17,38.37,39.06,38.7,0.36,0.9302,83192.37,322547.951,39.06,0.8782,1.8469,0.69,33.8472,31.5697,4.316,4.532,4.2734,0.768,,119115.4804,94729.0054,45043.4104,4652650.6644,3700114.9509
300759.SZ,20230710,38.56,39.56,38.56,38.7,38.28,0.42,1.0972,108679.01,424301.897,38.7,1.1473,2.4128,0.86,33.5352,31.2787,4.2762,4.4902,4.2341,0.7751,,119115.4804,94729.0054,45043.4104,4609769.0915,3666012.509
300759.SZ,20230707,38.65,38.96,38.27,38.28,38.94,-0.66,-1.6949,84008.25,323638.842,38.28,0.8868,1.8651,0.59,33.1713,30.9392,4.2298,4.4415,4.1881,0.7836,,119115.4804,94729.0054,45043.4104,4559740.5897,3626226.3267
300759.SZ,20230706,39.47,39.47,38.67,38.94,39.62,-0.68,-1.7163,111025.68,432365.441,38.94,1.172,2.4649,0.68,33.7452,31.4745,4.3026,4.5183,4.2606,0.7703,,119122.4554,94729.0054,45043.4104,4638628.4133,3688747.4703
300759.SZ,20230705,39.82,40.14,39.25,39.62,40.05,-0.43,-1.0737,114998.53,454903.208,39.62,1.214,2.5531,0.66,34.3345,32.0241,4.3778,4.5972,4.335,0.7571,,119122.4554,94729.0054,45043.4104,4719631.6829,3753163.1939
300759.SZ,20230704,38.63,40.24,38.32,40.05,38.86,1.19,3.0623,185670.0,733328.259,40.05,1.96,4.122,1.13,34.7071,32.3717,4.4253,4.6471,4.382,0.7489,,119122.4554,94729.0054,45043.4104,4770854.3388,3793896.6663
300759.SZ,20230703,38.56,39.06,38.07,38.86,38.28,0.58,1.5152,138718.58,537386.88,38.86,1.4644,3.0797,0.76,33.6759,31.4098,4.2938,4.509,4.2518,0.7719,,119122.4554,94729.0054,45043.4104,4629098.6168,3681169.1498
300759.SZ,20230630,37.77,38.98,37.53,38.28,37.84,0.44,1.1628,163564.75,627285.222,38.28,1.7267,3.6313,0.67,33.1732,30.941,4.2297,4.4417,4.1884,0.7836,,119122.4554,94729.0054,45043.4104,4560007.5927,3626226.3267
300759.SZ,20230629,39.05,39.1,37.77,37.84,38.94,-1.1,-2.8249,209830.61,803006.987,37.84,2.2151,4.6584,0.87,32.7919,30.5854,4.1811,4.3907,4.1402,0.7927,,119122.4554,94729.0054,45043.4104,4507593.7123,3584545.5643
300759.SZ,20230628,39.91,40.06,38.8,38.94,40.3,-1.36,-3.3747,173785.4,681384.143,38.94,1.8346,3.8582,0.76,33.7452,31.4745,4.3026,4.5183,4.2606,0.7703,,119122.4554,94729.0054,45043.4104,4638628.4133,3688747.4703
300759.SZ,20230627,40.15,40.65,39.72,40.3,40.26,0.04,0.0994,132739.38,533018.992,40.3,1.4013,2.9469,0.56,34.9238,32.5738,4.4529,4.6761,4.4094,0.7443,,119122.4554,94729.0054,45043.4104,4800634.9526,3817578.9176
300759.SZ,20230626,39.0,40.9,38.88,40.26,39.65,0.61,1.5385,230237.15,924442.943,40.26,2.4305,5.1115,0.94,34.8891,32.5414,4.4485,4.6715,4.405,0.745,,119122.4554,94729.0054,45043.4104,4795870.0544,3813789.7574
300759.SZ,20230621,44.34,44.47,39.5,39.65,44.6,-4.95,-11.0987,469593.52,1922769.662,39.65,4.9572,10.4254,2.65,34.3605,32.0484,4.3811,4.6007,4.3382,0.7565,,119122.4554,94729.0054,45043.4104,4723205.3566,3756005.0641
300759.SZ,20230620,46.57,47.09,44.54,44.6,46.48,-1.88,-4.0448,192829.23,876747.517,44.6,2.0356,4.281,1.21,38.6501,36.0494,4.928,5.1751,4.8798,0.6725,,119122.4554,94729.0054,45043.4104,5312861.5108,4224913.6408
300759.SZ,20230619,47.8,47.94,46.38,46.48,47.96,-1.48,-3.0859,113651.77,533739.795,46.48,1.1998,2.366,0.7,40.2793,37.569,5.1358,5.3932,5.0855,0.6453,,119122.4554,94729.0054,48035.1904,5536811.727,4403004.171
300759.SZ,20230616,47.47,48.47,47.0,47.96,47.37,0.59,1.2455,182272.5,871788.972,47.96,1.9241,3.7946,1.01,41.5619,38.7652,5.2993,5.5649,5.2475,0.6254,,119122.4554,94729.0054,48035.1904,5713112.961,4543203.099
300759.SZ,20230615,44.99,47.48,44.99,47.37,44.74,2.63,5.8784,269166.33,1254472.102,47.37,2.8414,5.6035,1.68,41.0506,38.2883,5.2341,5.4965,5.1829,0.6332,,119122.4554,94729.0054,48035.1904,5642830.7123,4487312.9858
300759.SZ,20230614,45.8,46.59,44.71,44.74,45.58,-0.84,-1.8429,127835.05,582465.4,44.74,1.3495,2.6613,0.81,38.7714,36.1625,4.9435,5.1913,4.8952,0.6704,,119122.4554,94729.0054,48035.1904,5329538.6546,4238175.7016
300759.SZ,20230613,45.74,46.88,45.25,45.58,45.74,-0.16,-0.3498,100847.4,462604.815,45.58,1.0646,2.0994,0.64,39.4994,36.8415,5.0363,5.2888,4.9871,0.6581,0.6581,119122.4554,94729.0054,48035.1904,5429601.5171,4317748.0661
300759.SZ,20230612,45.84,47.27,45.05,45.74,45.97,-0.23,-0.5003,135399.27,623347.397,45.74,1.4293,2.8188,0.84,39.638,36.9708,5.054,5.3073,5.0046,0.6558,0.6558,119122.4554,94729.0054,48035.1904,5448661.11,4332904.707
300759.SZ,20230609,43.51,46.6,43.35,45.97,43.76,2.21,5.0503,266897.27,1218410.046,45.97,2.8175,5.5563,2.02,39.8374,37.1567,5.0794,5.334,5.0297,0.6525,0.6525,119122.4554,94729.0054,48035.1904,5476059.2747,4354692.3782
300759.SZ,20230608,44.6,45.28,43.24,43.76,44.69,-0.93,-2.081,171942.48,759235.347,43.76,1.8151,3.5795,1.11,37.9222,35.3704,4.8352,5.0776,4.7879,0.6854,0.6854,119122.4554,94729.0054,48035.1904,5212798.6483,4145341.2763
300759.SZ,20230607,45.33,46.0,44.44,44.69,45.31,-0.62,-1.3684,112364.88,505861.848,44.69,1.1862,2.3392,0.72,38.7281,36.1221,4.938,5.1855,4.8897,0.6712,0.6712,119122.4554,94729.0054,48035.1904,5323582.5318,4233439.2513
300759.SZ,20230606,46.61,46.65,45.15,45.31,46.45,-1.14,-2.4543,98111.37,449730.081,45.31,1.0357,2.0425,0.62,39.2654,36.6233,5.0065,5.2574,4.9575,0.662,0.662,119122.4554,94729.0054,48035.1904,5397438.4542,4292171.2347
300759.SZ,20230605,48.6,48.68,46.12,46.45,48.7,-2.25,-4.6201,158738.84,741775.254,46.45,1.6757,3.3046,1.04,40.2533,37.5447,5.1325,5.3897,5.0823,0.6458,0.6458,119122.4554,94729.0054,48035.1904,5533238.0533,4400162.3008
300759.SZ,20230602,49.16,49.31,47.69,48.7,48.32,0.38,0.7864,120738.98,585577.333,48.7,1.2746,2.5136,0.78,42.2032,39.3633,5.3811,5.6508,5.3284,0.6159,0.6159,119122.4554,94729.0054,48035.1904,5801263.578,4613302.563
300759.SZ,20230601,46.1,49.95,45.73,48.32,46.1,2.22,4.8156,286017.52,1389442.739,48.32,3.0193,5.9543,2.49,41.8738,39.0562,5.3391,5.6067,5.2869,0.6208,0.6208,119122.4554,94729.0054,48035.1904,5755997.0449,4577305.5409
300759.SZ,20230531,45.73,47.44,45.6,46.1,46.1,0.0,0.0,112795.59,524877.583,46.1,1.1907,2.3482,1.04,39.95,37.2618,5.0938,5.3491,5.044,0.6507,0.6507,119122.4554,94729.0054,48035.1904,5491545.1939,4367007.1489
300759.SZ,20230530,45.14,46.23,44.29,46.1,45.52,0.58,1.2742,112525.47,509688.742,46.1,1.1879,2.3426,1.0,39.95,37.2618,5.0938,5.3491,5.044,0.6507,0.6507,119122.4554,94729.0054,48035.1904,5491545.1939,4367007.1489
300759.SZ,20230529,45.19,45.6,44.15,45.52,45.18,0.34,0.7525,132043.18,593176.682,45.52,1.3939,2.7489,1.14,39.4474,36.793,5.0297,5.2818,4.9805,0.6589,0.6589,119122.4554,94729.0054,48035.1904,5422454.1698,4312064.3258
300759.SZ,20230526,46.99,47.32,45.16,45.18,47.1,-1.92,-4.0764,132457.74,611586.699,45.18,1.3983,2.7575,1.22,39.1527,36.5182,4.9921,5.2424,4.9433,0.6639,0.6639,119122.4554,94729.0054,48035.1904,5381952.535,4279856.464
300759.SZ,20230525,47.4,47.64,46.53,47.1,47.33,-0.23,-0.4859,84158.66,395749.019,47.1,0.8884,1.752,0.77,40.8166,38.0701,5.2043,5.4651,5.1534,0.6368,0.6368,119122.4554,94729.0054,48035.1904,5610667.6493,4461736.1543
300759.SZ,20230524,47.6,48.43,47.17,47.33,48.0,-0.67,-1.3958,80095.89,381189.728,47.33,0.8455,1.6674,0.69,41.0159,38.256,5.2297,5.4918,5.1785,0.6337,0.6337,119122.4554,94729.0054,48035.1904,5638065.8141,4483523.8256
300759.SZ,20230523,48.4,49.5,47.8,48.0,48.41,-0.41,-0.8469,133383.85,650984.419,48.0,1.4081,2.7768,1.13,41.5965,38.7975,5.3037,5.5696,5.2519,0.6249,0.6249,119122.4554,94729.0054,48035.1904,5717877.8592,4546992.2592
300759.SZ,20230522,47.7,49.54,47.1,48.41,47.69,0.72,1.5098,150501.84,728362.062,48.41,1.5888,2.7477,1.19,41.9518,39.1289,5.349,5.6171,5.2967,0.6196,0.6196,119122.4554,94729.0054,54774.7004,5766718.0659,4585831.1514
300759.SZ,20230519,47.7,48.4,46.84,47.69,47.85,-0.16,-0.3344,92774.06,442342.54,47.69,0.9794,1.6937,0.72,41.3279,38.547,5.2695,5.5336,5.2179,0.629,0.629,119122.4554,94729.0054,54774.7004,5680949.898,4517626.2675
300759.SZ,20230518,48.5,49.11,47.45,47.85,48.46,-0.61,-1.2588,92639.72,445052.601,47.85,0.9779,1.6913,0.6,41.4666,38.6763,5.2872,5.5522,5.2354,0.6269,0.6269,119122.4554,94729.0054,54774.7004,5700009.4909,4532782.9084
300759.SZ,20230517,49.53,49.91,48.13,48.46,50.08,-1.62,-3.2348,109413.52,532810.954,48.46,1.155,1.9975,0.71,41.9952,39.1694,5.3546,5.6229,5.3022,0.619,0.619,119122.4554,94729.0054,54774.7004,5772674.1887,4590567.6017
300759.SZ,20230516,49.98,50.61,49.13,50.08,50.0,0.08,0.16,143420.21,715125.974,50.08,1.514,2.6184,0.96,43.3991,40.4788,5.5336,5.8109,5.4794,0.5989,0.5989,119122.4554,94729.0054,54774.7004,5965652.5664,4744028.5904
300759.SZ,20230515,45.99,50.53,45.56,50.0,46.01,3.99,8.672,192026.07,924058.649,50.0,2.0271,3.5057,1.4,43.3297,40.4141,5.5247,5.8016,5.4707,0.5999,0.5999,119122.4554,94729.0054,54774.7004,5956122.77,4736450.27
300759.SZ,20230512,47.42,48.32,45.98,46.01,47.63,-1.62,-3.4012,110907.28,519050.403,46.01,1.1728,2.0307,0.85,39.872,37.1891,5.0838,5.3387,5.0341,0.6519,0.6519,119122.4554,94569.0544,54614.7494,5480824.173,4351122.1929
300759.SZ,20230511,46.8,49.0,46.24,47.63,46.35,1.28,2.7616,214070.78,1022784.805,47.63,2.2636,3.9197,1.94,41.2759,38.4985,5.2628,5.5266,5.2114,0.6298,0.6298,119122.4554,94569.0544,54614.7494,5673802.5507,4504324.0611
300759.SZ,20230510,46.28,47.2,45.55,46.35,45.98,0.37,0.8047,111703.14,517708.159,46.35,1.1812,2.0453,0.82,40.1667,37.4639,5.1214,5.3781,5.0713,0.6471,0.6471,119122.4554,94569.0544,54614.7494,5521325.8078,4383275.6714
300759.SZ,20230509,47.86,48.21,45.88,45.98,48.07,-2.09,-4.3478,115720.85,539729.01,45.98,1.2237,2.1189,0.82,39.846,37.1648,5.0805,5.3352,5.0308,0.6524,0.6524,119122.4554,94569.0544,54614.7494,5477250.4993,4348285.1213
300759.SZ,20230508,47.3,48.62,46.16,48.07,47.15,0.92,1.9512,134131.91,636139.521,48.07,1.4183,2.456,0.97,41.6572,38.8541,5.3115,5.5777,5.2595,0.624,0.624,119122.4554,94569.0544,54614.7494,5726216.4311,4545934.445
300759.SZ,20230505,47.4,47.85,46.8,47.15,47.2,-0.05,-0.1059,76958.28,363568.851,47.15,0.8138,1.4091,0.45,40.8599,38.1105,5.2098,5.4709,5.1588,0.6362,0.6362,119122.4554,94569.0544,54614.7494,5616623.7721,4458930.915
300759.SZ,20230504,48.15,49.11,47.15,47.2,48.96,-1.76,-3.5948,112635.59,538211.448,47.2,1.191,2.0624,0.65,40.9033,38.1509,5.2153,5.4767,5.1643,0.6355,0.6355,119122.4554,94569.0544,54614.7494,5622579.8949,4463659.3677
300759.SZ,20230428,47.18,50.32,47.0,48.96,45.35,3.61,7.9603,237992.0,1159683.685,48.96,2.5166,4.3333,1.56,42.4285,39.5735,5.4098,5.681,5.3569,0.6126,0.6126,119122.4554,94569.0544,54921.747,5832235.4164,4630100.9034
300759.SZ,20230427,46.53,46.99,45.09,45.35,46.45,-1.1,-2.3681,143009.72,654489.224,45.35,1.5122,2.6039,1.01,39.3001,39.3001,5.2195,5.2621,5.2621,0.6614,0.6614,119122.4554,94569.0544,54921.747,5402203.3524,4288706.617
300759.SZ,20230426,45.6,47.56,45.6,46.45,45.6,0.85,1.864,122127.06,568164.55,46.45,1.2914,2.2237,0.87,40.2533,40.2533,5.3461,5.3897,5.3897,0.6458,0.6458,119122.4554,94569.0544,54921.747,5533238.0533,4392732.5769
300759.SZ,20230425,49.41,49.73,45.29,45.6,49.4,-3.8,-7.6923,246509.41,1141024.472,45.6,2.6067,4.4884,2.12,39.5167,39.5167,5.2483,5.2911,5.2911,0.6578,0.6578,119122.4554,94569.0544,54921.747,5431983.9662,4312348.8806
300759.SZ,20230424,50.67,51.7,49.1,49.4,50.98,-1.58,-3.0993,122407.2,611255.39,49.4,1.2944,2.2288,1.04,42.8098,42.8098,5.6856,5.732,5.732,0.6072,0.6072,119122.4554,94569.0544,54921.747,5884649.2968,4671711.2874
300759.SZ,20230421,52.64,52.81,50.56,50.98,52.67,-1.69,-3.2087,129785.67,668444.814,50.98,1.3724,2.3631,0.89,44.179,44.179,5.8675,5.9153,5.9153,0.5884,0.5884,119122.4554,94569.0544,54921.747,6072862.7763,4821130.3933
300759.SZ,20230420,53.21,54.2,52.23,52.67,53.36,-0.69,-1.2931,88761.89,469787.293,52.67,0.9386,1.6162,0.52,45.6435,45.6435,6.062,6.1114,6.1114,0.5695,0.5695,119122.4554,94569.0544,54921.747,6274179.7259,4980952.0952
300759.SZ,20230419,54.36,54.91,52.33,53.36,54.59,-1.23,-2.2532,113079.38,603874.925,53.36,1.1957,2.0589,0.66,46.2415,46.2415,6.1414,6.1915,6.1915,0.5621,0.5621,119122.4554,94569.0544,54921.747,6356374.2201,5046204.7428
300759.SZ,20230418,54.7,55.5,53.0,54.59,55.64,-1.05,-1.8871,127463.4,694211.827,54.59,1.3478,2.3208,0.75,47.3074,47.3074,6.283,6.3342,6.3342,0.5495,0.5495,119122.4554,94569.0544,54921.747,6502894.8403,5162524.6797
300759.SZ,20230417,54.85,56.26,54.54,55.64,55.5,0.14,0.2523,127846.69,710082.977,55.64,1.3519,2.3278,0.75,48.2173,48.2173,6.4038,6.4561,6.4561,0.5391,0.5391,119122.4554,94569.0544,54921.747,6627973.4185,5261822.1868
300759.SZ,20230414,55.0,58.88,54.97,55.5,54.3,1.2,2.2099,273269.73,1543427.232,55.5,2.8896,4.9756,1.79,48.096,48.096,6.3877,6.4398,6.4398,0.5405,0.5405,119122.4554,94569.0544,54921.747,6611296.2747,5248582.5192
300759.SZ,20230413,50.83,55.4,50.52,54.3,51.17,3.13,6.1169,219696.93,1178984.716,54.3,2.3231,4.0002,1.46,47.0561,47.0561,6.2496,6.3006,6.3006,0.5524,0.5524,119122.4554,94569.0544,54921.747,6468349.3282,5135099.6539
300759.SZ,20230412,52.0,52.47,50.99,51.17,52.0,-0.83,-1.5962,110048.64,566740.575,51.17,1.1637,2.0037,0.65,44.3436,44.3436,5.8893,5.9374,5.9374,0.5862,0.5862,119122.4554,94569.0544,54921.747,6095496.0428,4839098.5136
300759.SZ,20230411,52.25,53.16,51.33,52.0,52.23,-0.23,-0.4404,120633.57,627996.532,52.0,1.2756,2.1965,0.59,45.0629,45.0629,5.9849,6.0337,6.0337,0.5768,0.5768,119122.4554,94569.0544,54921.747,6194367.6808,4917590.8288
300759.SZ,20230410,52.46,53.22,52.01,52.23,52.45,-0.22,-0.4194,123235.1,647818.783,52.23,1.3031,2.2438,0.43,45.2622,45.2622,6.0113,6.0604,6.0604,0.5743,0.5743,119122.4554,94569.0544,54921.747,6221765.8455,4939341.7113
300759.SZ,20230407,50.48,52.94,49.59,52.45,50.13,2.32,4.628,189571.18,987413.891,52.45,2.0046,3.4517,0.71,45.4529,45.4529,6.0367,6.0859,6.0859,0.5719,0.5719,119122.4554,94569.0544,54921.747,6247972.7857,4960146.9033
300759.SZ,20230406,47.39,50.52,47.27,50.13,47.75,2.38,4.9843,209262.12,1031725.843,50.13,2.2128,3.8102,0.84,43.4424,43.4424,5.7696,5.8167,5.8167,0.5983,0.5983,119122.4554,94569.0544,54921.747,5971608.6892,4740746.6971
300759.SZ,20230404,48.66,48.91,46.91,47.75,48.72,-0.97,-1.991,206366.83,980529.102,47.75,2.1822,3.7575,0.86,41.3799,41.3799,5.4957,5.5406,5.5406,0.6282,0.6282,119122.4554,94569.0544,54921.747,5688097.2454,4515672.3476
300759.SZ,20230403,48.38,49.37,47.63,48.72,48.97,-0.25,-0.5105,296522.33,1434756.782,48.72,3.1355,5.399,1.34,42.2205,42.2205,5.6074,5.6531,5.6531,0.6157,0.6157,119122.4554,94569.0544,54921.747,5803646.0271,4607404.3304
300759.SZ,20230331,53.88,53.93,46.39,48.97,57.05,-8.08,-14.163,543588.64,2654510.217,48.97,5.7481,10.9668,4.06,42.4371,42.4371,5.6361,5.6821,5.6821,0.6125,0.6125,119122.4554,94569.0544,49566.8633,5833426.6409,4631046.594
300759.SZ,20230330,57.2,57.7,56.22,57.05,56.94,0.11,0.1932,79729.23,454589.589,57.05,0.8431,1.5399,0.56,40.914,42.9559,6.6559,9.1297,7.1199,0.5258,0.5258,119122.4554,94569.0544,51776.1202,6795936.0806,5395164.5535
300759.SZ,20230329,58.0,58.38,56.76,56.94,58.53,-1.59,-2.7166,125437.53,718645.688,56.94,1.3264,2.4227,0.85,40.8351,42.8731,6.643,9.1121,7.1061,0.5268,0.5268,119122.4554,94569.0544,51776.1202,6782832.6105,5384761.9575
300759.SZ,20230328,59.38,60.15,57.68,58.53,59.27,-0.74,-1.2485,158864.68,937865.715,58.53,1.6799,3.0683,0.96,41.9754,44.0703,6.8285,9.3665,7.3046,0.5125,0.5125,119122.4554,94569.0544,51776.1202,6972237.3146,5535126.754
300759.SZ,20230327,57.51,60.64,56.86,59.27,57.78,1.49,2.5787,202551.93,1196043.71,59.27,2.1418,3.9121,1.29,42.5061,44.6274,6.9149,9.485,7.3969,0.5061,0.5061,119122.4554,94569.0544,51776.1202,7060387.9316,5605107.8543
300759.SZ,20230324,58.33,59.09,57.5,57.78,58.32,-0.54,-0.9259,103497.22,602761.973,57.78,1.0944,1.9989,0.64,41.4376,43.5056,6.741,9.2465,7.211,0.5191,0.5191,119122.4554,94569.0544,51776.1202,6882895.473,5464199.9632
300759.SZ,20230323,57.5,59.19,57.34,58.32,58.08,0.24,0.4132,122118.58,711068.57,58.32,1.2913,2.3586,0.74,41.8248,43.9121,6.804,9.3329,7.2784,0.5143,0.5143,119122.4554,94569.0544,51776.1202,6947221.5989,5515267.2526
300759.SZ,20230322,57.5,58.49,57.03,58.08,57.47,0.61,1.0614,152770.69,883609.921,58.08,1.6154,2.9506,0.97,41.6527,43.7314,6.776,9.2945,7.2484,0.5164,0.5164,119122.4554,94569.0544,51776.1202,6918632.2096,5492570.6796
300759.SZ,20230321,53.92,57.8,53.88,57.47,53.66,3.81,7.1003,247725.36,1399059.926,57.47,2.6195,4.8397,1.73,41.2152,43.2721,6.7049,9.1969,7.1723,0.5219,0.5219,119122.4554,94569.0544,51186.1245,6845967.5118,5434883.5564
300759.SZ,20230320,53.07,54.6,51.72,53.66,53.07,0.59,1.1117,157286.09,836213.038,53.66,1.6632,3.0728,1.01,38.4828,40.4034,6.2604,8.5872,6.6968,0.559,0.559,119122.4554,94569.0544,51186.1245,6392110.9568,5074575.4591
300759.SZ,20230317,54.49,54.91,52.97,53.07,54.0,-0.93,-1.7222,128379.32,689073.077,53.07,1.3575,2.5081,0.8,38.0597,39.9591,6.1915,8.4928,6.6232,0.5652,0.5652,119122.4554,94569.0544,51186.1245,6321828.7081,5018779.717
300759.SZ,20230316,55.19,56.25,53.73,54.0,55.95,-1.95,-3.4853,135356.3,738700.776,54.0,1.4313,2.6444,0.87,38.7267,40.6594,6.3,8.6416,6.7392,0.5555,0.5555,119122.4554,94569.0544,51186.1245,6432612.5916,5106728.9376
300759.SZ,20230315,56.66,57.85,55.86,55.95,56.25,-0.3,-0.5333,122395.21,696389.53,55.95,1.2942,2.3912,0.79,40.1251,42.1276,6.5275,8.9537,6.9826,0.5361,0.5361,119122.4554,94569.0544,51186.1245,6664901.3796,5291138.5937
300759.SZ,20230314,55.08,56.94,54.81,56.25,55.09,1.16,2.1056,171870.34,963402.097,56.25,1.8174,3.3578,1.07,40.3403,42.3535,6.5625,9.0017,7.02,0.5332,0.5332,119122.4554,94569.0544,51186.1245,6700638.1163,5319509.31
300759.SZ,20230313,56.22,56.22,54.54,55.09,57.21,-2.12,-3.7056,220996.79,1219868.9,55.09,2.3369,4.3175,1.38,39.5084,41.4801,6.4272,8.816,6.8753,0.5445,0.5445,119122.4554,94569.0544,51186.1245,6562456.068,5209809.2069
300759.SZ,20230310,56.65,57.64,55.84,57.21,57.43,-0.22,-0.3831,149688.65,848452.224,57.21,1.5829,2.9244,0.92,41.0288,43.0764,6.6745,9.1553,7.1398,0.5243,0.5243,119122.4554,94569.0544,51186.1245,6814995.6734,5410295.6022
300759.SZ,20230309,57.89,58.36,57.2,57.43,57.89,-0.46,-0.7946,112990.71,651716.234,57.43,1.1948,2.2074,0.68,41.1865,43.242,6.7002,9.1905,7.1673,0.5223,0.5223,119122.4554,94569.0544,51186.1245,6841202.6136,5431100.7942
300759.SZ,20230308,58.31,59.39,57.36,57.89,58.2,-0.31,-0.5326,116043.75,674810.04,57.89,1.2271,2.2671,0.67,41.5164,43.5884,6.7539,9.2641,7.2247,0.5181,0.5181,119122.4554,94569.0544,51186.1245,6895998.9431,5474602.5592
300759.SZ,20230307,57.87,60.09,57.69,58.2,57.93,0.27,0.4661,206758.4,1217993.539,58.2,2.1863,4.0393,1.3,41.7388,43.8218,6.79,9.3137,7.2634,0.5154,0.5154,119122.4554,94569.0544,51186.1245,6932926.9043,5503918.9661
300759.SZ,20230306,60.3,60.5,57.58,57.93,60.12,-2.19,-3.6427,216046.77,1258437.142,57.93,2.2845,4.2208,1.56,41.5451,43.6185,6.7585,9.2705,7.2297,0.5178,0.5178,119122.4554,94569.0544,51186.1245,6900763.8413,5478385.3214
300759.SZ,20230303,59.16,61.36,59.16,60.12,58.88,1.24,2.106,161604.08,974698.765,60.12,1.7088,3.1572,1.09,43.1157,45.2675,7.014,9.621,7.503,0.4989,0.4989,119122.4554,94569.0544,51186.1245,7161642.0186,5685491.5505
300759.SZ,20230302,60.24,60.75,58.76,58.88,60.57,-1.69,-2.7902,135509.12,807111.37,58.88,1.4329,2.6474,0.87,42.2264,44.3338,6.8694,9.4226,7.3483,0.5094,0.5094,119122.4554,94569.0544,51186.1245,7013930.174,5568225.9231
300759.SZ,20230301,59.96,60.9,58.43,60.57,59.77,0.8,1.3385,150157.08,899459.53,60.57,1.5878,2.9336,0.98,43.4384,45.6063,7.0665,9.693,7.5592,0.4952,0.4952,119122.4554,94569.0544,51186.1245,7215247.1236,5728047.625
300759.SZ,20230228,59.9,61.13,59.0,59.77,59.75,0.02,0.0335,134802.88,808032.317,59.77,1.4254,2.6336,0.83,42.8647,45.0039,6.9732,9.565,7.4593,0.5018,0.5018,119122.4554,94569.0544,51186.1245,7119949.1593,5652392.3815
300759.SZ,20230227,60.0,60.65,59.37,59.75,60.24,-0.49,-0.8134,109193.52,652514.145,59.75,1.1546,2.1333,0.66,42.8504,44.9889,6.9709,9.5618,7.4568,0.502,0.502,119122.4554,94569.0544,51186.1245,7117566.7102,5650501.0004
300759.SZ,20230224,63.0,63.01,60.0,60.24,63.21,-2.97,-4.6986,214054.75,1307252.444,60.24,2.2635,4.1819,1.49,43.2018,45.3578,7.028,9.6402,7.518,0.4979,0.4979,119122.4554,94569.0544,51186.1245,7175936.7133,5696839.8371
300759.SZ,20230223,61.4,63.98,61.22,63.21,61.42,1.79,2.9144,170293.36,1077340.882,63.21,1.8007,3.3269,1.28,45.3317,47.5941,7.3745,10.1155,7.8886,0.4745,0.4745,119122.4554,94569.0544,51186.1245,7529730.4058,5977709.9286
300759.SZ,20230222,61.29,62.64,60.75,61.42,61.82,-0.4,-0.647,140586.85,865633.356,61.42,1.4866,2.7466,1.09,44.048,46.2463,7.1657,9.829,7.6652,0.4884,0.4884,119122.4554,94569.0544,51186.1245,7316501.2107,5808431.3212
300759.SZ,20230221,64.11,64.11,61.38,61.82,64.25,-2.43,-3.7821,174512.91,1085311.918,61.82,1.8453,3.4094,1.33,44.3349,46.5475,7.2124,9.893,7.7152,0.4852,0.4852,119122.4554,94569.0544,51186.1245,7364150.1928,5846258.943
300759.SZ,20230220,63.32,64.25,62.1,64.25,63.77,0.48,0.7527,128302.04,811514.878,64.25,1.3567,2.5066,0.89,46.0776,48.3771,7.4959,10.2819,8.0184,0.4669,0.4669,119122.4554,94569.0544,51186.1245,7653617.7595,6076061.7452
300759.SZ,20230217,65.0,65.71,63.77,63.77,65.0,-1.23,-1.8923,104290.43,673826.235,63.77,1.1028,2.0375,0.74,45.7333,48.0157,7.4399,10.2051,7.9585,0.4704,0.4704,119122.4554,94569.0544,51186.1245,7596438.9809,6030668.5991
300759.SZ,20230216,66.0,67.45,64.72,65.0,65.88,-0.88,-1.3358,117225.36,774898.569,65.0,1.2396,2.2902,0.85,46.6155,48.9419,7.5834,10.4019,8.112,0.4615,0.4615,119122.4554,94569.0544,51186.1245,7742959.601,6146988.536
300759.SZ,20230215,67.39,67.4,65.41,65.88,67.45,-1.57,-2.3277,120493.89,795492.766,65.88,1.2741,2.354,0.93,47.2466,49.6045,7.686,10.5428,8.2219,0.4553,0.4553,119122.4554,94569.0544,51186.1245,7847787.3618,6230209.3039
300759.SZ,20230214,68.51,68.87,66.42,67.45,68.68,-1.23,-1.7909,183374.65,1230345.038,67.45,1.9391,3.5825,1.69,48.3725,50.7866,7.8692,10.794,8.4178,0.4447,0.4447,119122.4554,94569.0544,51186.1245,8034809.6167,6378682.7193
300759.SZ,20230213,70.36,71.77,67.9,68.68,70.56,-1.88,-2.6644,197270.53,1363571.138,68.68,2.086,3.854,1.91,49.2546,51.7127,8.0127,10.9908,8.5713,0.4367,0.4367,119122.4554,94569.0544,51186.1245,8181330.2369,6495002.6562
300759.SZ,20230210,71.5,71.78,69.73,70.56,71.5,-0.94,-1.3147,89015.03,626912.028,70.56,0.9413,1.739,0.84,50.6029,53.1283,8.232,11.2917,8.8059,0.4251,0.4251,119122.4554,94569.0544,51186.1245,8405280.453,6672792.4785
300759.SZ,20230209,70.83,72.5,70.21,71.5,71.12,0.38,0.5343,99715.67,709680.177,71.5,1.0544,1.9481,0.83,51.277,53.836,8.3417,11.4421,8.9232,0.4195,0.4195,119122.4554,94569.0544,51186.1245,8517255.5611,6761687.3896
300759.SZ,20230208,71.1,74.0,71.09,71.12,70.95,0.17,0.2396,76987.22,555980.266,71.12,0.8141,1.5041,0.47,51.0045,53.5499,8.2974,11.3813,8.8758,0.4218,0.4218,119122.4554,94569.0544,51186.1245,8471989.028,6725751.1489
300759.SZ,20230207,71.5,72.42,70.3,70.95,71.0,-0.05,-0.0704,81097.81,579276.71,70.95,0.8576,1.5844,0.39,50.8826,53.4219,8.2775,11.3541,8.8546,0.4228,0.4228,119122.4554,94569.0544,51186.1245,8451738.2106,6709674.4097
300759.SZ,20230206,74.03,74.3,69.8,71.0,74.72,-3.72,-4.9786,168750.59,1200285.204,71.0,1.7844,3.2968,0.88,50.9184,53.4596,8.2834,11.3621,8.8608,0.4225,0.4225,119122.4554,94569.0544,51186.1245,8457694.3334,6714402.8624
300759.SZ,20230203,75.41,76.1,72.86,74.72,76.0,-1.28,-1.6842,100237.53,745971.613,74.72,1.0599,1.9583,0.54,53.5863,56.2606,8.7174,11.9574,9.3251,0.4014,0.4014,119122.4554,94569.0544,51186.1245,8900829.8675,7066199.7448
300759.SZ,20230202,72.5,77.66,71.81,76.0,72.76,3.24,4.453,176637.43,1342755.756,76.0,1.8678,3.4509,0.99,54.5042,57.2243,8.8667,12.1623,9.4848,0.3947,0.3947,119122.4554,94569.0544,51186.1245,9053306.6104,7187248.1344
300759.SZ,20230201,74.2,74.3,69.08,72.76,74.2,-1.44,-1.9407,287077.59,2042598.666,72.76,3.0356,5.6085,2.09,52.1806,54.7848,8.4887,11.6438,9.0805,0.4122,0.4122,119122.4554,94569.0544,51186.1245,8667349.8549,6880844.3981
300759.SZ,20230131,79.8,79.8,73.83,74.2,81.8,-7.6,-9.291,308617.2,2345109.074,74.2,3.2639,6.0312,3.3,53.2063,55.8617,8.6618,11.8726,9.259,0.4043,0.4043,119106.7629,94553.3619,51170.432,8837721.8072,7015859.453
300759.SZ,20230130,82.0,85.37,81.54,81.8,82.7,-0.9,-1.0883,88177.87,732369.605,81.8,0.9326,1.7232,0.79,58.656,61.5833,9.5489,13.0887,10.2073,0.3667,0.3667,119106.7629,94553.3619,51170.432,9742933.2052,7734465.0034
300759.SZ,20230120,82.58,84.58,82.28,82.7,83.0,-0.3,-0.3614,73221.45,608084.853,82.7,0.7744,1.4309,0.63,59.3014,62.2609,9.654,13.2327,10.3196,0.3628,0.3628,119106.7629,94553.3619,51170.432,9850129.2918,7819563.0291
300759.SZ,20230119,77.66,85.0,77.03,83.0,78.03,4.97,6.3693,137951.74,1134483.842,83.0,1.4646,2.7151,1.26,59.5165,62.4868,9.689,13.2807,10.3571,0.3614,0.3614,119106.7629,94191.1119,50808.182,9885861.3207,7817862.2877
300759.SZ,20230118,79.4,80.27,77.13,78.03,79.8,-1.77,-2.218,79316.03,621067.141,78.03,0.8421,1.5611,0.69,55.9527,58.7451,9.1089,12.4855,9.7369,0.3845,0.3845,119106.7629,94191.1119,50808.182,9293900.7091,7349732.4616
300759.SZ,20230117,80.89,81.58,79.2,79.8,80.88,-1.08,-1.3353,88252.12,707716.653,79.8,0.9369,1.7445,0.77,57.2219,60.0776,9.3155,12.7687,9.9578,0.3759,0.3759,119106.7629,94191.1119,50588.182,9504719.6794,7516450.7296
300759.SZ,20230116,76.2,84.91,75.89,80.88,75.85,5.03,6.6315,182483.39,1464708.966,80.88,1.9374,3.6072,1.89,57.9963,60.8907,9.4416,12.9415,10.0925,0.3709,0.3709,119106.7629,94191.1119,50588.182,9633354.9834,7618177.1305
300759.SZ,20230113,76.22,76.99,74.45,75.85,76.16,-0.31,-0.407,91749.72,694092.871,75.85,0.9741,1.8137,0.94,54.3895,57.1039,8.8544,12.1367,9.4649,0.3955,0.3955,119106.7629,94191.1119,50588.182,9034247.966,7144395.8376
300759.SZ,20230112,74.49,77.5,74.27,76.16,74.55,1.61,2.1596,107622.59,821593.045,76.16,1.1426,2.1274,0.98,54.6118,57.3372,8.8906,12.1863,9.5036,0.3939,0.3939,119106.7629,94191.1119,50588.182,9071171.0625,7173595.0823
300759.SZ,20230111,73.25,75.87,72.7,74.55,73.14,1.41,1.9278,107351.39,802488.609,74.55,1.1397,2.1221,0.93,53.4573,56.1252,8.7026,11.9286,9.3027,0.4024,0.4024,119106.7629,94191.1119,50588.182,8879409.1742,7021947.3921
300759.SZ,20230110,72.0,74.41,70.93,73.14,71.89,1.25,1.7388,82176.55,598881.341,73.14,0.8724,1.6244,0.71,52.4462,55.0636,8.538,11.703,9.1267,0.4102,0.4102,119106.7629,94191.1119,50588.182,8711468.6385,6889137.9244
300759.SZ,20230109,72.3,73.18,70.98,71.89,71.95,-0.06,-0.0834,93165.9,670483.13,71.89,0.9891,1.8796,0.82,51.5499,54.1226,8.3921,11.503,8.9707,0.4173,0.4173,119106.7629,94191.1119,49566.8633,8562585.1849,6771399.0345
300759.SZ,20230106,72.55,73.5,71.5,71.95,73.0,-1.05,-1.4384,95234.28,687734.243,71.95,1.0111,1.9213,0.78,51.5929,54.1677,8.3991,11.5126,8.9782,0.417,0.417,119106.7629,94191.1119,49566.8633,8569731.5907,6777050.5012
300759.SZ,20230105,69.9,75.26,69.7,73.0,70.07,2.93,4.1815,173686.97,1274629.092,73.0,1.844,3.5041,1.63,52.3458,54.9582,8.5217,11.6806,9.1092,0.411,0.411,119106.7629,94191.1119,49566.8633,8694793.6917,6875951.1687
300759.SZ,20230104,68.0,71.33,67.39,70.07,67.4,2.67,3.9614,134852.75,944754.849,70.07,1.4317,2.7206,1.33,50.2448,52.7524,8.1796,11.2118,8.7436,0.4281,0.4281,119106.7629,94191.1119,49566.8633,8345810.8764,6599971.2108
300759.SZ,20230103,67.99,68.87,66.51,67.4,68.0,-0.6,-0.8824,83514.26,563163.064,67.4,0.8866,1.6849,0.88,48.3303,50.7423,7.868,10.7846,8.4104,0.4451,0.4451,119106.7629,94191.1119,49566.8633,8027795.8195,6348480.9421
300759.SZ,20221230,67.0,68.5,66.64,68.0,67.46,0.54,0.8005,81892.06,554995.752,68.0,0.8694,1.6522,0.91,48.7605,51.194,7.938,10.8806,8.4853,0.2943,0.4412,119106.7629,94191.1119,49566.8633,8099259.8772,6404995.6092
300759.SZ,20221229,64.23,68.66,63.74,67.46,64.3,3.16,4.9145,134254.77,901199.307,67.46,1.4253,2.7086,1.54,48.3733,50.7874,7.875,10.7942,8.4179,0.2966,0.4447,119106.7629,94191.1119,49566.8633,8034942.2252,6354132.4088
300759.SZ,20221228,64.36,65.65,64.24,64.3,64.31,-0.01,-0.0155,97956.23,636138.942,64.3,1.04,1.9762,1.26,46.1074,48.4084,7.5061,10.2886,8.0236,0.3112,0.4666,119106.7629,94191.1119,49566.8633,7658564.8545,6056488.4952
300759.SZ,20221227,61.14,65.77,60.61,64.31,60.79,3.52,5.7904,110572.17,704268.066,64.31,1.1739,2.2308,1.67,46.1145,48.4159,7.5072,10.2902,8.0249,0.3112,0.4665,119106.7629,94191.1119,49566.8633,7659755.9221,6057430.4063
300759.SZ,20221226,60.6,61.83,60.31,60.79,60.82,-0.03,-0.0493,50265.81,307235.554,60.79,0.5337,1.0141,0.72,43.5905,45.7659,7.0963,9.7269,7.5856,0.3292,0.4935,119106.7629,94191.1119,49566.8633,7240500.1167,5725877.6924
300759.SZ,20221223,59.8,61.95,59.1,60.82,60.38,0.44,0.7287,59028.76,359635.037,60.82,0.6267,1.1909,0.83,43.612,45.7885,7.0998,9.7317,7.5894,0.329,0.4933,119106.7629,94191.1119,49566.8633,7244073.3196,5728703.4258
300759.SZ,20221222,58.2,62.47,57.84,60.38,58.23,2.15,3.6923,118266.65,717609.034,60.38,1.2556,2.386,1.97,43.2965,45.4572,7.0485,9.6613,7.5345,0.3314,0.4969,119106.7629,94191.1119,49566.8633,7191666.3439,5687259.3365
300759.SZ,20221221,58.01,58.8,57.13,58.23,57.88,0.35,0.6047,51042.86,295239.678,58.23,0.5419,1.0298,0.82,41.7548,43.8386,6.7975,9.3173,7.2662,0.3436,0.5152,119106.7629,94191.1119,49566.8633,6935586.8037,5484748.4459
300759.SZ,20221220,59.48,59.59,57.65,57.88,59.32,-1.44,-2.4275,53118.09,309222.339,57.88,0.5639,1.0747,0.83,41.5038,43.5751,6.7566,9.2613,7.2225,0.3457,0.5183,119106.7629,94191.1119,49428.1877,6893899.4367,5451781.5568
300759.SZ,20221219,61.2,61.5,58.89,59.32,61.17,-1.85,-3.0244,69724.17,415385.334,59.32,0.7402,1.4106,1.0,42.5364,44.6592,6.9247,9.4917,7.4022,0.3373,0.5057,119106.7629,94191.1119,49428.1877,7065413.1752,5587416.7579
300759.SZ,20221216,60.88,62.21,60.44,61.17,61.0,0.17,0.2787,63539.77,391000.949,61.17,0.6746,1.2855,0.84,43.8629,46.052,7.1407,9.7877,7.633,0.3271,0.4904,119106.7629,94191.1119,49428.1877,7285760.6866,5761670.3149
300759.SZ,20221215,62.03,62.45,61.0,61.0,62.05,-1.05,-1.6922,63357.68,388943.11,61.0,0.6727,1.3112,0.84,43.741,45.924,7.1209,9.7605,7.6118,0.328,0.4918,119106.7629,94191.1119,48319.4069,7265512.5369,5745657.8259
300759.SZ,20221214,62.35,64.06,62.05,62.05,62.34,-0.29,-0.4652,60122.32,377076.838,62.05,0.6383,1.2443,0.74,44.494,46.7145,7.2434,9.9285,7.7429,0.3225,0.4835,119106.7629,94191.1119,48319.4069,7390574.6379,5844558.4934
300759.SZ,20221213,63.09,63.66,61.65,62.34,63.08,-0.74,-1.1731,64857.72,404623.618,62.34,0.6886,1.3423,0.73,44.7019,46.9328,7.2773,9.9749,7.779,0.321,0.4812,119106.7629,94191.1119,48319.4069,7425115.5992,5871873.9158
300759.SZ,20221212,64.2,64.8,62.5,63.08,64.41,-1.33,-2.0649,97924.03,619905.98,63.08,1.0396,2.0266,1.18,45.2325,47.4899,7.3637,10.0933,7.8714,0.3172,0.4756,119106.7629,94191.1119,48319.4069,7513254.6037,5941575.3387
300759.SZ,20221209,66.15,66.4,64.0,64.41,65.98,-1.57,-2.3795,90337.15,586531.191,64.41,0.9591,1.8696,1.13,46.1862,48.4912,7.5189,10.3062,8.0373,0.3107,0.4658,119106.7629,94191.1119,48319.4069,7671666.5984,6066849.5175
300759.SZ,20221208,65.88,66.6,64.66,65.98,66.22,-0.24,-0.3624,61847.01,406597.694,65.98,0.6566,1.28,0.67,47.312,49.6732,7.7022,10.5574,8.2333,0.3033,0.4547,119106.7629,94191.1119,48319.4069,7858664.2161,6214729.5632
300759.SZ,20221207,65.83,68.87,65.36,66.22,66.41,-0.19,-0.2861,90901.41,609348.022,66.22,0.9651,1.8813,1.05,47.4841,49.8539,7.7302,10.5958,8.2632,0.3022,0.453,119106.7629,94191.1119,48319.4069,7887249.8392,6237335.43
300759.SZ,20221206,65.3,69.25,64.3,66.41,65.51,0.9,1.3738,101451.33,683687.564,66.41,1.0771,2.0996,1.19,47.6204,49.9969,7.7524,10.6262,8.2869,0.3013,0.4517,119106.7629,94191.1119,48319.4069,7909880.1242,6255231.7413
300759.SZ,20221205,65.8,67.42,65.11,65.51,65.01,0.5,0.7691,70250.38,463688.616,65.51,0.7458,1.4539,0.75,46.975,49.3194,7.6473,10.4822,8.1746,0.3055,0.4579,119106.7629,94191.1119,48319.4069,7802684.0376,6170459.7406
300759.SZ,20221202,66.46,66.66,64.77,65.01,66.63,-1.62,-2.4313,73569.4,482366.316,65.01,0.7811,1.5226,0.82,46.6165,48.9429,7.589,10.4022,8.1122,0.3078,0.4615,119106.7629,94191.1119,48319.4069,7743130.6561,6123364.1846
300759.SZ,20221201,65.5,68.3,64.44,66.63,64.12,2.51,3.9145,126141.65,837460.662,66.63,1.3392,2.6106,1.53,47.7781,50.1626,7.7781,10.6614,8.3144,0.3003,0.4502,119106.7629,94191.1119,48319.4069,7936083.612,6275953.7859
300759.SZ,20221130,64.71,65.43,63.6,64.12,64.99,-0.87,-1.3387,62118.85,399580.048,64.12,0.6595,1.2856,0.65,45.9783,48.2729,7.4851,10.2598,8.0012,0.3121,0.4679,119106.7629,94191.1119,48319.4069,7637125.6371,6039534.095
300759.SZ,20221129,64.6,66.35,64.33,64.99,64.76,0.23,0.3552,92831.33,606963.027,64.99,0.9856,1.9212,0.97,46.6021,48.9279,7.5866,10.399,8.1097,0.3079,0.4616,119106.7629,94191.1119,48319.4069,7740748.5209,6121480.3624
300759.SZ,20221128,64.0,65.45,61.98,64.76,66.55,-1.79,-2.6897,112603.42,715863.578,64.76,1.1955,2.3304,1.28,46.4372,48.7547,7.5598,10.3622,8.081,0.309,0.4632,119106.7629,94191.1119,48319.4069,7713353.9654,6099816.4066
300759.SZ,20221125,66.5,67.49,64.0,66.55,66.78,-0.23,-0.3444,55582.51,367548.496,66.55,0.5901,1.1503,0.57,47.7208,50.1023,7.7687,10.6486,8.3044,0.3007,0.4508,119106.7629,94191.1119,48319.4069,7926555.071,6268418.4969
300759.SZ,20221124,65.6,68.1,65.46,66.78,65.31,1.47,2.2508,87974.27,586042.143,66.78,0.934,1.8207,0.85,47.8857,50.2755,7.7956,10.6854,8.3331,0.2996,0.4492,119106.7629,94191.1119,48319.4069,7953949.6265,6290082.4527
300759.SZ,20221123,66.5,67.47,63.73,65.31,66.93,-1.62,-2.4204,129282.59,843068.76,65.31,1.3726,2.6756,1.12,46.8316,49.1688,7.624,10.4502,8.1496,0.3064,0.4593,119106.7629,94191.1119,48319.4069,7778862.685,6151621.5182
300759.SZ,20221122,68.67,70.34,66.45,66.93,69.0,-2.07,-3.0,93414.66,632659.486,66.93,0.9918,1.9333,0.72,47.9932,50.3884,7.8131,10.7094,8.3518,0.299,0.4482,119106.7629,94191.1119,48319.4069,7971815.6409,6304211.1195
300759.SZ,20221121,68.51,69.99,67.49,69.0,69.66,-0.66,-0.9475,74529.02,511393.666,69.0,0.7913,1.5424,0.48,49.4776,51.9468,8.0547,11.0406,8.6101,0.29,0.4348,119106.7629,94191.1119,48319.4069,8218366.6401,6499186.7211
300759.SZ,20221118,71.99,73.58,69.56,69.66,72.49,-2.83,-3.904,100726.66,720414.948,69.66,1.0694,2.0846,0.52,49.9508,52.4437,8.1318,11.1462,8.6925,0.2873,0.4307,119106.7629,94191.1119,48319.4069,8296977.1036,6561352.855
300759.SZ,20221117,72.0,72.98,69.9,72.49,73.05,-0.56,-0.7666,121125.73,864976.322,72.49,1.286,2.5068,0.61,51.9801,54.5743,8.4621,11.599,9.0456,0.276,0.4139,119106.7629,94191.1119,48319.4069,8634049.2426,6827913.7016
300759.SZ,20221116,68.82,75.36,67.06,73.05,68.8,4.25,6.1773,189495.81,1356958.528,73.05,2.0118,3.9217,0.97,52.3817,54.9959,8.5275,11.6886,9.1155,0.2739,0.4107,119106.7629,94191.1119,48319.4069,8700749.0298,6880660.7243
300759.SZ,20221115,67.29,70.58,65.31,68.8,67.41,1.39,2.062,161776.97,1098070.147,68.8,1.7175,3.3481,0.8,49.3342,51.7963,8.0314,11.0086,8.5851,0.2908,0.436,119106.7629,94191.1119,48319.4069,8194545.2875,6480348.4987
300759.SZ,20221114,66.78,70.5,65.93,67.41,66.08,1.33,2.0127,200728.26,1372860.904,67.41,2.1311,4.1542,1.0,48.3374,50.7498,7.8691,10.7862,8.4117,0.2968,0.445,119106.7629,94191.1119,48319.4069,8028986.8871,6349422.8532
300759.SZ,20221111,67.5,70.3,65.49,66.08,63.03,3.05,4.839,297958.5,2028148.641,66.08,3.1633,6.1664,1.62,47.3837,49.7485,7.7139,10.5734,8.2457,0.3028,0.454,119106.7629,94191.1119,48319.4069,7870574.8924,6224148.6744
300759.SZ,20221110,64.52,66.07,62.61,63.03,65.5,-2.47,-3.771,145895.64,933360.949,63.03,1.5489,3.0194,0.74,45.1967,47.4523,7.3578,10.0853,7.8651,0.3175,0.476,119106.7629,94191.1119,48319.4069,7507299.2656,5936865.7831
300759.SZ,20221109,67.13,67.76,64.12,65.5,67.12,-1.62,-2.4136,166160.8,1092492.663,65.5,1.7641,3.3177,0.77,46.9678,49.3118,7.6462,10.4806,8.1734,0.3055,0.458,119106.7629,94191.1119,50083.2956,7801492.97,6169517.8295
300759.SZ,20221108,69.11,72.94,66.13,67.12,70.55,-3.43,-4.8618,200341.66,1374719.535,67.12,2.127,4.0002,0.92,48.1295,50.5315,7.8353,10.7398,8.3755,0.2981,0.447,119106.7629,94191.1119,50083.2956,7994445.9258,6322107.4307
300759.SZ,20221107,65.5,70.56,64.2,70.55,65.5,5.05,7.7099,191267.79,1292572.453,70.55,2.0306,3.819,0.88,50.589,53.1137,8.2357,11.2886,8.8035,0.2836,0.4252,119106.7629,94191.1119,50083.2956,8402982.1226,6645182.9445
300759.SZ,20221104,60.65,66.7,58.99,65.5,60.7,4.8,7.9077,214127.59,1358547.675,65.5,2.2733,4.2754,0.98,46.9678,49.3118,7.6462,10.4806,8.1734,0.3055,0.458,119106.7629,94191.1119,50083.2956,7801492.97,6169517.8295
300759.SZ,20221103,57.53,62.5,56.53,60.7,58.57,2.13,3.6367,218311.55,1303004.357,60.7,2.3178,4.359,1.03,43.5259,45.6981,7.0858,9.7125,7.5744,0.3297,0.4942,119106.7629,94191.1119,50083.2956,7229780.508,5717400.4923
300759.SZ,20221102,57.1,60.47,56.54,58.57,57.75,0.82,1.4199,249942.95,1477455.497,58.57,2.6536,4.9995,1.16,41.9986,44.0946,6.8372,9.3717,7.3086,0.3416,0.5122,119106.7629,94191.1119,49993.2956,6976083.1031,5516773.424
300759.SZ,20221101,52.7,58.0,52.25,57.75,52.0,5.75,11.0577,209323.2,1154032.818,57.75,2.2223,4.187,1.04,41.4106,43.4772,6.7415,9.2405,7.2063,0.3465,0.5195,119106.7629,94191.1119,49993.2956,6878415.5575,5439536.7122
300759.SZ,20221031,55.99,55.99,51.41,52.0,56.16,-4.16,-7.4074,194333.31,1025797.155,52.0,2.0632,3.8872,1.03,37.2874,39.1483,6.0702,8.3205,6.4888,0.3848,0.5769,119106.7629,94191.1119,49993.2956,6193551.6708,4897937.8188
300759.SZ,20221028,53.73,58.25,53.43,56.16,54.33,1.83,3.3683,224769.69,1271153.019,56.16,2.3863,4.496,1.28,40.2704,42.2802,6.5559,8.9861,7.0079,0.3563,0.5342,119106.7629,94191.1119,49993.2956,6689035.8045,5289772.8443
300759.SZ,20221027,53.41,55.88,51.79,54.33,52.64,1.69,3.2105,183337.88,990831.686,54.33,1.9464,3.7421,1.15,38.9582,38.4811,6.499,8.6933,7.3595,0.3683,0.5522,119106.7629,94191.1119,48993.1359,6471070.4284,5117403.1095
300759.SZ,20221026,47.55,55.24,47.32,52.64,46.85,5.79,12.3586,264679.35,1387447.261,52.64,2.81,5.4024,2.15,37.7464,37.2841,6.2968,8.4229,7.1305,0.3801,0.5699,119106.7629,94191.1119,48993.1359,6269779.9991,4958220.1304
300759.SZ,20221025,48.98,49.32,46.57,46.85,48.61,-1.76,-3.6207,140505.95,666915.089,46.85,1.4917,2.8679,1.21,33.5946,33.1831,5.6042,7.4964,6.3462,0.4271,0.6403,119106.7629,94191.1119,48993.1359,5580151.8419,4412853.5925
300759.SZ,20221024,52.2,52.5,48.36,48.61,52.2,-3.59,-6.8774,132506.81,660497.445,48.61,1.4068,2.7046,1.12,34.8566,34.4297,5.8148,7.778,6.5846,0.4117,0.6172,119106.7629,94191.1119,48993.1359,5789779.7446,4578629.9495
300759.SZ,20221021,55.0,56.07,51.71,52.2,55.41,-3.21,-5.7932,154156.59,816289.761,52.2,1.6366,3.1465,1.17,37.4309,36.9724,6.2442,8.3525,7.0709,0.3833,0.5747,119106.7629,94191.1119,48993.1359,6217373.0234,4916776.0412
300759.SZ,20221020,55.44,58.15,55.25,55.41,56.12,-0.71,-1.2651,107795.99,608804.41,55.41,1.1444,2.2002,0.85,39.7326,39.246,6.6282,8.8661,7.5058,0.3611,0.5414,119106.7629,94191.1119,48993.1359,6599705.7323,5219129.5104
300759.SZ,20221019,57.23,57.7,55.8,56.12,57.61,-1.49,-2.5864,80112.75,451589.22,56.12,0.8505,1.6352,0.64,40.2418,39.7489,6.7131,8.9797,7.6019,0.3566,0.5346,119106.7629,94191.1119,48993.1359,6684271.5339,5286005.1998
300759.SZ,20221018,57.18,58.8,55.86,57.61,56.8,0.81,1.4261,107845.82,621934.431,57.61,1.145,2.2012,0.88,41.3102,40.8042,6.8914,9.2181,7.8038,0.3473,0.5207,119106.7629,94191.1119,48993.1359,6861740.6107,5426349.9566
300759.SZ,20221017,58.9,60.01,56.4,56.8,58.96,-2.16,-3.6635,141248.89,815880.01,56.8,1.4996,2.883,1.3,40.7294,40.2305,6.7945,9.0885,7.6941,0.3523,0.5282,119106.7629,94191.1119,48993.1359,6765264.1327,5350055.1559
300759.SZ,20221014,51.4,60.88,51.0,58.96,51.08,7.88,15.4268,221679.56,1269426.001,58.96,2.3535,4.5247,2.88,42.2782,41.7604,7.0528,9.4341,7.9866,0.3394,0.5088,119106.7629,94191.1119,48993.1359,7022534.7406,5553507.9576
300759.SZ,20221013,49.9,52.74,49.33,51.08,49.88,1.2,2.4058,84654.2,435214.331,51.08,0.8987,1.7279,1.11,36.6277,36.1791,6.1102,8.1732,6.9192,0.3917,0.5873,119106.7629,94191.1119,48993.1359,6083973.4489,4811281.9959
300759.SZ,20221012,49.63,49.89,48.14,49.88,49.61,0.27,0.5442,74905.66,366608.929,49.88,0.7953,1.5289,0.98,35.7673,35.3292,5.9667,7.9812,6.7567,0.4012,0.6014,119106.7629,94191.1119,48993.1359,5941045.3335,4698252.6616
300759.SZ,20221011,52.17,52.35,49.08,49.61,52.02,-2.41,-4.6328,92564.63,462342.684,49.61,0.9827,1.8893,1.1,35.5737,35.138,5.9344,7.938,6.7201,0.4034,0.6047,119106.7629,94191.1119,48993.1359,5908886.5075,4672821.0614
300759.SZ,20221010,54.5,55.07,51.81,52.02,54.05,-2.03,-3.7558,69191.01,366731.044,52.02,0.7346,1.4123,0.8,37.3018,36.8449,6.2227,8.3237,7.0466,0.3847,0.5767,119106.7629,94191.1119,48993.1359,6195933.8061,4899821.641
300759.SZ,20220930,53.9,55.49,53.17,54.05,54.27,-0.22,-0.4054,63221.35,344029.575,54.05,0.6712,1.2904,0.7,38.7574,38.2827,6.4655,8.6485,7.3215,0.3702,0.555,119106.7629,94191.1119,48993.1359,6437720.5347,5091029.5982
300759.SZ,20220929,54.0,56.34,53.71,54.27,53.42,0.85,1.5912,82309.33,451404.85,54.27,0.8739,1.68,0.92,38.9152,38.4386,6.4918,8.6837,7.3513,0.3687,0.5528,119106.7629,94191.1119,48993.1359,6463924.0226,5111751.6428
300759.SZ,20220928,54.37,55.32,53.07,53.42,54.26,-0.84,-1.5481,75004.91,404076.894,53.42,0.7963,1.5309,0.83,38.3057,37.8365,6.3901,8.5477,7.2362,0.3746,0.5616,119106.7629,94191.1119,48993.1359,6362683.2741,5031689.1977
300759.SZ,20220927,51.69,54.6,50.49,54.26,51.5,2.76,5.3592,131740.21,702748.293,54.26,1.3986,2.689,1.62,38.908,38.4315,6.4906,8.6821,7.35,0.3688,0.5529,119106.7629,94191.1119,48993.1359,6462732.955,5110809.7317
300759.SZ,20220926,51.0,52.67,50.53,51.5,51.24,0.26,0.5074,78177.3,406125.378,51.5,0.83,1.5957,0.99,36.9289,36.4766,6.1605,8.2404,6.9761,0.3886,0.5825,119106.7629,94191.1119,48993.1359,6133998.2894,4850842.2629
300759.SZ,20220923,51.53,51.88,50.11,51.24,51.53,-0.29,-0.5628,82927.77,423072.617,51.24,0.8804,1.6926,1.07,36.7425,36.2925,6.1294,8.1988,6.9409,0.3905,0.5855,119106.7629,94191.1119,48993.1359,6103030.531,4826352.5738
300759.SZ,20220922,52.2,52.87,51.25,51.53,52.85,-1.32,-2.4976,79152.01,410133.287,51.53,0.8403,1.6156,0.89,36.9504,36.4979,6.1641,8.2452,6.9802,0.3883,0.5822,119106.7629,94191.1119,48993.1359,6137571.4922,4853667.9962
300759.SZ,20220921,53.79,54.4,51.95,52.85,54.1,-1.25,-2.3105,81940.33,432561.886,52.85,0.8699,1.6725,0.83,37.897,37.4328,6.322,8.4565,7.159,0.3786,0.5676,119106.7629,94191.1119,48993.1359,6294792.4193,4978000.2639
300759.SZ,20220920,55.0,55.11,52.83,54.1,55.09,-0.99,-1.7971,84570.92,454910.395,54.1,0.8979,1.7262,0.67,38.7933,38.3182,6.4715,8.6565,7.3283,0.3699,0.5545,119106.7629,94191.1119,48993.1359,6443675.8729,5095739.1538
300759.SZ,20220919,55.32,56.1,54.32,55.09,55.06,0.03,0.0545,65133.42,357656.594,55.09,0.6915,1.3294,0.5,39.5032,39.0194,6.5899,8.8149,7.4624,0.3632,0.5446,119106.7629,94191.1119,48993.1359,6561591.5682,5188988.3546
300759.SZ,20220916,57.79,58.44,55.06,55.06,57.81,-2.75,-4.757,75847.92,426760.491,55.06,0.8053,1.5481,0.62,39.4817,38.9981,6.5863,8.8101,7.4584,0.3634,0.5449,119106.7629,94191.1119,48993.1359,6558018.3653,5186162.6212
300759.SZ,20220915,58.64,61.57,57.05,57.81,57.25,0.56,0.9782,136864.62,811927.744,57.81,1.4531,2.7935,1.32,41.4536,40.9459,6.9153,9.2501,7.8309,0.3461,0.5189,119106.7629,94191.1119,48993.1359,6885561.9632,5445188.1789
300759.SZ,20220914,55.0,57.5,55.0,57.25,55.76,1.49,2.6722,129391.76,733949.475,57.25,1.3737,2.641,1.47,41.052,40.5492,6.8483,9.1605,7.755,0.3495,0.524,119106.7629,94191.1119,48993.1359,6818862.176,5392441.1563
300759.SZ,20220913,64.01,64.01,55.2,55.76,64.8,-9.04,-13.9506,226901.61,1303987.383,55.76,2.4089,4.6313,3.84,39.9836,39.4939,6.6701,8.9221,7.5532,0.3589,0.538,119106.7629,94191.1119,48993.1359,6641393.0993,5252096.3995
300759.SZ,20220909,62.76,65.24,61.9,64.8,61.8,3.0,4.8544,83986.11,535266.535,64.8,0.8917,1.7142,1.53,46.4659,45.8968,7.7514,10.3686,8.7777,0.3088,0.463,119106.7629,94191.1119,48993.1359,7718118.2359,6103584.0511
300759.SZ,20220908,63.04,64.09,61.45,61.8,62.8,-1.0,-1.5924,38166.23,237438.571,61.8,0.4052,0.779,0.66,44.3147,43.7719,7.3926,9.8885,8.3714,0.3238,0.4854,119106.7629,94191.1119,48993.1359,7360797.9472,5821010.7154
300759.SZ,20220907,62.8,63.54,62.38,62.8,63.25,-0.45,-0.7115,39219.44,246234.364,62.8,0.4164,0.8005,0.63,45.0318,44.4802,7.5122,10.0485,8.5068,0.3186,0.4777,119106.7629,94191.1119,48993.1359,7479904.7101,5915201.8273
300759.SZ,20220906,64.57,64.6,62.54,63.25,63.6,-0.35,-0.5503,50998.73,322654.354,63.25,0.5414,1.0409,0.84,45.3544,44.799,7.566,10.1205,8.5678,0.3164,0.4743,119106.7629,94191.1119,48993.1359,7533502.7534,5957587.8277
300759.SZ,20220905,65.91,65.91,62.48,63.6,65.55,-1.95,-2.9748,83177.4,527924.126,63.6,0.8831,1.6977,1.56,45.6054,45.0469,7.6079,10.1766,8.6152,0.3146,0.4717,119106.7629,94191.1119,48993.1359,7575190.1204,5990554.7168
300759.SZ,20220902,66.31,66.98,64.97,65.55,65.8,-0.25,-0.3799,62558.28,411185.726,65.55,0.6642,1.2769,1.24,47.0037,46.428,7.8411,10.4886,8.8793,0.3053,0.4577,119106.7629,94191.1119,48993.1359,7807448.3081,6174227.385
300759.SZ,20220901,67.99,69.18,65.7,65.8,68.05,-2.25,-3.3064,52506.8,352448.572,65.8,0.5574,1.0717,1.06,47.183,46.6051,7.871,10.5286,8.9132,0.3041,0.4559,119106.7629,94191.1119,48993.1359,7837224.9988,6197775.163
300759.SZ,20220831,66.51,68.85,65.99,68.05,66.45,1.6,2.4078,61592.63,417289.71,68.05,0.6539,1.2572,0.97,48.7964,48.1987,8.1402,10.8886,9.218,0.2941,0.4409,119106.7629,94191.1119,48993.1359,8105215.2153,6409705.1648
300759.SZ,20220830,66.79,67.24,64.84,66.45,66.88,-0.43,-0.6429,44499.36,293155.914,66.45,0.4724,0.9083,0.73,47.6491,47.0655,7.9488,10.6326,9.0012,0.3011,0.4515,119106.7629,94191.1119,48993.1359,7914644.3947,6258999.3858
300759.SZ,20220829,67.63,68.77,65.8,66.88,68.5,-1.62,-2.365,45007.68,300553.81,66.88,0.4778,0.9187,0.73,47.9574,47.8648,8.2577,10.7014,9.8865,0.2992,0.4486,119106.7629,94191.1119,48993.1359,7965860.3028,6299501.5639
300759.SZ,20220826,67.0,69.91,66.36,68.5,66.8,1.7,2.5449,49491.77,340521.106,68.5,0.5254,1.0102,0.86,49.119,49.0242,8.4577,10.9606,10.126,0.2921,0.438,119106.7629,94191.1119,48993.1359,8158813.2587,6452091.1652
300759.SZ,20220825,65.99,67.54,65.56,66.8,66.38,0.42,0.6327,47650.55,316187.053,66.8,0.5059,0.9726,0.84,47.9,47.8076,8.2478,10.6886,9.8747,0.2996,0.4491,119106.7629,94191.1119,48993.1359,7956331.7617,6291966.2749
300759.SZ,20220824,66.38,68.99,64.4,66.38,70.46,-4.08,-5.7905,129881.2,869988.081,66.38,1.3789,2.651,3.42,47.5989,47.507,8.196,10.6214,9.8126,0.3015,0.4519,119106.7629,94191.1119,48993.1359,7906306.9213,6252406.0079
300759.SZ,20220823,72.3,72.62,70.02,70.46,72.3,-1.84,-2.545,34138.84,242250.392,70.46,0.3624,0.6968,0.89,50.5245,50.427,8.6997,11.2742,10.4157,0.284,0.4258,119106.7629,94191.1119,48993.1359,8392262.5139,6636705.7445
300759.SZ,20220822,71.62,72.88,69.23,72.3,71.66,0.64,0.8931,45714.07,326588.662,72.3,0.4853,0.955,1.29,51.8439,51.7438,8.9269,11.5686,10.6877,0.2768,0.4149,119106.7629,94191.1119,47866.376,8611418.9577,6810017.3904
300759.SZ,20220819,72.23,72.99,71.5,71.66,72.54,-0.88,-1.2131,30544.54,220381.615,71.66,0.3243,0.6381,0.82,51.385,51.2858,8.8479,11.4662,10.5931,0.2792,0.4186,119106.7629,94191.1119,47866.376,8535190.6294,6749735.0788
300759.SZ,20220818,74.48,74.48,72.3,72.54,74.51,-1.97,-2.6439,42666.23,311561.955,72.54,0.453,0.8914,1.04,52.016,51.9156,8.9565,11.607,10.7232,0.2759,0.4136,119106.7629,94191.1119,47866.376,8640004.5808,6832623.2572
300759.SZ,20220817,75.34,75.88,73.52,74.51,75.12,-0.61,-0.812,37073.41,276397.656,74.51,0.3936,0.7745,0.82,53.4286,53.3255,9.1998,11.9222,11.0144,0.2686,0.4026,119106.7629,94191.1119,47866.376,8874644.9037,7018179.7477
300759.SZ,20220816,75.07,75.83,74.65,75.12,75.19,-0.07,-0.0931,35080.25,263797.691,75.12,0.3724,0.7329,0.7,53.866,53.762,9.2751,12.0199,11.1046,0.2664,0.3994,119106.7629,94191.1119,47866.376,8947300.029,7075636.3259
300759.SZ,20220815,76.8,76.8,74.58,75.19,76.96,-1.77,-2.2999,32329.26,243895.682,75.19,0.3432,0.6754,0.45,53.9162,53.8121,9.2837,12.0311,11.115,0.2661,0.399,119106.7629,94191.1119,47866.376,8955637.5025,7082229.7038
300759.SZ,20220812,75.94,77.5,75.02,76.96,76.62,0.34,0.4437,39392.72,301007.904,76.96,0.4182,0.823,0.49,55.1854,55.0789,9.5023,12.3143,11.3766,0.26,0.3898,119106.7629,94191.1119,47866.376,9166456.4728,7248947.9718
300759.SZ,20220811,73.53,76.62,73.14,76.62,72.97,3.65,5.0021,60997.2,460022.778,76.62,0.6476,1.2743,0.77,54.9416,54.8356,9.4603,12.2599,11.3263,0.2612,0.3915,119106.7629,94191.1119,47866.376,9125960.1734,7216922.9938
300759.SZ,20220810,75.14,75.69,72.72,72.97,75.33,-2.36,-3.1329,57993.61,427280.496,72.97,0.6157,1.2116,0.74,52.3243,52.2233,9.0096,11.6758,10.7868,0.2742,0.4111,119106.7629,94191.1119,47866.376,8691220.4888,6873125.4353
300759.SZ,20220809,75.74,76.08,74.65,75.33,75.15,0.18,0.2395,58252.73,438561.8,75.33,0.6185,1.217,0.75,54.0166,53.9123,9.301,12.0535,11.1357,0.2656,0.3982,119106.7629,94191.1119,47866.376,8972312.4493,7095416.4594
300759.SZ,20220808,73.5,77.98,72.55,75.15,79.47,-4.32,-5.436,142259.85,1070924.33,75.15,1.5103,2.972,2.42,53.8875,53.7835,9.2788,12.0247,11.109,0.2663,0.3992,119106.7629,94191.1119,47866.376,8950873.2319,7078462.0593
300759.SZ,20220805,78.0,81.86,78.0,79.47,77.92,1.55,1.9892,79299.12,635310.636,79.47,0.8419,1.6567,1.12,56.9853,56.8753,9.8122,12.7159,11.7476,0.2518,0.3775,119106.7629,94191.1119,47866.376,9465414.4477,7485367.6627
300759.SZ,20220804,77.6,80.0,77.23,77.92,76.91,1.01,1.3132,60731.76,475974.614,77.92,0.6448,1.2688,0.9,55.8738,55.766,9.6208,12.4679,11.5185,0.2568,0.385,119106.7629,94191.1119,47866.376,9280798.9652,7339371.4392
300759.SZ,20220803,76.74,78.27,76.01,76.91,76.8,0.11,0.1432,51331.18,396739.041,76.91,0.545,1.0724,0.74,55.1496,55.0431,9.4961,12.3063,11.3692,0.2602,0.3901,119106.7629,94191.1119,47866.376,9160501.1346,7244238.4162
300759.SZ,20220802,77.0,78.94,75.63,76.8,78.29,-1.49,-1.9032,54961.24,423376.648,76.8,0.5835,1.1482,0.84,55.0707,54.9644,9.4825,12.2887,11.353,0.2606,0.3906,119106.7629,94191.1119,47866.376,9147399.3907,7233877.3939
300759.SZ,20220801,77.6,78.52,75.22,78.29,77.49,0.8,1.0324,47426.92,367101.412,78.29,0.5035,0.9908,0.73,56.1391,56.0308,9.6665,12.5271,11.5732,0.2556,0.3832,119106.7629,94191.1119,47866.376,9324868.4674,7374222.1507
300759.SZ,20220729,82.13,82.15,77.0,77.49,82.38,-4.89,-5.9359,140765.2,1106084.038,77.49,1.4945,2.9408,2.98,55.5655,55.4582,9.5677,12.3991,11.455,0.2582,0.3871,119106.7629,94191.1119,47866.376,9229583.0571,7298869.2611
300759.SZ,20220728,82.49,84.15,81.45,82.38,82.37,0.01,0.0121,41700.66,345290.766,82.38,0.4427,0.8712,0.74,59.0719,58.9579,10.1715,13.1815,12.1778,0.2429,0.3642,119106.7629,94191.1119,47866.376,9812015.1277,7759463.7983
300759.SZ,20220727,84.11,84.55,81.43,82.37,84.14,-1.77,-2.1036,62658.35,517131.17,82.37,0.6652,1.309,1.04,59.0648,58.9507,10.1703,13.1799,12.1763,0.2429,0.3642,119106.7629,94191.1119,47866.376,9810824.0601,7758521.8872
300759.SZ,20220726,84.1,85.98,83.3,84.14,84.37,-0.23,-0.2726,33796.81,284243.427,84.14,0.3588,0.7061,0.42,60.334,60.2175,10.3888,13.4631,12.438,0.2378,0.3565,119106.7629,94191.1119,47866.376,10021643.0304,7925240.1553
300759.SZ,20220725,84.3,85.33,82.63,84.37,84.4,-0.03,-0.0355,46234.15,389680.407,84.37,0.4909,0.9659,0.4,60.4989,60.3821,10.4172,13.4999,12.472,0.2372,0.3556,119106.7629,94191.1119,47866.376,10049037.5859,7946904.111
300759.SZ,20220722,86.6,87.05,83.65,84.4,85.56,-1.16,-1.3558,51950.69,440241.887,84.4,0.5515,1.0853,0.44,60.5204,60.4036,10.4209,13.5047,12.4764,0.2371,0.3555,119106.7629,94191.1119,47866.376,10052610.7888,7949729.8444
300759.SZ,20220721,83.89,88.18,83.58,85.56,83.88,1.68,2.0029,86281.47,746273.336,85.56,0.916,1.8025,0.75,61.3522,61.2338,10.5641,13.6903,12.6479,0.2339,0.3506,119106.7629,94191.1119,47866.376,10190774.6337,8058991.5342
300759.SZ,20220720,83.52,86.55,82.9,83.88,82.95,0.93,1.1212,83378.44,702961.042,83.88,0.8852,1.7419,0.73,60.1475,60.0314,10.3567,13.4215,12.3996,0.2386,0.3577,119106.7629,94191.1119,47866.376,9990675.2721,7900750.4662
300759.SZ,20220719,85.03,86.0,82.1,82.95,86.66,-3.71,-4.2811,133444.87,1115858.973,82.95,1.4167,2.7879,1.19,59.4807,59.3658,10.2419,13.2727,12.2621,0.2412,0.3617,119106.7629,94191.1119,47866.376,9879905.9826,7813152.7321
300759.SZ,20220718,91.0,91.0,78.5,86.66,96.9,-10.24,-10.5676,222178.06,1866292.814,86.66,2.3588,4.6416,2.8,62.141,62.021,10.6999,13.8664,12.8105,0.2309,0.3462,119106.7629,94191.1119,47866.376,10321792.0729,8162601.7573
300759.SZ,20220715,99.39,101.0,96.0,96.9,99.98,-3.08,-3.0806,60590.72,598365.063,96.9,0.6433,1.2658,0.77,69.4837,69.3496,11.9643,15.5048,14.3242,0.2065,0.3096,119106.7629,94191.1119,47866.376,11541445.325,9127118.7431
300759.SZ,20220714,96.61,103.0,96.5,99.98,97.08,2.9,2.9872,78423.41,782789.294,99.98,0.8326,1.6384,0.98,71.6923,71.5539,12.3446,15.9977,14.7795,0.2001,0.3001,119106.7629,94191.1119,47866.376,11908294.1547,9417227.3678
300759.SZ,20220713,97.4,99.6,94.13,97.08,97.49,-0.41,-0.4206,76904.84,741054.889,97.08,0.8165,1.6067,0.86,69.6128,69.4784,11.9865,15.5336,14.3508,0.2061,0.309,119106.7629,94191.1119,47866.376,11562884.5423,9144073.1433
300759.SZ,20220712,106.0,107.67,97.0,97.49,105.03,-7.54,-7.1789,120778.77,1204375.312,97.49,1.2823,2.5232,1.35,69.9068,69.7719,12.0371,15.5992,14.4115,0.2053,0.3077,119106.7629,94191.1119,47866.376,11611718.3151,9182691.4991
300759.SZ,20220711,105.5,106.97,103.55,105.03,105.5,-0.47,-0.4455,59950.54,632629.665,105.03,0.6365,1.2525,0.61,75.3135,75.1681,12.9681,16.8057,15.5261,0.1905,0.2856,119106.7629,94191.1119,47866.376,12509783.3074,9892892.4829
300759.SZ,20220708,104.78,108.58,103.2,105.5,103.9,1.6,1.5399,56338.74,597329.074,105.5,0.5981,1.177,0.61,75.6505,75.5045,13.0261,16.8809,15.5955,0.1897,0.2844,119106.7629,94191.1119,47866.376,12565763.486,9937162.3055
300759.SZ,20220707,105.69,105.82,100.63,103.9,105.67,-1.77,-1.675,86717.51,894052.816,103.9,0.9207,1.8117,1.03,74.5032,74.3594,12.8286,16.6249,15.359,0.1926,0.2887,119106.7629,94191.1119,47866.376,12375192.6653,9786456.5264
300759.SZ,20220706,107.0,114.14,104.5,105.67,107.0,-1.33,-1.243,125834.72,1377684.333,105.67,1.336,3.034,1.75,75.7724,75.6261,13.0471,16.9081,15.6207,0.1894,0.2839,119106.7629,94191.1119,41474.9672,12586011.6356,9953174.7945
300759.SZ,20220705,103.0,110.0,98.0,107.0,102.0,5.0,4.902,119696.8,1243115.053,107.0,1.2708,2.886,2.0,76.7261,76.578,13.2113,17.1209,15.8173,0.187,0.2804,119106.7629,94191.1119,41474.9672,12744423.6303,10078448.9733
300759.SZ,20220704,94.9,103.79,94.86,102.0,95.74,6.26,6.5385,101730.13,1027313.087,102.0,1.08,2.4528,1.86,73.1408,72.9996,12.594,16.3209,15.0781,0.1962,0.2941,119106.7629,94191.1119,41474.9672,12148889.8158,9607493.4138
300759.SZ,20220701,96.0,98.12,94.6,95.74,95.22,0.52,0.5461,31539.34,302777.674,95.74,0.3348,0.7604,0.49,68.6519,68.5194,11.8211,15.3192,14.1528,0.209,0.3133,119106.7629,94191.1119,41474.9672,11403281.48,9017857.0533
300759.SZ,20220630,93.83,97.0,93.8,95.22,94.36,0.86,0.9114,42895.33,410559.084,95.22,0.4554,1.0342,0.63,68.2791,68.1473,11.7569,15.236,14.0759,0.2101,0.3151,119106.7629,94191.1119,41474.9672,11341345.9633,8968877.6751
300759.SZ,20220629,93.14,97.8,91.27,94.36,93.24,1.12,1.2012,63837.08,604288.02,94.36,0.6777,1.5392,1.0,67.6624,67.5318,11.6507,15.0984,13.9488,0.2121,0.53,119106.7629,94191.1119,41474.9672,11238914.1472,8887873.3189
300759.SZ,20220628,94.43,94.53,90.98,93.24,94.91,-1.67,-1.7596,59674.13,552776.732,93.24,0.6335,1.4388,0.95,66.8593,66.7302,11.5124,14.9192,13.7832,0.2146,0.5364,119106.7629,94191.1119,41474.9672,11105514.5728,8782379.2736
300759.SZ,20220627,94.0,98.3,93.51,94.91,93.01,1.9,2.0428,75045.73,716476.782,94.91,0.7967,1.8094,1.19,68.0568,67.9254,11.7186,15.1864,14.0301,0.2108,0.5269,119106.7629,94191.1119,41474.9672,11304422.8668,8939678.4304
300759.SZ,20220624,87.73,95.02,87.55,93.01,87.06,5.95,6.8344,82986.81,766353.708,93.01,0.881,2.0009,1.4,66.6943,66.5656,11.484,14.8824,13.7492,0.2151,0.5377,119106.7629,94191.1119,41474.9672,11078120.0173,8760715.3178
300759.SZ,20220623,87.9,88.68,84.59,87.06,87.7,-0.64,-0.7298,57654.43,497585.266,87.06,0.6121,1.3901,0.94,62.4278,62.3073,10.7493,13.9304,12.8696,0.2298,0.5744,119106.7629,94191.1119,41474.9672,10369434.7781,8200278.202
300759.SZ,20220622,88.9,89.55,87.0,87.7,88.88,-1.18,-1.3276,42762.27,378551.311,87.7,0.454,1.031,0.65,62.8867,62.7653,10.8284,14.0328,12.9642,0.2282,0.5702,119106.7629,94191.1119,41474.9672,10445663.1063,8260560.5136
300759.SZ,20220621,88.0,89.73,85.95,88.88,88.0,0.88,1.0,56425.88,498678.751,88.88,0.5991,1.3605,0.78,63.7329,63.6098,10.9741,14.2216,13.1387,0.2251,0.5627,119106.7629,94191.1119,41474.9672,10586209.0866,8371706.0257
300759.SZ,20220620,86.66,89.88,86.62,88.0,86.6,1.4,1.6166,75664.08,669660.705,88.0,0.8033,1.8243,1.08,63.1018,62.98,10.8654,14.0808,13.0086,0.2274,0.5683,119106.7629,94191.1119,41474.9672,10481395.1352,8288817.8472
300759.SZ,20220617,84.36,87.21,82.95,86.6,84.5,2.1,2.4852,63727.27,543404.716,86.6,0.6766,1.5365,0.91,62.0979,61.9781,10.6925,13.8568,12.8016,0.2311,0.5775,119106.7629,94191.1119,41474.9672,10314645.6671,8156950.2905
300759.SZ,20220616,82.49,86.2,82.34,84.5,82.68,1.82,2.2013,69714.87,591443.629,84.5,0.7401,1.6809,0.99,60.5921,60.4751,10.4332,13.5207,12.4912,0.2368,0.5918,119106.7629,94191.1119,41474.9672,10064521.4651,7959148.9556
300759.SZ,20220615,82.09,84.17,81.0,82.68,83.0,-0.32,-0.3855,65273.8,540885.715,82.68,0.693,1.5738,0.86,59.287,59.1726,10.2085,13.2295,12.2222,0.242,0.6049,119106.7629,94191.1119,41474.9672,9847747.1566,7787721.1319
300759.SZ,20220614,82.27,85.5,80.83,83.0,83.4,-0.4,-0.4796,86798.82,715100.067,83.0,0.9215,2.0928,1.2,59.5165,59.4016,10.248,13.2807,12.2695,0.2411,0.6025,119106.7629,94191.1119,41474.9672,9885861.3207,7817862.2877
300759.SZ,20220613,128.12,129.49,123.98,125.55,130.31,-4.76,-3.6528,63270.5,795803.721,125.55,1.0076,2.2883,0.89,60.0185,59.9026,9.9653,13.3927,12.3729,0.2391,0.2391,79404.5086,62794.0746,27649.9782,9969236.0547,7883796.066
300759.SZ,20220610,132.0,132.09,129.51,130.31,132.84,-2.53,-1.9045,63834.72,833990.333,130.31,1.0166,2.3087,0.99,62.2939,62.1737,10.3432,13.9005,12.842,0.2303,0.2303,79404.5086,62794.0746,27649.9782,10347201.5157,8182695.8611
300759.SZ,20220609,134.46,137.38,131.7,132.84,134.0,-1.16,-0.8657,74704.68,1002037.97,132.84,1.1897,2.7018,1.34,63.5034,63.3808,10.544,14.1704,13.0914,0.226,0.226,79404.5086,62794.0746,27649.9782,10548094.9224,8341564.8699
300759.SZ,20220608,129.3,134.8,128.03,134.0,127.5,6.5,5.098,89368.28,1185240.622,134.0,1.4232,3.2321,1.81,64.0579,63.9343,10.6361,14.2941,13.2057,0.224,0.224,79404.5086,62794.0746,27649.9782,10640204.1524,8414405.9964
300759.SZ,20220607,125.5,132.55,124.07,127.5,124.26,3.24,2.6074,70686.92,913945.636,127.5,1.1257,2.5565,1.66,60.9506,60.833,10.1201,13.6007,12.5651,0.2354,0.2354,79404.5086,62794.0746,27649.9782,10124074.8465,8006244.5115
300759.SZ,20220606,117.01,125.37,116.58,124.26,116.55,7.71,6.6152,56456.85,691898.262,124.26,0.8991,2.0418,1.31,59.4018,59.2871,9.863,13.2551,12.2458,0.2416,0.2416,79404.5086,62794.0746,27649.9782,9866804.2386,7802791.7098
300759.SZ,20220602,118.79,120.5,115.9,116.55,119.21,-2.66,-2.2314,30786.13,362071.732,116.55,0.4903,1.1134,0.75,55.7161,55.6085,9.251,12.4327,11.486,0.2575,0.2575,79404.5086,62794.0746,27649.9782,9254595.4773,7318649.3946
300759.SZ,20220601,119.48,122.5,118.51,119.21,119.27,-0.06,-0.0503,30930.29,371140.215,119.21,0.4926,1.1186,0.81,56.9877,56.8776,9.4621,12.7164,11.7481,0.2518,0.2518,79404.5086,62794.0746,27649.9782,9465811.4702,7485681.6331
300759.SZ,20220531,115.8,120.92,111.7,119.27,113.95,5.32,4.6687,58206.34,679153.714,119.27,0.9269,2.1051,1.82,57.0163,56.9063,9.4669,12.7228,11.7541,0.2517,0.2517,79404.5086,62794.0746,27649.9782,9470575.7407,7489449.2775
300759.SZ,20220530,112.7,115.3,111.33,113.95,111.9,2.05,1.832,36687.54,416966.762,113.95,0.5843,1.3269,1.29,54.4731,54.368,9.0446,12.1553,11.2298,0.2634,0.2634,79404.5086,62794.0746,27649.9782,9048143.755,7155384.8007
300759.SZ,20220527,108.0,117.56,108.0,111.9,106.12,5.78,5.4467,58813.32,670013.332,111.9,0.9366,2.1332,2.53,53.4931,53.3899,8.8819,11.9366,11.0277,0.2682,0.2682,79404.5086,62794.0746,27569.9748,8885364.5123,7026656.9477
300759.SZ,20220526,109.7,109.7,105.5,106.12,109.16,-3.04,-2.7849,20960.96,224056.241,106.12,0.3338,0.7603,0.92,50.7301,50.6321,8.4231,11.3201,10.4581,0.2828,0.2828,79404.5086,62794.0746,27569.9748,8426406.4526,6663707.1966
300759.SZ,20220525,109.69,110.7,107.51,109.16,109.7,-0.54,-0.4923,16715.99,182018.069,109.16,0.2662,0.6063,0.69,52.192,52.0912,8.6638,11.6463,10.7595,0.2749,0.2749,79417.7098,62794.0746,27569.9748,8669237.2018,6854601.1833
300759.SZ,20220524,111.99,112.2,108.5,109.7,112.01,-2.31,-2.0623,26508.77,291506.599,109.7,0.4222,0.9615,1.14,52.4502,52.3489,8.7067,11.7039,10.8127,0.2736,0.2736,79417.7098,62794.0746,27569.9748,8712122.7651,6888509.9836
300759.SZ,20220523,114.01,114.76,111.8,112.01,113.78,-1.77,-1.5556,19298.16,217152.81,112.01,0.3073,0.7195,0.79,53.5546,53.4513,8.89,11.9504,11.0404,0.2679,0.2679,79417.7098,62794.0746,26821.9082,8895577.6747,7033564.2959
300759.SZ,20220520,110.65,115.55,110.65,113.78,110.47,3.31,2.9963,32707.82,372341.846,113.78,0.5209,1.2194,1.47,54.4009,54.2959,9.0305,12.1392,11.2149,0.2638,0.2638,79417.7098,62794.0746,26821.9082,9036147.021,7144709.808
300759.SZ,20220519,110.49,111.49,109.12,110.47,112.06,-1.59,-1.4189,19074.95,209951.547,110.47,0.3038,0.7112,0.8,52.8183,52.7164,8.7678,11.7861,10.8886,0.2717,0.2717,79417.7098,62794.0746,26821.9082,8773274.4016,6936861.4211
300759.SZ,20220518,112.3,113.97,109.6,112.06,111.85,0.21,0.1878,23872.79,266759.573,112.06,0.3802,0.89,0.77,53.5785,53.4751,8.894,11.9557,11.0453,0.2678,0.2678,79417.7098,62794.0746,26821.9082,8899548.5602,7036703.9997
300759.SZ,20220517,111.75,113.78,111.5,111.85,111.67,0.18,0.1612,21683.43,244136.268,111.85,0.3453,0.8084,0.63,53.4781,53.3749,8.8773,11.9333,11.0246,0.2683,0.2683,79417.7098,62794.0746,26821.9082,8882870.8411,7023517.244
300759.SZ,20220516,115.6,117.35,111.5,111.67,114.62,-2.95,-2.5737,25051.14,284857.845,111.67,0.3989,0.934,0.71,53.3921,53.289,8.863,11.9141,11.0069,0.2687,0.2687,79417.7098,62794.0746,26821.9082,8868575.6534,7012214.3106
300759.SZ,20220513,115.97,117.38,113.33,114.62,115.24,-0.62,-0.538,21937.19,251858.074,114.62,0.3494,0.8179,0.51,54.8025,54.6967,9.0972,12.2288,11.2977,0.2618,0.2618,79417.7098,62794.0746,26821.9082,9102857.8973,7197456.8307
300759.SZ,20220512,115.34,116.5,113.98,115.24,115.5,-0.26,-0.2251,26061.22,300607.841,115.24,0.4158,0.9757,0.51,55.099,54.9926,9.1464,12.295,11.3588,0.2604,0.2604,79417.7098,62682.7912,26710.6248,9152096.8774,7223564.8579
300759.SZ,20220511,109.2,119.8,108.5,115.5,109.49,6.01,5.4891,60723.32,705464.78,115.5,0.9687,2.0371,1.11,55.2233,55.1167,9.167,12.3227,11.3844,0.2598,0.2598,79417.7098,62682.7912,29808.1248,9172745.4819,7239862.3836
300759.SZ,20220510,107.4,111.4,105.8,109.49,108.96,0.53,0.4864,38768.1,424272.767,109.49,0.5894,1.3006,0.66,52.3498,52.2487,8.69,11.6815,10.792,0.2741,0.2741,79417.7098,65780.2912,29808.1248,8695445.046,7202284.0835
300759.SZ,20220509,112.6,112.6,108.75,108.96,114.95,-5.99,-5.211,29816.62,328453.426,108.96,0.4533,1.0003,0.48,52.0964,51.9958,8.6479,11.625,10.7398,0.2754,0.2754,79417.7098,65780.2912,29808.1248,8653353.6598,7167420.5292
300759.SZ,20220506,114.94,116.5,107.3,114.95,116.8,-1.85,-1.5839,58039.34,646219.179,114.95,0.8823,1.9471,0.97,54.9603,54.8542,9.1234,12.264,11.3302,0.2611,0.2611,79417.7098,65780.2912,29808.1248,9129065.7415,7561444.4734
300759.SZ,20220505,121.38,124.8,115.3,116.8,125.2,-8.4,-6.7093,69289.87,824590.816,116.8,1.0534,2.3245,1.29,55.8448,55.737,9.2702,12.4614,11.5125,0.2569,0.2569,79417.7098,65780.2912,29808.1248,9275988.5046,7683138.0122
300759.SZ,20220429,119.01,129.12,119.01,125.2,128.09,-2.89,-2.2562,76846.15,958853.338,125.2,1.1682,2.578,1.67,59.8611,59.7455,9.9369,13.3576,12.3405,0.2397,0.2397,79417.7098,65780.2912,29808.1248,9943097.267,8235692.4582
300759.SZ,20220428,121.18,128.57,118.81,128.09,122.38,5.71,4.6658,59411.37,734846.996,128.09,0.9032,1.6556,1.3,61.2429,61.2429,10.2436,13.6659,13.6659,0.2343,0.2343,79417.7098,65780.2912,35885.6751,10172614.4483,8425797.4998
300759.SZ,20220427,117.91,123.5,116.91,122.38,119.61,2.77,2.3159,48231.45,581819.526,122.38,0.7332,1.3296,1.06,58.5128,58.5128,9.787,13.0567,13.0567,0.2452,0.2452,79417.7098,65780.2912,36275.6251,9719139.3253,8050192.0371
