股票代码,交易日期,开盘价,最高价,最低价,收盘价,昨收价【除权价，前复权】,涨跌额,涨跌幅 【基于除权后的昨收计算的涨跌幅：（今收-除权昨收）/除权昨收 】,成交量,成交额（千元）,close_y,换手率,换手率（自由流通股）,量比,市盈率（总市值/净利润，亏损的PE为空）,市盈率（TTM，亏损的PE为空）,市净率（总市值/净资产）,市销率,市销率（TTM）,股息率 （%）,股息率（TTM）（%）,总股本 （万股）,流通股本 （万股）,自由流通股本 （万）,总市值 （万元）,流通市值（万元）
430418.BJ,20250709,29.67,30.25,29.26,29.3,29.39,-0.09,-0.3062,40934.44,122268.574,29.3,2.6241,4.7706,1.82,31.6029,31.1556,5.9123,6.6546,6.6194,,,16248.96,15599.6309,8580.5943,476094.528,457069.1854
430418.BJ,20250708,28.72,29.39,28.7,29.39,28.98,0.41,1.4148,22654.38,66219.437,29.39,1.4522,2.6402,0.96,31.6999,31.2513,5.9304,6.675,6.6397,,,16248.96,15599.6309,8580.5943,477556.9344,458473.1522
430418.BJ,20250707,28.5,29.15,28.45,28.98,28.7,0.28,0.9756,16863.78,48524.934,28.98,1.081,1.9653,0.65,31.2577,30.8153,5.8477,6.5819,6.5471,,,16248.96,15599.6309,8580.5943,470894.8608,452077.3035
430418.BJ,20250704,29.32,29.4,28.63,28.7,29.27,-0.57,-1.9474,23115.27,66775.037,28.7,1.4818,2.6939,0.85,30.9557,30.5176,5.7912,6.5183,6.4838,,,16248.96,15599.6309,8580.5943,466345.152,447709.4068
430418.BJ,20250703,29.18,29.5,29.03,29.27,29.13,0.14,0.4806,18158.08,53070.915,29.27,1.164,2.1162,0.57,31.5705,31.1237,5.9062,6.6477,6.6126,,,16248.96,15599.6309,8580.5943,475607.0592,456601.1964
430418.BJ,20250702,29.83,30.07,29.1,29.13,29.95,-0.82,-2.7379,31595.21,93070.655,29.13,2.0254,3.6822,0.93,31.4195,30.9748,5.878,6.6159,6.5809,,,16248.96,15599.6309,8580.5943,473332.2048,454417.2481
430418.BJ,20250701,30.24,30.44,29.86,29.95,30.24,-0.29,-0.959,27746.47,83417.103,29.95,1.7787,3.2336,0.69,32.304,31.8467,6.0434,6.8022,6.7662,,,16248.96,15599.6309,8580.5943,486656.352,467208.9455
430418.BJ,20250630,30.43,30.58,30.06,30.24,30.39,-0.15,-0.4936,29382.43,88726.656,30.24,1.8835,3.4243,0.75,32.6167,32.1551,6.102,6.868,6.8317,,,16248.96,15599.6309,8580.5943,491368.5504,471732.8384
430418.BJ,20250627,30.76,31.13,30.27,30.39,30.15,0.24,0.796,29788.11,90827.976,30.39,1.9095,3.4716,0.74,32.7785,32.3146,6.1322,6.9021,6.8656,,,16248.96,15599.6309,8580.5943,493805.8944,474072.7831
430418.BJ,20250626,30.61,31.32,30.08,30.15,30.6,-0.45,-1.4706,39791.74,122195.484,30.15,2.5508,4.6374,0.97,32.5197,32.0594,6.0838,6.8476,6.8114,,,16248.96,15599.6309,8580.5943,489906.144,470328.8716
430418.BJ,20250625,30.39,30.85,30.07,30.6,30.34,0.26,0.857,42509.28,129338.475,30.6,2.725,4.9541,1.13,33.005,32.5379,6.1746,6.9498,6.913,,,16248.96,15599.6309,8580.5943,497218.176,477348.7055
430418.BJ,20250624,28.74,30.5,28.74,30.34,28.49,1.85,6.4935,60715.76,182339.424,30.34,3.8921,7.0759,2.02,32.7246,32.2614,6.1221,6.8908,6.8543,,,16248.96,15599.6309,8580.5943,492993.4464,473292.8015
430418.BJ,20250623,28.2,28.63,27.95,28.49,28.45,0.04,0.1406,24305.51,68698.36,28.49,1.5581,2.8326,0.82,30.7292,30.2943,5.7488,6.4706,6.4364,,,16248.96,15599.6309,8580.5943,462932.8704,444433.4843
430418.BJ,20250620,29.35,29.63,28.11,28.45,29.51,-1.06,-3.592,33435.33,96278.654,28.45,2.1433,3.8966,1.05,30.6861,30.2517,5.7408,6.4615,6.4273,,,16248.96,15599.6309,8580.5943,462282.912,443809.4991
430418.BJ,20250619,29.34,30.47,29.33,29.51,29.33,0.18,0.6137,44111.86,131956.814,29.51,2.8278,5.1409,1.47,31.8294,31.3789,5.9546,6.7023,6.6668,,,16248.96,15599.6309,8580.5943,479506.8096,460345.1079
430418.BJ,20250618,29.9,29.9,29.06,29.33,29.73,-0.4,-1.3454,26226.59,77032.264,29.33,1.6812,3.0565,0.78,31.6352,31.1875,5.9183,6.6614,6.6261,,,16248.96,15599.6309,8580.5943,476581.9968,457537.1743
430418.BJ,20250617,29.63,30.25,29.5,29.73,29.69,0.04,0.1347,22355.17,66766.89,29.73,1.4331,2.6053,0.59,32.0667,31.6128,5.999,6.7522,6.7165,,,16248.96,15599.6309,8580.5943,483081.5808,463777.0267
430418.BJ,20250616,29.32,29.92,29.32,29.69,29.76,-0.07,-0.2352,21312.71,63238.839,29.69,1.3662,2.4838,0.55,32.0235,31.5703,5.991,6.7431,6.7075,,,16248.96,15599.6309,8580.5943,482431.6224,463153.0414
430418.BJ,20250613,30.66,30.85,29.6,29.76,30.8,-1.04,-3.3766,44687.02,134514.94,29.76,2.8646,5.2079,1.31,32.099,31.6447,6.0051,6.759,6.7233,,,16248.96,15599.6309,8580.5943,483569.0496,464245.0156
430418.BJ,20250612,31.09,31.65,30.7,30.8,31.35,-0.55,-1.7544,35019.57,108799.757,30.8,2.2449,4.0813,1.01,33.2208,32.7505,6.215,6.9952,6.9582,,,16248.96,15599.6309,8580.5943,500467.968,480468.6317
430418.BJ,20250611,31.51,31.94,30.93,31.35,31.09,0.26,0.8363,44479.39,140140.683,31.35,2.8513,5.1837,1.44,33.814,33.3354,6.3259,7.1201,7.0825,,,16248.96,15599.6309,8580.5943,509404.896,489048.4287
430418.BJ,20250610,31.75,31.75,30.02,31.09,31.5,-0.41,-1.3016,44010.69,136257.731,31.09,2.8213,5.1291,1.66,33.5336,33.0589,6.2735,7.0611,7.0237,,,16248.96,15599.6309,8580.5943,505180.1664,484992.5247
430418.BJ,20250609,31.59,31.79,31.3,31.5,31.49,0.01,0.0318,25373.84,79921.022,31.5,1.6266,2.9571,0.94,33.9758,33.4949,6.3562,7.1542,7.1164,,,16248.96,15599.6309,8580.5943,511842.24,491388.3734
430418.BJ,20250606,31.99,32.19,31.36,31.49,31.9,-0.41,-1.2853,21425.89,67633.481,31.49,1.3735,2.497,0.73,33.965,33.4842,6.3542,7.1519,7.1141,,,16248.96,15599.6309,8580.5943,511679.7504,491232.377
430418.BJ,20250605,31.49,31.95,30.97,31.9,31.74,0.16,0.5041,37282.23,117546.516,31.9,2.3899,4.3449,1.29,34.4072,33.9202,6.4369,7.2451,7.2067,,,16248.96,15599.6309,8580.5943,518341.824,497628.2257
430418.BJ,20250604,31.52,32.18,31.38,31.74,31.53,0.21,0.666,26609.53,84623.08,31.74,1.7058,3.1011,0.92,34.2346,33.7501,6.4046,7.2087,7.1706,,,16248.96,15599.6309,8580.5943,515741.9904,495132.2848
430418.BJ,20250603,31.17,31.87,30.9,31.53,31.16,0.37,1.1874,21854.84,68831.997,31.53,1.401,2.547,0.7,34.0081,33.5268,6.3623,7.161,7.1231,,,16248.96,15599.6309,8580.5943,512329.7088,491856.3623
430418.BJ,20250530,31.74,32.29,31.01,31.16,31.76,-0.6,-1.8892,27134.18,85610.575,31.16,1.7394,3.1623,0.81,33.6091,33.1333,6.2876,7.077,7.0396,,,16248.96,15599.6309,8580.5943,506317.5936,486084.4988
430418.BJ,20250529,31.09,31.93,31.02,31.76,31.1,0.66,2.1222,33526.82,106122.36,31.76,2.1492,3.9073,0.88,34.2562,33.7713,6.4087,7.2133,7.1751,,,16248.96,15599.6309,8580.5943,516066.9696,495444.2774
430418.BJ,20250528,30.77,32.0,30.75,31.1,30.94,0.16,0.5171,35367.68,111226.541,31.1,2.2672,4.1218,0.88,33.5443,33.0695,6.2755,7.0634,7.026,,,16248.96,15599.6309,8580.5943,505342.656,485148.521
430418.BJ,20250527,31.9,32.39,30.9,30.94,31.62,-0.68,-2.1505,26907.86,84951.179,30.94,1.7249,3.1359,0.64,33.3718,32.8994,6.2432,7.027,6.9899,,,16248.96,15599.6309,8580.5943,502742.8224,482652.58
430418.BJ,20250526,37.83,38.3,37.11,38.29,37.68,0.61,1.6189,32170.86,121523.852,38.29,2.4747,4.4991,0.75,34.4162,33.9291,6.0807,7.247,7.2086,,,13540.8,12999.6924,7150.4952,518477.232,497758.222
430418.BJ,20250523,38.31,39.57,37.51,37.68,38.73,-1.05,-2.7111,39752.9,153367.242,37.68,3.058,5.5595,0.84,33.8679,33.3885,5.9838,7.1315,7.0938,,,13540.8,12999.6924,7150.4952,510217.344,489828.4096
430418.BJ,20250522,41.3,41.7,38.37,38.73,41.35,-2.62,-6.3362,57350.85,229252.607,38.73,4.4117,8.0205,1.32,34.8117,34.319,6.1506,7.3302,7.2915,,,13540.8,12999.6924,7150.4952,524435.184,503478.0867
430418.BJ,20250521,41.22,41.89,40.5,41.35,41.3,0.05,0.1211,44835.43,184862.056,41.35,3.449,6.2703,1.04,37.1666,36.6406,6.5667,7.8261,7.7847,,,13540.8,12999.6924,7150.4952,559912.08,537537.2807
430418.BJ,20250520,41.16,41.97,40.82,41.3,40.95,0.35,0.8547,37744.61,156357.199,41.3,2.9035,5.2786,0.78,37.1217,36.5963,6.5587,7.8166,7.7753,,,13540.8,12999.6924,7150.4952,559235.04,536887.2961
430418.BJ,20250519,41.98,41.98,40.2,40.95,41.52,-0.57,-1.3728,34851.29,142415.065,40.95,2.6809,4.874,0.64,36.8071,36.2861,6.5031,7.7504,7.7094,,,13540.8,12999.6924,7150.4952,554495.76,532337.4038
430418.BJ,20250516,40.29,42.07,40.1,41.52,40.75,0.77,1.8896,61003.76,252715.13,41.52,4.6927,8.5314,1.1,37.3194,36.7912,6.5937,7.8583,7.8167,,,13540.8,12999.6924,7150.4952,562214.016,539747.2284
430418.BJ,20250515,41.1,41.44,40.0,40.75,40.98,-0.23,-0.5612,38776.28,158512.22,40.75,2.9829,5.4229,0.58,36.6273,36.1089,6.4714,7.7125,7.6717,,,13540.8,12999.6924,7150.4952,551787.6,529737.4653
430418.BJ,20250514,41.46,41.96,40.67,40.98,41.65,-0.67,-1.6086,43410.03,178466.182,40.98,3.3393,6.0709,0.61,36.8341,36.3127,6.5079,7.7561,7.715,,,13540.8,12999.6924,7150.4952,554901.984,532727.3946
430418.BJ,20250513,43.88,43.99,41.45,41.65,43.21,-1.56,-3.6103,62403.97,265429.476,41.65,4.8004,8.7272,0.85,37.4363,36.9064,6.6143,7.8829,7.8412,,,13540.8,12999.6924,7150.4952,563974.32,541437.1885
430418.BJ,20250512,42.63,43.63,41.93,43.21,42.0,1.21,2.881,66127.84,283325.841,43.21,5.0869,9.248,0.9,38.8385,38.2887,6.8621,8.1781,8.1349,,,13540.8,12999.6924,7150.4952,585097.968,561716.7086
430418.BJ,20250509,43.25,43.33,41.6,42.0,43.79,-1.79,-4.0877,65966.88,279938.794,42.0,5.0745,9.2255,0.96,37.7509,37.2165,6.6699,7.9491,7.9071,,,13540.8,12999.6924,7150.4952,568713.6,545987.0808
430418.BJ,20250508,41.3,44.09,40.71,43.79,41.34,2.45,5.9265,93667.12,400669.008,43.79,7.2053,13.0994,1.62,39.3598,38.8027,6.9542,8.2879,8.2441,,,13540.8,12999.6924,7150.4952,592951.632,569256.5302
430418.BJ,20250507,42.5,43.39,40.88,41.34,42.01,-0.67,-1.5949,69560.89,292688.769,41.34,5.351,9.7281,1.21,37.1576,36.6317,6.5651,7.8242,7.7828,,,13540.8,12999.6924,7150.4952,559776.672,537407.2838
430418.BJ,20250506,41.12,42.3,40.4,42.01,40.64,1.37,3.3711,71308.24,295275.063,42.01,5.4854,9.9725,1.23,37.7599,37.2254,6.6715,7.951,7.909,,,13540.8,12999.6924,7150.4952,568849.008,546117.0777
430418.BJ,20250430,38.29,41.18,38.29,40.64,38.19,2.45,6.4153,68302.11,273018.871,40.64,5.2541,9.5521,1.0,36.5285,36.0114,6.4539,7.6917,7.651,,,13540.8,12999.6924,7150.4952,550298.112,528307.4991
430418.BJ,20250429,37.51,38.95,37.51,38.19,37.37,0.82,2.1943,40898.76,156477.622,38.19,3.1461,5.7197,0.58,34.3263,33.8405,6.0648,7.228,7.1898,,,13540.8,12999.6924,7150.4952,517123.152,496458.2528
430418.BJ,20250428,38.0,38.38,37.02,37.37,38.38,-1.01,-2.6316,39009.59,146490.593,37.37,3.0008,5.4133,0.5,33.5893,33.5893,6.1888,7.0728,7.0728,,,13540.8,12999.6924,7206.2124,506019.696,485798.505
430418.BJ,20250425,39.85,41.3,38.35,38.38,39.97,-1.59,-3.978,68256.03,269563.033,38.38,5.2506,9.4718,0.83,34.4971,34.4971,6.3561,7.264,7.264,,,13540.8,12999.6924,7206.2124,519695.904,498928.1943
430418.BJ,20250424,40.53,42.22,39.97,39.97,41.4,-1.43,-3.4541,74577.1,305089.754,39.97,5.7368,10.349,0.97,35.9262,35.9262,6.6194,7.5649,7.5649,,,13540.8,12999.6924,7206.2124,541225.776,519597.7052
430418.BJ,20250423,39.03,43.35,39.0,41.4,38.76,2.64,6.8111,118028.64,492752.557,41.4,9.0793,16.3787,1.88,37.2116,37.2116,6.8562,7.8356,7.8356,,,13540.8,12999.6924,7206.2124,560589.12,538187.2654
430418.BJ,20250422,39.95,40.59,38.71,38.76,40.32,-1.56,-3.869,51501.82,202481.496,38.76,3.9618,7.1469,0.78,34.8387,34.8387,6.419,7.3359,7.3359,,,13540.8,12999.6924,7206.2124,524841.408,503868.0774
430418.BJ,20250421,38.45,41.68,38.06,40.32,38.97,1.35,3.4642,81212.74,321541.905,40.32,6.2473,11.2698,1.36,36.2408,36.2408,6.6774,7.6312,7.6312,,,13540.8,12999.6924,7206.2124,545965.056,524147.5976
430418.BJ,20250418,37.04,39.5,36.49,38.97,36.88,2.09,5.667,86508.89,331945.763,38.97,6.6547,12.0048,1.54,35.0274,35.0274,6.4538,7.3757,7.3757,,,13540.8,12999.6924,7206.2124,527684.976,506598.0128
430418.BJ,20250417,36.5,37.43,36.01,36.88,36.51,0.37,1.0134,45670.77,168930.953,36.88,3.5132,6.3377,0.66,33.1489,33.1489,6.1077,6.9801,6.9801,,,13540.8,12999.6924,7206.2124,499384.704,479428.6557
430418.BJ,20250416,37.68,37.77,36.1,36.51,38.17,-1.66,-4.349,49346.89,182224.086,36.51,3.796,6.8478,0.64,32.8163,32.8163,6.0464,6.9101,6.9101,,,13540.8,12999.6924,7206.2124,494374.608,474618.7695
430418.BJ,20250415,37.12,38.94,36.38,38.17,37.0,1.17,3.1622,66104.26,249714.464,38.17,5.0851,9.1732,0.86,34.3083,34.3083,6.3213,7.2242,7.2242,,,13540.8,12999.6924,7206.2124,516852.336,496198.2589
430418.BJ,20250414,37.35,37.66,36.5,37.0,36.44,0.56,1.5368,50870.55,188932.298,37.0,3.9132,7.0593,0.63,33.2567,33.2567,6.1276,7.0028,7.0028,,,13540.8,12999.6924,7206.2124,501009.6,480988.6188
430418.BJ,20250411,35.39,38.2,35.08,36.44,36.39,0.05,0.1374,68313.68,252110.708,36.44,5.255,9.4798,0.92,32.7534,32.7534,6.0348,6.8968,6.8968,,,13540.8,12999.6924,7206.2124,493426.752,473708.7911
430418.BJ,20250410,36.8,40.2,36.3,36.39,35.51,0.88,2.4782,110951.98,422232.237,36.39,8.535,15.3967,1.81,32.7084,32.7084,6.0265,6.8874,6.8874,,,13540.8,12999.6924,7206.2124,492749.712,473058.8064
430418.BJ,20250409,29.5,36.11,29.21,35.51,30.32,5.19,17.1174,87858.45,287250.796,35.51,6.7585,12.192,1.6,31.9175,31.9175,5.8808,6.7208,6.7208,,,13540.8,12999.6924,7206.2124,480833.808,461619.0771
430418.BJ,20250408,28.94,30.79,28.9,30.32,28.0,2.32,8.2857,65994.3,196831.846,30.32,5.0766,9.158,1.26,27.2525,27.2525,5.0213,5.7385,5.7385,,,13540.8,12999.6924,7206.2124,410557.056,394150.6736
430418.BJ,20250407,33.0,33.18,25.41,28.0,35.9,-7.9,-22.0056,72650.68,217717.561,28.0,5.5886,10.0817,1.5,30.5322,25.1672,4.6371,5.9579,5.2994,,,13540.8,12999.6924,7206.2124,379142.4,363991.3872
430418.BJ,20250403,34.7,36.55,34.7,35.9,35.89,0.01,0.0279,35705.48,127843.781,35.9,2.7466,4.9548,0.7,39.1466,32.268,5.9454,7.6388,6.7946,,,13540.8,12999.6924,7206.2124,486114.72,466688.9572
430418.BJ,20250402,35.3,36.5,35.12,35.89,35.15,0.74,2.1053,43997.62,158227.634,35.89,3.3845,6.1055,0.77,39.1357,32.259,5.9437,7.6367,6.7927,,,13540.8,12999.6924,7206.2124,485979.312,466558.9602
430418.BJ,20250401,36.6,37.14,34.9,35.15,36.34,-1.19,-3.2746,56555.82,202999.795,35.15,4.3506,7.8482,1.0,38.3288,31.5939,5.8212,7.4792,6.6527,,,13540.8,12999.6924,7206.2124,475959.12,456939.1879
430418.BJ,20250331,37.0,37.05,34.7,36.34,37.56,-1.22,-3.2481,52043.67,186104.612,36.34,4.0035,7.2221,0.81,39.6264,32.6635,6.0183,7.7325,6.8779,,,13540.8,12999.6924,7206.2124,492072.672,472408.8218
430418.BJ,20250328,39.02,39.77,37.51,37.56,39.45,-1.89,-4.7909,53217.85,204100.335,37.56,4.0938,7.385,0.69,40.9567,33.7601,6.2203,7.992,7.1088,,,13540.8,12999.6924,7206.2124,508592.448,488268.4465
430418.BJ,20250327,40.51,40.82,38.8,39.45,40.46,-1.01,-2.4963,50247.97,199422.876,39.45,3.8653,6.9729,0.53,43.0176,35.4588,6.5333,8.3942,7.4665,,,13540.8,12999.6924,7206.2124,534184.56,512837.8652
430418.BJ,20250326,38.91,42.42,38.85,40.46,39.25,1.21,3.0828,73668.72,301954.271,40.46,5.667,10.2229,0.67,44.119,36.3667,6.7006,8.6091,7.6577,,,13540.8,12999.6924,7206.2124,547860.768,525967.5545
430418.BJ,20250325,39.31,40.11,38.54,39.25,39.05,0.2,0.5122,53376.36,209935.58,39.25,4.106,7.407,0.48,42.7996,35.2791,6.5002,8.3516,7.4287,,,13540.8,12999.6924,7206.2124,531476.4,510237.9267
430418.BJ,20250324,40.43,40.78,37.56,39.05,41.24,-2.19,-5.3104,92404.59,359177.187,39.05,7.1082,12.8229,0.83,42.5815,35.0993,6.4671,8.3091,7.3908,,,13540.8,12999.6924,7206.2124,528768.24,507637.9882
430418.BJ,20250321,46.7,46.73,41.24,41.24,47.45,-6.21,-13.0875,113678.04,493045.499,41.24,8.7447,15.775,1.11,44.9695,37.0678,6.8297,8.7751,7.8053,,,13540.8,12999.6924,7206.2124,558422.592,536107.3146
430418.BJ,20250320,46.6,48.6,44.6,47.45,45.94,1.51,3.2869,140675.81,662547.806,47.45,10.8215,19.5215,1.64,51.7411,42.6495,7.8582,10.0964,8.9806,,,13540.8,12999.6924,7206.2124,642510.96,616835.4044
430418.BJ,20250319,43.88,48.28,43.3,45.94,43.76,2.18,4.9817,147291.13,684058.2,45.94,11.3304,20.4395,2.17,50.0946,41.2923,7.6081,9.7751,8.6948,,,13540.8,12999.6924,7206.2124,622064.352,597205.8689
430418.BJ,20250318,44.72,45.0,43.2,43.76,44.28,-0.52,-1.1743,64094.2,281645.744,43.76,4.9304,8.8943,0.92,47.7174,39.3328,7.2471,9.3113,8.2822,,,13540.8,12999.6924,7206.2124,592545.408,568866.5394
430418.BJ,20250317,41.75,44.64,41.12,44.28,42.05,2.23,5.3032,91877.87,400397.775,44.28,7.0677,12.7498,1.37,48.2844,39.8002,7.3332,9.4219,8.3807,,,13540.8,12999.6924,7206.2124,599586.624,575626.3795
430418.BJ,20250314,40.12,43.51,40.11,42.05,41.1,0.95,2.3114,66950.46,279284.998,42.05,5.1502,9.2907,0.89,45.8528,37.7958,6.9639,8.9474,7.9586,,,13540.8,12999.6924,7206.2124,569390.64,546637.0654
430418.BJ,20250313,42.86,43.43,41.0,41.1,43.01,-1.91,-4.4408,58440.43,245506.393,41.1,4.4955,8.1097,0.66,44.8169,36.9419,6.8066,8.7453,7.7788,,,13540.8,12999.6924,7206.2124,556526.88,534287.3576
430418.BJ,20250312,44.69,44.77,43.0,43.01,44.7,-1.69,-3.7808,58049.07,254052.52,43.01,4.4654,8.0554,0.53,46.8996,38.6587,7.1229,9.1517,8.1403,,,13540.8,12999.6924,7206.2124,582389.808,559116.7701
430418.BJ,20250311,42.9,44.9,42.19,44.7,44.09,0.61,1.3835,74555.65,323423.072,44.7,5.7352,10.346,0.57,48.7424,40.1777,7.4028,9.5113,8.4601,,,13540.8,12999.6924,7206.2124,605273.76,581086.2503
430418.BJ,20250310,42.59,45.9,42.59,44.09,43.74,0.35,0.8002,76784.05,340273.927,44.09,10.7241,10.7241,0.54,48.0773,39.6294,7.3017,9.3815,8.3447,,,13540.8,7159.9524,7159.9524,597013.872,315682.3013
430418.BJ,20250307,45.0,46.28,43.34,43.74,46.57,-2.83,-6.0769,106328.5,471586.832,43.74,14.8504,14.8504,0.7,47.6956,39.3148,7.2438,9.307,8.2785,,,13540.8,7159.9524,7159.9524,592274.592,313176.318
430418.BJ,20250306,48.0,49.43,45.69,46.57,47.84,-1.27,-2.6547,127888.14,602039.872,46.57,17.8616,17.8616,0.75,50.7815,41.8585,7.7124,9.9092,8.8141,,,13540.8,7159.9524,7159.9524,630595.056,333438.9833
430418.BJ,20250305,46.5,52.46,45.85,47.84,47.91,-0.07,-0.1461,164950.37,806830.977,47.84,23.0379,23.0379,0.94,52.1664,43.0,7.9228,10.1794,9.0544,,,13540.8,7159.9524,7159.9524,647791.872,342532.1228
430418.BJ,20250304,41.01,49.99,40.4,47.91,40.98,6.93,16.9107,175695.99,802669.306,47.91,24.5387,24.5387,1.04,52.2427,43.063,7.9344,10.1943,9.0677,,,13540.8,7159.9524,7159.9524,648739.728,343033.3195
430418.BJ,20250303,42.96,44.44,39.72,40.98,43.57,-2.59,-5.9445,132335.16,548875.832,40.98,18.4827,18.4827,0.81,44.686,36.8341,6.7867,8.7198,7.7561,,,13540.8,7159.9524,7159.9524,554901.984,293414.8494
430418.BJ,20250228,46.0,47.9,43.21,43.57,47.94,-4.37,-9.1156,158247.9,714333.627,43.57,22.1018,22.1018,0.99,47.5102,39.162,7.2156,9.2709,8.2463,,,13540.8,7159.9524,7159.9524,589972.656,311959.1261
430418.BJ,20250227,48.3,55.7,45.5,47.94,47.9,0.04,0.0835,220674.27,1110020.275,47.94,30.8206,30.8206,1.41,52.2754,43.0899,7.9393,10.2007,9.0734,,,13540.8,7159.9524,7159.9524,649145.952,343248.1181
430418.BJ,20250226,39.03,50.0,39.0,47.9,39.15,8.75,22.3499,192417.26,868844.468,47.9,26.8741,26.8741,1.41,52.2318,41.9283,8.2676,10.1922,9.0383,,,13540.8,7159.9524,7159.9524,648604.32,342961.72
430418.BJ,20250225,34.84,42.93,34.34,39.15,36.02,3.13,8.6896,144311.01,552833.908,39.15,20.1553,20.1553,1.24,42.6905,34.2691,6.7573,8.3304,7.3873,,,13540.8,7159.9524,7159.9524,530122.32,280312.1365
430418.BJ,20250224,35.78,38.86,34.11,36.02,35.5,0.52,1.4648,104745.18,380797.942,36.02,14.6293,14.6293,1.02,39.2775,31.5294,6.2171,7.6644,6.7967,,,13540.8,7159.9524,7159.9524,487739.616,257901.4854
430418.BJ,20250221,35.0,36.18,34.01,35.5,37.0,-1.5,-4.0541,134431.84,470481.227,35.5,18.7755,18.7755,1.62,38.7104,31.0742,6.1273,7.5537,6.6985,,,13540.8,7159.9524,7159.9524,480698.4,254178.3102
430418.BJ,20250220,29.91,38.74,29.26,37.0,29.8,7.2,24.1611,208731.37,722000.439,37.0,29.1526,29.1526,4.24,40.3461,32.3872,6.3862,7.8729,6.9816,,,13540.8,7159.9524,7159.9524,501009.6,264918.2388
430418.BJ,20250219,26.36,29.93,26.33,29.8,26.6,3.2,12.0301,88124.58,251434.475,29.8,12.308,12.308,2.17,32.495,26.0848,5.1435,6.3409,5.623,,,13540.8,7159.9524,7159.9524,403515.84,213366.5815
430418.BJ,20250218,27.8,28.28,26.6,26.6,27.55,-0.95,-3.4483,44625.96,122771.877,26.6,6.2327,6.2327,1.01,29.0056,23.2838,4.5912,5.66,5.0192,,,13540.8,7159.9524,7159.9524,360185.28,190454.7338
430418.BJ,20250217,26.8,27.68,26.5,27.55,26.95,0.6,2.2263,36097.21,97670.544,27.55,5.0415,5.0415,0.79,30.0415,24.1153,4.7551,5.8621,5.1984,,,13540.8,7159.9524,7159.9524,373049.04,197256.6886
430418.BJ,20250214,27.78,27.78,26.87,26.95,27.85,-0.9,-3.2316,38435.56,104469.906,26.95,5.3681,5.3681,0.74,29.3872,23.5901,4.6516,5.7344,5.0852,,,13540.8,7159.9524,7159.9524,364924.56,192960.7172
430418.BJ,20250213,28.62,29.25,27.85,27.85,28.75,-0.9,-3.1304,39073.48,111237.629,27.85,5.4572,5.4572,0.71,30.3686,24.3779,4.8069,5.9259,5.2551,,,13540.8,7159.9524,7159.9524,377111.28,199404.6743
430418.BJ,20250212,28.67,28.98,27.8,28.75,29.0,-0.25,-0.8621,45128.08,128498.121,28.75,6.3028,6.3028,0.89,31.35,25.1657,4.9623,6.1174,5.4249,,,13540.8,7159.9524,7159.9524,389298.0,205848.6315
430418.BJ,20250211,28.7,29.98,28.6,29.0,28.99,0.01,0.0345,63016.33,185142.687,29.0,8.8012,8.8012,1.5,31.6226,25.3845,5.0054,6.1706,5.472,,,13540.8,7159.9524,7159.9524,392683.2,207638.6196
430418.BJ,20250210,29.3,29.3,28.06,28.99,28.96,0.03,0.1036,43138.24,123416.234,28.99,6.0249,6.0249,1.16,31.6117,25.3758,5.0037,6.1685,5.4702,,,13540.8,7159.9524,7159.9524,392547.792,207567.0201
430418.BJ,20250207,28.7,29.84,28.35,28.96,28.1,0.86,3.0605,70105.58,203726.845,28.96,9.7913,9.7913,2.47,31.579,25.3495,4.9985,6.1621,5.4645,,,13540.8,7159.9524,7159.9524,392141.568,207352.2215
430418.BJ,20250206,26.0,28.18,25.7,28.1,26.1,2.0,7.6628,52617.16,143571.414,28.1,7.3488,7.3488,2.2,30.6412,24.5968,4.8501,5.9791,5.3022,,,13540.8,7159.9524,7159.9524,380496.48,201194.6624
430418.BJ,20250205,26.39,26.6,25.6,26.1,26.14,-0.04,-0.153,23281.82,60988.968,26.1,3.2517,3.2517,0.88,28.4603,22.8461,4.5049,5.5536,4.9248,,,13540.8,7159.9524,7159.9524,353414.88,186874.7576
430418.BJ,20250127,26.42,26.88,25.92,26.14,26.16,-0.02,-0.0765,21580.2,56922.98,26.14,3.014,3.014,0.67,28.504,22.8811,4.5118,5.5621,4.9324,,,13540.8,7159.9524,7159.9524,353956.512,187161.1557
430418.BJ,20250124,25.68,26.36,25.58,26.16,25.8,0.36,1.3953,19150.67,49784.91,26.16,2.6747,2.6747,0.56,28.5258,22.8986,4.5152,5.5663,4.9362,,,13540.8,7159.9524,7159.9524,354227.328,187304.3548
430418.BJ,20250123,26.5,26.88,25.67,25.8,25.76,0.04,0.1553,25165.43,66395.879,25.8,3.5147,3.5147,0.65,28.1332,22.5835,4.4531,5.4897,4.8682,,,13540.8,7159.9524,7159.9524,349352.64,184726.7719
430418.BJ,20250122,27.0,27.1,25.76,25.76,27.34,-1.58,-5.7791,30199.79,79349.253,25.76,4.2179,4.2179,0.68,28.0896,22.5485,4.4462,5.4812,4.8607,,,13540.8,7159.9524,7159.9524,348811.008,184440.3738
430418.BJ,20250121,27.84,27.9,26.86,27.34,27.8,-0.46,-1.6547,36849.31,101074.098,27.34,5.1466,5.1466,0.78,29.8125,23.9315,4.7189,5.8174,5.1588,,,13540.8,7159.9524,7159.9524,370205.472,195753.0986
430418.BJ,20250120,26.58,28.0,26.23,27.8,26.19,1.61,6.1474,49024.28,133138.371,27.8,6.847,6.847,1.18,30.3141,24.3342,4.7983,5.9153,5.2456,,,13540.8,7159.9524,7159.9524,376434.24,199046.6767
430418.BJ,20250117,26.12,26.72,26.0,26.19,26.44,-0.25,-0.9455,30879.2,81261.558,26.19,4.3128,4.3128,0.74,28.5585,22.9249,4.5204,5.5727,4.9418,,,13540.8,7159.9524,7159.9524,354633.552,187519.1534
430418.BJ,20250116,25.81,26.76,25.76,26.44,25.55,0.89,3.4834,47020.24,123197.173,26.44,6.5671,6.5671,1.3,28.8311,23.1437,4.5636,5.6259,4.989,,,13540.8,7159.9524,7159.9524,358018.752,189309.1415
430418.BJ,20250115,25.54,27.13,25.05,25.55,25.27,0.28,1.108,57743.36,151208.547,25.55,8.0648,8.0648,1.93,27.8606,22.3647,4.4099,5.4365,4.8211,,,13540.8,7159.9524,7159.9524,345967.44,182936.7838
430418.BJ,20250114,22.8,25.3,22.42,25.27,22.71,2.56,11.2726,50584.26,123245.245,25.27,7.0649,7.0649,2.14,27.5553,22.1196,4.3616,5.377,4.7682,,,13540.8,7159.9524,7159.9524,342176.016,180931.9971
430418.BJ,20250113,23.58,23.8,22.63,22.71,23.58,-0.87,-3.6896,20651.73,47676.011,22.71,2.8843,2.8843,0.9,24.7638,19.8787,3.9198,4.8323,4.2852,,,13540.8,7159.9524,7159.9524,307511.568,162602.519
430418.BJ,20250110,23.4,24.88,23.4,23.58,23.58,0.0,0.0,31774.25,76525.68,23.58,4.4378,4.4378,1.54,25.7124,20.6403,4.0699,5.0174,4.4493,,,13540.8,7159.9524,7159.9524,319292.064,168831.6776
430418.BJ,20250109,23.0,23.87,22.9,23.58,23.3,0.28,1.2017,20466.88,48076.177,23.58,2.8585,2.8585,1.0,25.7124,20.6403,4.0699,5.0174,4.4493,,,13540.8,7159.9524,7159.9524,319292.064,168831.6776
430418.BJ,20250108,22.42,23.49,21.82,23.3,22.49,0.81,3.6016,26101.05,59257.47,23.3,3.6454,3.6454,1.33,25.4071,20.3952,4.0216,4.9578,4.3965,,,13540.8,7159.9524,7159.9524,315500.64,166826.8909
430418.BJ,20250107,22.2,22.49,21.59,22.49,22.08,0.41,1.8569,19206.28,42337.983,22.49,2.6825,2.6825,0.87,24.5239,19.6862,3.8818,4.7854,4.2437,,,13540.8,7159.9524,7159.9524,304532.592,161027.3295
430418.BJ,20250106,22.19,22.55,21.69,22.08,22.04,0.04,0.1815,17193.83,38045.256,22.08,2.4014,2.4014,0.73,24.0768,19.3273,3.811,4.6982,4.1663,,,13540.8,7159.9524,7159.9524,298980.864,158091.749
430418.BJ,20250103,22.79,23.15,22.0,22.04,22.59,-0.55,-2.4347,20149.89,45503.103,22.04,2.8142,2.8142,0.75,24.0332,19.2923,3.8041,4.6897,4.1588,,,13540.8,7159.9524,7159.9524,298439.232,157805.3509
430418.BJ,20250102,23.01,23.7,22.23,22.59,22.86,-0.27,-1.1811,20185.79,46331.711,22.59,2.8193,2.8193,0.72,24.6329,19.7737,3.899,4.8067,4.2625,,,13540.8,7159.9524,7159.9524,305886.672,161743.3247
430418.BJ,20241231,23.87,24.4,22.84,22.86,23.69,-0.83,-3.5036,21233.36,50319.395,22.86,2.9656,2.9656,0.72,24.9273,20.01,3.9456,4.8642,4.3135,,,13540.8,7159.9524,7159.9524,309542.688,163676.5119
430418.BJ,20241230,25.24,25.24,23.6,23.69,25.25,-1.56,-6.1782,31666.18,76526.772,23.69,4.4227,4.4227,1.15,25.8324,20.7366,4.0889,5.0408,4.4701,,,13540.8,7159.9524,7159.9524,320781.552,169619.2724
430418.BJ,20241227,25.67,25.9,25.2,25.25,25.93,-0.68,-2.6224,25110.73,64081.071,25.25,3.5071,3.5071,0.91,27.5335,22.1021,4.3582,5.3727,4.7645,,,13540.8,7159.9524,7159.9524,341905.2,180788.7981
430418.BJ,20241226,25.36,26.43,25.13,25.93,25.15,0.78,3.1014,36752.01,95200.541,25.93,5.133,5.133,1.31,28.275,22.6973,4.4755,5.5174,4.8928,,,13540.8,7159.9524,7159.9524,351112.944,185657.5657
430418.BJ,20241225,25.61,25.61,24.35,25.15,25.26,-0.11,-0.4355,24862.4,62173.471,25.15,3.4724,3.4724,0.88,27.4244,22.0145,4.3409,5.3514,4.7456,,,13540.8,7159.9524,7159.9524,340551.12,180072.8029
430418.BJ,20241224,24.59,25.97,24.59,25.26,24.35,0.91,3.7372,29358.67,74214.55,25.26,4.1004,4.1004,1.05,27.5444,22.1108,4.3599,5.3748,4.7663,,,13540.8,7159.9524,7159.9524,342040.608,180860.3976
430418.BJ,20241223,24.7,25.33,24.31,24.35,24.79,-0.44,-1.7749,21125.23,52566.751,24.35,2.9505,2.9505,0.73,26.5521,21.3143,4.2028,5.1812,4.5946,,,13540.8,7159.9524,7159.9524,329718.48,174344.8409
430418.BJ,20241220,24.56,25.48,24.5,24.79,24.81,-0.02,-0.0806,25826.29,64498.953,24.79,3.607,3.607,0.84,27.0319,21.6994,4.2788,5.2748,4.6777,,,13540.8,7159.9524,7159.9524,335676.432,177495.22
430418.BJ,20241219,23.8,25.09,22.8,24.81,23.96,0.85,3.5476,38821.83,93432.36,24.81,5.4221,5.4221,1.25,27.0537,21.7169,4.2822,5.2791,4.6814,,,13540.8,7159.9524,7159.9524,335947.248,177638.419
430418.BJ,20241218,24.53,25.14,23.65,23.96,24.6,-0.64,-2.6016,26812.22,65433.049,23.96,3.7447,3.7447,0.72,26.1268,20.9729,4.1355,5.0982,4.521,,,13540.8,7159.9524,7159.9524,324437.568,171552.4595
430418.BJ,20241217,26.07,26.3,24.5,24.6,26.14,-1.54,-5.8914,26885.28,68210.463,24.6,3.755,3.755,0.63,26.8247,21.5331,4.246,5.2344,4.6418,,,13540.8,7159.9524,7159.9524,333103.68,176134.829
430418.BJ,20241216,26.0,26.4,25.5,26.14,25.78,0.36,1.3964,27178.87,70674.446,26.14,3.796,3.796,0.59,28.504,22.8811,4.5118,5.5621,4.9324,,,13540.8,7159.9524,7159.9524,353956.512,187161.1557
430418.BJ,20241213,25.84,26.71,25.23,25.78,25.73,0.05,0.1943,34760.69,90700.256,25.78,4.8549,4.8549,0.69,28.1114,22.566,4.4496,5.4855,4.8645,,,13540.8,7159.9524,7159.9524,349081.824,184583.5729
430418.BJ,20241212,25.9,26.31,25.03,25.73,26.28,-0.55,-2.0928,39400.02,100846.802,25.73,5.5028,5.5028,0.73,28.0569,22.5222,4.441,5.4748,4.855,,,13540.8,7159.9524,7159.9524,348404.784,184225.5753
430418.BJ,20241211,27.5,27.9,26.0,26.28,27.9,-1.62,-5.8065,58037.06,155057.541,26.28,8.1058,8.1058,1.0,28.6566,23.0037,4.5359,5.5919,4.9588,,,13540.8,7159.9524,7159.9524,355852.224,188163.5491
430418.BJ,20241210,29.2,29.65,27.64,27.9,27.64,0.26,0.9407,54027.42,155380.47,27.9,7.5458,7.5458,0.89,30.4231,24.4217,4.8155,5.9366,5.2645,,,13540.8,7159.9524,7159.9524,377788.32,199762.672
430418.BJ,20241209,28.88,29.63,27.5,27.64,29.2,-1.56,-5.3425,45278.58,129076.013,27.64,6.3239,6.3239,0.67,30.1396,24.1941,4.7707,5.8813,5.2154,,,13540.8,7159.9524,7159.9524,374267.712,197901.0843
430418.BJ,20241206,30.76,30.77,29.0,29.2,30.76,-1.56,-5.0715,54681.26,162198.301,29.2,7.6371,7.6371,0.75,31.8407,25.5596,5.0399,6.2132,5.5098,,,13540.8,7159.9524,7159.9524,395391.36,209070.6101
430418.BJ,20241205,31.0,31.54,30.0,30.76,31.3,-0.54,-1.7252,59532.79,183320.811,30.76,8.3147,8.3147,0.82,33.5418,26.9251,5.3092,6.5451,5.8041,,,13540.8,7159.9524,7159.9524,416515.008,220240.1358
430418.BJ,20241204,30.18,31.88,29.66,31.3,30.6,0.7,2.2876,78089.09,241920.288,31.3,10.9064,10.9064,1.12,34.1306,27.3978,5.4024,6.66,5.906,,,13540.8,7159.9524,7159.9524,423827.04,224106.5101
430418.BJ,20241203,29.97,31.5,29.53,30.6,30.07,0.53,1.7626,65029.23,198675.81,30.6,9.0824,9.0824,0.92,33.3673,26.7851,5.2816,6.5111,5.774,,,13540.8,7159.9524,7159.9524,414348.48,219094.5434
430418.BJ,20241202,30.01,32.17,29.48,30.07,29.84,0.23,0.7708,81573.09,250893.314,30.07,11.393,11.393,1.18,32.7894,26.3212,5.1901,6.3983,5.6739,,,13540.8,7159.9524,7159.9524,407171.856,215299.7687
430418.BJ,20241129,27.14,29.99,26.48,29.84,27.42,2.42,8.8257,80831.71,228971.131,29.84,11.2894,11.2894,1.16,32.5386,26.1198,5.1504,6.3494,5.6305,,,13540.8,7159.9524,7159.9524,404057.472,213652.9796
430418.BJ,20241128,28.27,29.13,27.26,27.42,28.47,-1.05,-3.6881,58593.28,166094.061,27.42,8.1835,8.1835,0.72,29.8997,24.0015,4.7327,5.8344,5.1739,,,13540.8,7159.9524,7159.9524,371288.736,196325.8948
430418.BJ,20241127,27.88,28.97,26.89,28.47,28.87,-0.4,-1.3855,61499.48,172361.901,28.47,8.5894,8.5894,0.68,31.0447,24.9206,4.9139,6.0579,5.372,,,13540.8,7159.9524,7159.9524,385506.576,203843.8448
430418.BJ,20241126,30.11,31.55,28.38,28.87,30.29,-1.42,-4.688,72489.95,221086.652,28.87,10.1244,10.1244,0.84,31.4808,25.2708,4.983,6.143,5.4475,,,13540.8,7159.9524,7159.9524,390922.896,206707.8258
430418.BJ,20241125,29.5,30.29,27.0,30.29,29.32,0.97,3.3083,71408.55,202675.475,30.29,9.9733,9.9733,0.84,33.0293,26.5137,5.2281,6.4451,5.7155,,,13540.8,7159.9524,7159.9524,410150.832,216874.9582
430418.BJ,20241122,29.01,31.99,29.0,29.32,30.0,-0.68,-2.2667,84647.86,257035.107,29.32,11.8224,11.8224,1.08,31.9715,25.6647,5.0606,6.2387,5.5324,,,13540.8,7159.9524,7159.9524,397016.256,209929.8044
430418.BJ,20241121,28.55,34.52,28.18,30.0,29.6,0.4,1.3514,117037.65,357353.473,30.0,16.3461,16.3461,1.86,32.713,26.2599,5.178,6.3834,5.6607,,,13540.8,7159.9524,7159.9524,406224.0,214798.572
430418.BJ,20241120,26.18,30.25,25.89,29.6,26.03,3.57,13.7149,104610.22,295833.505,29.6,14.6105,14.6105,2.07,32.2769,25.9097,5.109,6.2983,5.5853,,,13540.8,7159.9524,7159.9524,400807.68,211934.591
430418.BJ,20241119,25.88,26.4,24.0,26.03,26.62,-0.59,-2.2164,55646.79,141147.716,26.03,7.7719,7.7719,1.17,28.384,22.7848,4.4928,5.5387,4.9116,,,13540.8,7159.9524,7159.9524,352467.024,186373.561
430418.BJ,20241118,26.6,28.1,25.81,26.62,26.18,0.44,1.6807,65630.86,177435.009,26.62,9.1664,9.1664,1.48,29.0274,23.3013,4.5946,5.6642,5.023,,,13540.8,7159.9524,7159.9524,360456.096,190597.9329
430418.BJ,20241115,25.74,26.69,24.54,26.18,25.7,0.48,1.8677,50134.19,128883.097,26.18,7.002,7.002,1.08,28.5476,22.9161,4.5187,5.5706,4.9399,,,13540.8,7159.9524,7159.9524,354498.144,187447.5538
430418.BJ,20241114,25.59,26.5,25.51,25.7,25.69,0.01,0.0389,38227.7,99495.842,25.7,5.3391,5.3391,0.68,28.0242,22.496,4.4358,5.4685,4.8494,,,13540.8,7159.9524,7159.9524,347998.56,184010.7767
430418.BJ,20241113,24.7,25.76,23.81,25.69,25.15,0.54,2.1471,43090.27,106614.97,25.69,6.0182,6.0182,0.6,28.0133,22.4872,4.4341,5.4663,4.8475,,,13540.8,7159.9524,7159.9524,347863.152,183939.1772
430418.BJ,20241112,25.95,26.64,24.85,25.15,25.8,-0.65,-2.5194,41468.28,106040.106,25.15,5.7917,5.7917,0.5,27.4244,22.0145,4.3409,5.3514,4.7456,,,13540.8,7159.9524,7159.9524,340551.12,180072.8029
430418.BJ,20241111,25.6,26.45,24.7,25.8,26.02,-0.22,-0.8455,48656.97,123466.579,25.8,6.7957,6.7957,0.55,28.1332,22.5835,4.4531,5.4897,4.8682,,,13540.8,7159.9524,7159.9524,349352.64,184726.7719
430418.BJ,20241108,27.51,27.88,25.88,26.02,27.14,-1.12,-4.1268,61233.07,163795.558,26.02,8.5522,8.5522,0.72,28.3731,22.7761,4.4911,5.5366,4.9097,,,13540.8,7159.9524,7159.9524,352331.616,186301.9614
430418.BJ,20241107,26.66,28.22,25.67,27.14,27.0,0.14,0.5185,84775.73,230338.921,27.14,11.8403,11.8403,1.03,29.5944,23.7564,4.6844,5.7749,5.1211,,,13540.8,7159.9524,7159.9524,367497.312,194321.1081
430418.BJ,20241106,26.8,28.56,25.09,27.0,25.9,1.1,4.2471,121837.96,327495.809,27.0,17.0166,17.0166,1.59,29.4417,23.6339,4.6602,5.7451,5.0947,,,13540.8,7159.9524,7159.9524,365601.6,193318.7148
430418.BJ,20241105,25.53,27.8,25.53,25.9,25.05,0.85,3.3932,97240.18,258326.909,25.9,13.5811,13.5811,1.35,28.2423,22.671,4.4703,5.511,4.8871,,,13540.8,7159.9524,7159.9524,350706.72,185442.7672
430418.BJ,20241104,22.15,25.53,22.15,25.05,22.07,2.98,13.5025,79670.99,195063.656,25.05,11.1273,11.1273,1.18,27.3154,21.927,4.3236,5.3302,4.7267,,,13540.8,7159.9524,7159.9524,339197.04,179356.8076
430418.BJ,20241101,23.71,24.18,21.9,22.07,23.96,-1.89,-7.8881,43789.96,99629.989,22.07,6.116,6.116,0.55,24.0659,19.3185,3.8093,4.6961,4.1644,,,13540.8,7159.9524,7159.9524,298845.456,158020.1495
430418.BJ,20241031,25.19,25.98,22.85,23.96,25.69,-1.73,-6.7341,69627.47,169132.478,23.96,9.7246,9.7246,0.94,26.1268,20.9729,4.1355,5.0982,4.521,,,13540.8,7159.9524,7159.9524,324437.568,171552.4595
430418.BJ,20241030,26.0,27.98,24.88,25.69,25.69,0.0,0.0,91721.83,242933.432,25.69,12.8104,12.8104,1.39,28.0133,22.4872,4.4341,5.4663,4.8475,,,13540.8,7159.9524,7159.9524,347863.152,183939.1772
430418.BJ,20241029,23.06,25.83,22.65,25.69,22.8,2.89,12.6754,75235.44,177481.453,25.69,10.5078,10.5078,1.18,28.0133,24.3345,4.6959,5.4663,5.035,,,13540.8,7159.9524,7159.9524,347863.152,183939.1772
430418.BJ,20241028,23.6,23.7,22.06,22.8,22.85,-0.05,-0.2188,58554.34,133603.458,22.8,8.178,8.178,0.85,24.8619,21.597,4.1676,4.8514,4.4686,,,13540.8,7159.9524,7159.9524,308730.24,163246.9147
430418.BJ,20241025,22.3,24.49,22.0,22.85,21.97,0.88,4.0055,100247.94,232100.91,22.85,14.0012,14.0012,1.71,24.9164,21.6443,4.1768,4.862,4.4783,,,13540.8,7159.9524,7159.9524,309407.28,163604.9123
430418.BJ,20241024,21.26,22.57,20.96,21.97,21.26,0.71,3.3396,45390.36,98699.605,21.97,6.3395,6.3395,0.78,23.9568,20.8108,4.0159,4.6748,4.3059,,,13540.8,7159.9524,7159.9524,297491.376,157304.1542
430418.BJ,20241023,20.74,22.61,20.6,21.26,20.74,0.52,2.5072,51467.38,111730.801,21.26,7.1882,7.1882,1.01,23.1826,20.1382,3.8861,4.5237,4.1667,,,13540.8,7159.9524,7159.9524,287877.408,152220.588
430418.BJ,20241022,22.0,22.32,20.5,20.74,22.6,-1.86,-8.2301,62656.79,133771.464,20.74,8.751,8.751,1.48,22.6156,19.6457,3.7911,4.4131,4.0648,,,13540.8,7159.9524,7159.9524,280836.192,148497.4128
430418.BJ,20241021,21.13,22.88,20.86,22.6,20.48,2.12,10.3516,85625.2,187760.401,22.6,11.9589,11.9589,2.84,24.6438,21.4075,4.1311,4.8088,4.4294,,,13540.8,7159.9524,7159.9524,306022.08,161814.9242
430418.BJ,20241018,19.0,21.0,18.8,20.48,19.19,1.29,6.7223,48240.6,96606.035,20.48,6.7376,6.7376,1.77,22.3321,19.3994,3.7436,4.3577,4.0139,,,13540.8,7159.9524,7159.9524,277315.584,146635.8252
430418.BJ,20241017,18.99,20.51,18.59,19.19,18.64,0.55,2.9506,42061.04,81880.582,19.19,5.8745,5.8745,1.63,20.9254,18.1774,3.5078,4.0833,3.761,,,13540.8,7159.9524,7159.9524,259847.952,137399.4866
430418.BJ,20241016,18.01,18.95,17.89,18.64,18.39,0.25,1.3594,16465.03,30345.15,18.64,2.2996,2.2996,0.52,20.3257,17.6565,3.4072,3.9662,3.6532,,,13540.8,7159.9524,7159.9524,252400.512,133461.5127
430418.BJ,20241015,18.4,19.26,18.08,18.39,18.58,-0.19,-1.0226,18731.36,35047.951,18.39,2.6161,2.6161,0.42,20.0531,17.4197,3.3615,3.913,3.6042,,,13540.8,7159.9524,7159.9524,249015.312,131671.5246
430418.BJ,20241014,17.15,18.85,17.15,18.58,17.86,0.72,4.0314,25449.73,46104.28,18.58,3.5545,3.5545,0.5,20.2603,17.5996,3.3963,3.9535,3.6415,,,13540.8,7159.9524,7159.9524,251588.064,133031.9156
430418.BJ,20241011,18.73,18.96,17.12,17.86,18.73,-0.87,-4.645,33797.4,60357.276,17.86,4.7203,4.7203,0.66,19.4752,16.9176,3.2647,3.8003,3.5004,,,13540.8,7159.9524,7159.9524,241838.688,127876.7499
430418.BJ,20241010,18.5,19.8,18.5,18.73,18.53,0.2,1.0793,34808.8,66322.538,18.73,4.8616,4.8616,0.75,20.4238,17.7417,3.4237,3.9854,3.6709,,,13540.8,7159.9524,7159.9524,253619.184,134105.9085
430418.BJ,20241009,20.02,20.99,18.5,18.53,22.01,-3.48,-15.811,46357.24,92613.735,18.53,6.4745,6.4745,1.16,20.2058,17.5523,3.3871,3.9428,3.6317,,,13540.8,7159.9524,7159.9524,250911.024,132673.918
430418.BJ,20241008,21.82,23.28,19.4,22.01,18.0,4.01,22.2778,83193.06,178520.908,22.01,11.6192,11.6192,3.36,24.0005,20.8486,4.0232,4.6833,4.3137,,,13540.8,7159.9524,7159.9524,298033.008,157590.5523
430418.BJ,20240930,16.0,18.08,15.58,18.0,15.13,2.87,18.9689,56127.89,95158.657,18.0,7.8391,7.8391,3.9,19.6278,17.0502,3.2902,3.8301,3.5278,,,13540.8,7159.9524,7159.9524,243734.4,128879.1432
430418.BJ,20240927,14.2,15.58,14.2,15.13,14.08,1.05,7.4574,33851.84,50605.267,15.13,4.7279,4.7279,3.87,16.4983,14.3317,2.7656,3.2194,2.9653,,,13540.8,7159.9524,7159.9524,204872.304,108330.0798
430418.BJ,20240926,13.63,14.09,13.47,14.08,13.63,0.45,3.3015,12764.94,17684.719,14.08,1.7828,1.7828,1.71,15.3533,13.3371,2.5737,2.996,2.7595,,,13540.8,7159.9524,7159.9524,190654.464,100812.1298
430418.BJ,20240925,13.46,14.04,13.46,13.63,13.46,0.17,1.263,14301.54,19689.483,13.63,1.9974,1.9974,2.25,14.8626,12.9108,2.4914,2.9002,2.6713,,,13540.8,7159.9524,7159.9524,184561.104,97590.1512
430418.BJ,20240924,13.22,13.55,13.06,13.46,13.1,0.36,2.7481,6753.8,9014.273,13.46,0.9433,0.9433,0.88,14.6772,12.7498,2.4604,2.864,2.638,,,13540.8,7159.9524,7159.9524,182259.168,96372.9593
430418.BJ,20240923,13.3,13.31,13.1,13.1,13.3,-0.2,-1.5038,4344.5,5721.756,13.1,0.6068,0.6068,0.52,14.2847,12.4088,2.3946,2.7874,2.5675,,,13540.8,7159.9524,7159.9524,177384.48,93795.3764
430418.BJ,20240920,13.22,13.5,13.1,13.3,13.27,0.03,0.2261,5543.76,7362.26,13.3,0.7743,0.7743,0.69,14.5028,12.5982,2.4311,2.83,2.6067,,,13540.8,7159.9524,7159.9524,180092.64,95227.3669
430418.BJ,20240919,13.25,13.55,13.17,13.27,13.3,-0.03,-0.2256,6300.82,8386.193,13.27,0.88,0.88,0.81,14.4701,12.5698,2.4256,2.8236,2.6008,,,13540.8,7159.9524,7159.9524,179686.416,95012.5683
430418.BJ,20240918,13.35,13.36,12.88,13.3,13.46,-0.16,-1.1887,8873.47,11625.407,13.3,1.2393,1.2393,1.22,14.5028,12.5982,2.4311,2.83,2.6067,,,13540.8,7159.9524,7159.9524,180092.64,95227.3669
430418.BJ,20240913,13.12,13.64,13.02,13.46,13.08,0.38,2.9052,13530.49,18058.343,13.46,1.8897,1.8897,2.3,14.6772,12.7498,2.4604,2.864,2.638,,,13540.8,7159.9524,7159.9524,182259.168,96372.9593
430418.BJ,20240912,13.0,13.34,12.96,13.08,13.0,0.08,0.6154,7579.96,9915.931,13.08,1.0587,1.0587,1.33,14.2629,12.3898,2.3909,2.7832,2.5635,,,13540.8,7159.9524,7159.9524,177113.664,93652.1774
430418.BJ,20240911,12.89,13.05,12.89,13.0,12.94,0.06,0.4637,3838.73,4972.822,13.0,0.5361,0.5361,0.61,14.1756,12.3141,2.3763,2.7661,2.5479,,,13540.8,7159.9524,7159.9524,176030.4,93079.3812
430418.BJ,20240910,12.98,13.0,12.7,12.94,12.93,0.01,0.0773,5287.87,6806.34,12.94,0.7385,0.7385,0.78,14.1102,12.2572,2.3653,2.7534,2.5361,,,13540.8,7159.9524,7159.9524,175217.952,92649.7841
430418.BJ,20240909,12.91,13.09,12.82,12.93,12.86,0.07,0.5443,6255.65,8097.982,12.93,0.8737,0.8737,0.93,14.0993,12.2478,2.3635,2.7513,2.5341,,,13540.8,7159.9524,7159.9524,175082.544,92578.1845
430418.BJ,20240906,13.08,13.19,12.84,12.86,13.04,-0.18,-1.3804,6452.21,8358.376,12.86,0.9012,0.9012,0.86,14.023,12.1814,2.3507,2.7364,2.5204,,,13540.8,7159.9524,7159.9524,174134.688,92076.9879
430418.BJ,20240905,13.23,13.26,13.01,13.04,13.16,-0.12,-0.9119,6642.28,8692.909,13.04,0.9277,0.9277,0.87,14.2193,12.3519,2.3836,2.7747,2.5557,,,13540.8,7159.9524,7159.9524,176572.032,93365.7793
430418.BJ,20240904,13.31,13.4,13.0,13.16,13.31,-0.15,-1.127,6779.6,8950.209,13.16,0.9469,0.9469,0.83,14.3501,12.4656,2.4055,2.8002,2.5792,,,13540.8,7159.9524,7159.9524,178196.928,94224.9736
430418.BJ,20240903,13.71,13.84,13.31,13.31,13.66,-0.35,-2.5622,7612.95,10324.295,13.31,1.0633,1.0633,1.02,14.5137,12.6077,2.433,2.8321,2.6086,,,13540.8,7159.9524,7159.9524,180228.048,95298.9664
430418.BJ,20240902,14.02,14.02,13.58,13.66,14.0,-0.34,-2.4286,6283.15,8633.366,13.66,0.8775,0.8775,0.86,14.8953,12.9392,2.4969,2.9066,2.6772,,,13540.8,7159.9524,7159.9524,184967.328,97804.9498
430418.BJ,20240830,14.02,14.23,13.89,14.0,14.02,-0.02,-0.1427,10284.29,14468.654,14.0,1.4364,1.4364,1.62,15.2661,13.2613,2.5591,2.9789,2.7438,,,13540.8,7159.9524,7159.9524,189571.2,100239.3336
430418.BJ,20240829,13.95,14.16,13.78,14.02,13.96,0.06,0.4298,7242.48,10141.304,14.02,1.0115,1.0115,0.99,15.2879,13.2802,2.5627,2.9832,2.7478,,,13540.8,7159.9524,7159.9524,189842.016,100382.5326
430418.BJ,20240828,13.66,14.25,13.59,13.96,13.72,0.24,1.7493,9239.95,12941.126,13.96,1.2905,1.2905,1.03,15.2225,13.2234,2.5518,2.9704,2.736,,,13540.8,7159.9524,7159.9524,189029.568,99952.9355
430418.BJ,20240827,13.74,13.85,13.4,13.72,13.69,0.03,0.2191,4433.29,6027.106,13.72,0.6192,0.6192,0.42,14.9608,12.9961,2.5079,2.9194,2.689,,,13540.8,7159.9524,7159.9524,185779.776,98234.5469
430418.BJ,20240826,13.6,13.96,13.55,13.69,13.55,0.14,1.0332,5323.19,7328.864,13.69,0.7435,0.7435,0.5,14.928,12.9677,2.5024,2.913,2.6831,,,13540.8,7159.9524,7159.9524,185373.552,98019.7484
430418.BJ,20240823,13.3,13.63,13.21,13.55,13.42,0.13,0.9687,5578.82,7505.827,13.55,0.7792,0.7792,0.52,14.7754,12.835,2.4768,2.8832,2.6557,,,13540.8,7159.9524,7159.9524,183477.84,97017.355
430418.BJ,20240822,14.0,14.0,13.35,13.42,13.93,-0.51,-3.6612,12181.67,16486.423,13.42,1.7014,1.7014,1.22,14.6336,12.7119,2.4531,2.8555,2.6302,,,13540.8,7159.9524,7159.9524,181717.536,96086.5612
430418.BJ,20240821,13.36,14.0,13.36,13.93,13.28,0.65,4.8946,17506.95,24060.939,13.93,2.4451,2.4451,2.22,15.1898,13.195,2.5463,2.964,2.7301,,,13540.8,7159.9524,7159.9524,188623.344,99738.1369
430418.BJ,20240820,13.1,13.54,12.84,13.28,13.07,0.21,1.6067,12744.25,16878.252,13.28,1.7799,1.7799,1.94,14.481,12.5793,2.4275,2.8257,2.6027,,,13540.8,7159.9524,7159.9524,179821.824,95084.1679
430418.BJ,20240819,12.78,13.07,12.71,13.07,12.77,0.3,2.3493,4969.86,6383.653,13.07,0.6941,0.6941,0.75,14.252,13.0808,2.5303,2.781,2.6862,,,13540.8,7159.9524,7159.9524,176978.256,93580.5779
430418.BJ,20240816,12.96,13.02,12.62,12.77,12.88,-0.11,-0.854,6699.98,8621.788,12.77,0.9358,0.9358,1.13,13.9248,12.7806,2.4723,2.7172,2.6245,,,13540.8,7159.9524,7159.9524,172916.016,91432.5921
430418.BJ,20240815,12.79,13.0,12.72,12.88,12.77,0.11,0.8614,7870.62,10126.88,12.88,1.0993,1.0993,1.53,14.0448,12.8907,2.4936,2.7406,2.6472,,,13540.8,7159.9524,7159.9524,174405.504,92220.1869
430418.BJ,20240814,13.0,13.0,12.56,12.77,12.98,-0.21,-1.6179,7224.47,9179.173,12.77,1.009,1.009,1.4,13.9248,12.7806,2.4723,2.7172,2.6245,,,13540.8,7159.9524,7159.9524,172916.016,91432.5921
430418.BJ,20240813,13.25,13.27,12.8,12.98,13.15,-0.17,-1.2928,6096.7,7919.457,12.98,0.8515,0.8515,1.18,14.1538,12.9908,2.5129,2.7619,2.6677,,,13540.8,7159.9524,7159.9524,175759.584,92936.1822
430418.BJ,20240812,13.6,13.7,13.11,13.15,13.62,-0.47,-3.4508,5329.62,7120.353,13.15,0.7444,0.7444,1.01,14.3392,13.1609,2.5458,2.7981,2.7026,,,13540.8,7159.9524,7159.9524,178061.52,94153.3741
430418.BJ,20240809,13.83,13.91,13.58,13.62,13.78,-0.16,-1.1611,3003.3,4112.345,13.62,0.4195,0.4195,0.51,14.8517,13.6313,2.6368,2.8981,2.7992,,,13540.8,7159.9524,7159.9524,184425.696,97518.5517
430418.BJ,20240808,13.89,13.95,13.6,13.78,13.89,-0.11,-0.7919,4072.0,5579.73,13.78,0.5687,0.5687,0.62,15.0262,13.7914,2.6678,2.9321,2.8321,,,13540.8,7159.9524,7159.9524,186592.224,98664.1441
430418.BJ,20240807,13.87,14.3,13.72,13.89,13.74,0.15,1.0917,7265.16,10151.825,13.89,1.0147,1.0147,1.0,15.1461,13.9015,2.6891,2.9555,2.8547,,,13540.8,7159.9524,7159.9524,188081.712,99451.7388
430418.BJ,20240806,13.51,13.81,13.49,13.74,13.49,0.25,1.8532,6177.55,8431.109,13.74,0.8628,0.8628,0.84,14.9826,13.7514,2.66,2.9236,2.8239,,,13540.8,7159.9524,7159.9524,186050.592,98377.746
430418.BJ,20240805,13.6,13.8,13.32,13.49,13.7,-0.21,-1.5328,5808.52,7882.512,13.49,0.8113,0.8113,0.76,14.71,13.5012,2.6116,2.8704,2.7725,,,13540.8,7159.9524,7159.9524,182665.392,96587.7579
430418.BJ,20240802,14.04,14.17,13.67,13.7,14.01,-0.31,-2.2127,6392.04,8871.519,13.7,0.8927,0.8927,0.73,14.939,13.7114,2.6523,2.9151,2.8157,,,13540.8,7159.9524,7159.9524,185508.96,98091.3479
430418.BJ,20240801,14.16,14.4,14.01,14.01,14.16,-0.15,-1.0593,7334.72,10415.706,14.01,1.0244,1.0244,0.72,15.277,14.0216,2.7123,2.9811,2.8794,,,13540.8,7159.9524,7159.9524,189706.608,100310.9331
430418.BJ,20240731,13.87,14.28,13.78,14.16,13.83,0.33,2.3861,10522.19,14857.075,14.16,1.4696,1.4696,1.01,15.4406,14.1718,2.7414,3.013,2.9102,,,13540.8,7159.9524,7159.9524,191737.728,101384.926
430418.BJ,20240730,13.82,14.08,13.6,13.83,13.79,0.04,0.2901,6756.52,9368.264,13.83,0.9437,0.9437,0.55,15.0807,13.8415,2.6775,2.9428,2.8424,,,13540.8,7159.9524,7159.9524,187269.264,99022.1417
430418.BJ,20240729,14.0,14.08,13.48,13.79,13.87,-0.08,-0.5768,7064.62,9669.237,13.79,0.9867,0.9867,0.53,15.0371,13.8014,2.6697,2.9342,2.8342,,,13540.8,7159.9524,7159.9524,186727.632,98735.7436
430418.BJ,20240726,13.8,14.16,13.55,13.87,13.66,0.21,1.5373,12302.34,17050.561,13.87,1.7182,1.7182,0.89,15.1243,13.8815,2.6852,2.9513,2.8506,,,13540.8,7159.9524,7159.9524,187810.896,99308.5398
430418.BJ,20240725,13.35,13.95,13.06,13.66,13.3,0.36,2.7068,14232.78,19426.418,13.66,1.9878,1.9878,0.86,14.8953,13.6713,2.6446,2.9066,2.8075,,,13540.8,7159.9524,7159.9524,184967.328,97804.9498
430418.BJ,20240724,13.94,14.1,13.26,13.3,13.88,-0.58,-4.1787,11641.05,15826.435,13.3,1.6259,1.6259,0.5,14.5028,13.311,2.5749,2.83,2.7335,,,13540.8,7159.9524,7159.9524,180092.64,95227.3669
430418.BJ,20240723,13.68,14.13,13.6,13.88,13.55,0.33,2.4354,16412.93,22780.33,13.88,2.2923,2.2923,0.7,15.1352,13.8915,2.6872,2.9534,2.8527,,,13540.8,7159.9524,7159.9524,187946.304,99380.1393
430418.BJ,20240722,13.73,13.98,13.31,13.55,13.5,0.05,0.3704,11548.49,15777.405,13.55,1.6129,1.6129,0.52,14.7754,13.5612,2.6233,2.8832,2.7849,,,13540.8,7159.9524,7159.9524,183477.84,97017.355
430418.BJ,20240719,13.9,14.28,13.5,13.5,13.81,-0.31,-2.2448,15511.74,21412.659,13.5,2.1665,2.1665,0.78,14.7209,13.5112,2.6136,2.8725,2.7746,,,13540.8,7159.9524,7159.9524,182800.8,96659.3574
430418.BJ,20240718,14.5,14.5,13.8,13.81,14.88,-1.07,-7.1909,27713.32,39040.366,13.81,3.8706,3.8706,1.75,15.0589,13.8215,2.6736,2.9385,2.8383,,,13540.8,7159.9524,7159.9524,186998.448,98878.9426
430418.BJ,20240717,13.48,15.0,13.47,14.88,13.16,1.72,13.0699,44706.84,64377.309,14.88,6.244,6.244,5.59,16.2257,14.8923,2.8808,3.1662,3.0582,,,13540.8,7159.9524,7159.9524,201487.104,106540.0917
430418.BJ,20240716,12.44,13.16,11.98,13.16,12.32,0.84,6.8182,17599.71,22309.553,13.16,2.4581,2.4581,2.92,14.3501,13.1709,2.5478,2.8002,2.7047,,,13540.8,7159.9524,7159.9524,178196.928,94224.9736
430418.BJ,20240715,12.51,12.51,12.29,12.32,12.52,-0.2,-1.5974,5358.02,6624.713,12.32,0.7483,0.7483,0.91,13.4342,12.3302,2.3851,2.6215,2.5321,,,13540.8,7159.9524,7159.9524,166822.656,88210.6136
430418.BJ,20240712,12.62,12.67,12.35,12.52,12.63,-0.11,-0.8709,4119.48,5164.159,12.52,0.5754,0.5754,0.62,13.6522,12.5304,2.4239,2.664,2.5732,,,13540.8,7159.9524,7159.9524,169530.816,89642.604
430418.BJ,20240711,12.47,12.78,12.4,12.63,12.31,0.32,2.5995,7593.07,9551.502,12.63,1.0605,1.0605,1.07,13.7722,12.6405,2.4452,2.6874,2.5958,,,13540.8,7159.9524,7159.9524,171020.304,90430.1988
430418.BJ,20240710,12.26,12.56,12.16,12.31,12.26,0.05,0.4078,5336.75,6622.532,12.31,0.7454,0.7454,0.61,13.4232,12.3202,2.3832,2.6193,2.53,,,13540.8,7159.9524,7159.9524,166687.248,88139.014
430418.BJ,20240709,11.87,12.32,11.75,12.26,11.89,0.37,3.1119,7738.01,9299.221,12.26,1.0807,1.0807,0.94,13.3687,12.2702,2.3735,2.6087,2.5197,,,13540.8,7159.9524,7159.9524,166010.208,87781.0164
430418.BJ,20240708,12.13,12.26,11.83,11.89,12.15,-0.26,-2.1399,4788.23,5735.016,11.89,0.6688,0.6688,0.59,12.9653,11.8999,2.3019,2.53,2.4437,,,13540.8,7159.9524,7159.9524,161000.112,85131.834
430418.BJ,20240705,12.18,12.28,11.89,12.15,12.17,-0.02,-0.1643,8007.42,9644.98,12.15,1.1184,1.1184,1.07,13.2488,12.1601,2.3522,2.5853,2.4971,,,13540.8,7159.9524,7159.9524,164520.72,86993.4217
430418.BJ,20240704,12.41,12.7,12.1,12.17,12.3,-0.13,-1.0569,9498.81,11807.458,12.17,1.3267,1.3267,1.34,13.2706,12.1801,2.3561,2.5895,2.5012,,,13540.8,7159.9524,7159.9524,164791.536,87136.6207
430418.BJ,20240703,12.99,13.02,12.28,12.3,12.98,-0.68,-5.2388,13673.77,17149.738,12.3,1.9098,1.9098,2.43,13.4123,12.3102,2.3813,2.6172,2.5279,,,13540.8,7159.9524,7159.9524,166551.84,88067.4145
430418.BJ,20240702,13.32,13.32,12.93,12.98,13.33,-0.35,-2.6257,5054.86,6628.798,12.98,0.706,0.706,0.78,14.1538,12.9908,2.5129,2.7619,2.6677,,,13540.8,7159.9524,7159.9524,175759.584,92936.1822
430418.BJ,20240701,13.27,13.5,13.12,13.33,13.26,0.07,0.5279,4266.71,5671.261,13.33,0.5959,0.5959,0.57,14.5355,13.3411,2.5807,2.8364,2.7396,,,13540.8,7159.9524,7159.9524,180498.864,95442.1655
430418.BJ,20240628,13.29,13.5,13.05,13.26,13.28,-0.02,-0.1506,5069.92,6751.586,13.26,0.7081,0.7081,0.65,14.4592,13.271,2.5671,2.8215,2.7253,,,13540.8,7159.9524,7159.9524,179551.008,94940.9688
430418.BJ,20240627,13.36,13.61,13.17,13.28,13.34,-0.06,-0.4498,7336.57,9848.961,13.28,1.0247,1.0247,0.84,14.481,13.291,2.571,2.8257,2.7294,,,13540.8,7159.9524,7159.9524,179821.824,95084.1679
430418.BJ,20240626,13.2,13.38,12.96,13.34,13.22,0.12,0.9077,6456.12,8520.576,13.34,0.9017,0.9017,0.64,14.5464,13.3511,2.5826,2.8385,2.7417,,,13540.8,7159.9524,7159.9524,180634.272,95513.765
430418.BJ,20240625,13.02,13.86,12.95,13.22,12.91,0.31,2.4012,9104.4,12105.456,13.22,1.2716,1.2716,0.94,14.4155,13.231,2.5594,2.813,2.717,,,13540.8,7159.9524,7159.9524,179009.376,94654.5707
430418.BJ,20240624,13.78,13.78,12.91,12.91,13.65,-0.74,-5.4212,9473.81,12467.615,12.91,1.3232,1.3232,1.05,14.0775,12.9207,2.4994,2.747,2.6533,,,13540.8,7159.9524,7159.9524,174811.728,92434.9855
430418.BJ,20240621,13.55,13.9,13.52,13.65,13.56,0.09,0.6637,6707.73,9175.198,13.65,0.9368,0.9368,0.66,14.8844,13.6613,2.6426,2.9045,2.8054,,,13540.8,7159.9524,7159.9524,184831.92,97733.3503
430418.BJ,20240620,14.01,14.01,13.51,13.56,14.08,-0.52,-3.6932,12170.19,16628.671,13.56,1.6998,1.6998,1.38,14.7863,13.5713,2.6252,2.8853,2.7869,,,13540.8,7159.9524,7159.9524,183613.248,97088.9545
430418.BJ,20240619,13.94,14.44,13.85,14.08,13.92,0.16,1.1494,12624.97,17814.267,14.08,1.7633,1.7633,1.74,15.3533,14.0917,2.7259,2.996,2.8938,,,13540.8,7159.9524,7159.9524,190654.464,100812.1298
430418.BJ,20240618,14.11,14.12,13.9,13.92,14.09,-0.17,-1.2065,7590.29,10610.194,13.92,1.0601,1.0601,1.18,15.1788,13.9316,2.6949,2.9619,2.8609,,,13540.8,7159.9524,7159.9524,188487.936,99666.5374
430418.BJ,20240617,14.41,14.51,14.07,14.09,14.39,-0.3,-2.0848,6198.15,8788.463,14.09,0.8657,0.8657,0.98,15.3642,14.1017,2.7278,2.9981,2.8958,,,13540.8,7159.9524,7159.9524,190789.872,100883.7293
430418.BJ,20240614,14.81,14.88,14.38,14.39,14.88,-0.49,-3.293,12118.69,17602.475,14.39,1.6926,1.6926,2.17,15.6914,14.4019,2.7859,3.0619,2.9575,,,13540.8,7159.9524,7159.9524,194852.112,103031.715
430418.BJ,20240613,15.2,15.21,14.77,14.88,15.2,-0.32,-2.1053,5521.67,8259.495,14.88,0.7712,0.7712,0.91,16.2257,14.8923,2.8808,3.1662,3.0582,,,13540.8,7159.9524,7159.9524,201487.104,106540.0917
430418.BJ,20240612,15.01,15.4,14.92,15.2,14.99,0.21,1.4009,4824.63,7312.801,15.2,0.6738,0.6738,0.63,16.5746,15.2126,2.9427,3.2343,3.124,,,13540.8,7159.9524,7159.9524,205820.16,108831.2765
430418.BJ,20240611,14.93,15.16,14.81,14.99,14.93,0.06,0.4019,3449.38,5168.032,14.99,0.4818,0.4818,0.34,16.3456,15.0024,2.902,3.1896,3.0808,,,13540.8,7159.9524,7159.9524,202976.592,107327.6865
430418.BJ,20240607,14.91,15.15,14.62,14.93,14.89,0.04,0.2686,5604.14,8344.944,14.93,0.7827,0.7827,0.49,16.2802,14.9424,2.8904,3.1768,3.0685,,,13540.8,7159.9524,7159.9524,202164.144,106898.0893
430418.BJ,20240606,15.0,15.16,14.52,14.89,14.98,-0.09,-0.6008,8522.96,12676.273,14.89,1.1904,1.1904,0.66,16.2366,14.9024,2.8827,3.1683,3.0603,,,13540.8,7159.9524,7159.9524,201622.512,106611.6912
430418.BJ,20240605,15.42,15.42,14.88,14.98,15.41,-0.43,-2.7904,7852.77,11813.059,14.98,1.0968,1.0968,0.54,16.3347,14.9924,2.9001,3.1875,3.0788,,,13540.8,7159.9524,7159.9524,202841.184,107256.087
430418.BJ,20240604,15.31,15.56,15.16,15.41,15.33,0.08,0.5219,12565.63,19339.509,15.41,1.755,1.755,0.83,16.8036,15.4228,2.9834,3.279,3.1671,,,13540.8,7159.9524,7159.9524,208663.728,110334.8665
430418.BJ,20240603,15.31,15.78,14.72,15.33,15.2,0.13,0.8553,16484.84,24992.796,15.33,2.3024,2.3024,1.2,16.7164,15.3427,2.9679,3.2619,3.1507,,,13540.8,7159.9524,7159.9524,207580.464,109762.0703
430418.BJ,20240531,15.48,15.66,15.04,15.2,15.5,-0.3,-1.9355,12011.19,18388.085,15.2,1.6776,1.6776,0.91,16.5746,15.2126,2.9427,3.2343,3.124,,,13540.8,7159.9524,7159.9524,205820.16,108831.2765
430418.BJ,20240530,16.25,16.38,15.5,15.5,16.38,-0.88,-5.3724,15211.88,24138.808,15.5,2.1246,2.1246,0.95,16.9017,15.5129,3.0008,3.2981,3.1856,,,13540.8,7159.9524,7159.9524,209882.4,110979.2622
430418.BJ,20240529,16.26,16.86,16.26,16.38,16.23,0.15,0.9242,16987.09,28015.48,16.38,2.3725,2.3725,1.16,17.8613,16.3936,3.1711,3.4853,3.3665,,,13540.8,7159.9524,7159.9524,221798.304,117280.0203
430418.BJ,20240528,15.65,16.29,15.61,16.23,15.67,0.56,3.5737,15315.58,24643.118,16.23,2.1391,2.1391,1.12,17.6978,16.2435,3.1421,3.4534,3.3357,,,13540.8,7159.9524,7159.9524,219767.184,116206.0275
430418.BJ,20240527,15.58,15.83,15.42,15.67,15.62,0.05,0.3201,9155.78,14286.595,15.67,1.2787,1.2787,0.69,17.0871,15.683,3.0337,3.3343,3.2206,,,13540.8,7159.9524,7159.9524,212184.336,112196.4541
430418.BJ,20240524,16.1,16.21,15.51,15.62,16.05,-0.43,-2.6791,9661.02,15294.32,15.62,1.3493,1.3493,0.79,17.0326,15.633,3.024,3.3236,3.2103,,,13540.8,7159.9524,7159.9524,211507.296,111838.4565
430418.BJ,20240523,15.23,16.38,15.05,16.05,15.21,0.84,5.5227,28733.77,45796.856,16.05,4.0131,4.0131,3.7,17.5015,16.0633,3.1073,3.4151,3.2987,,,13540.8,7159.9524,7159.9524,217329.84,114917.236
430418.BJ,20240522,14.83,15.44,14.8,15.21,14.81,0.4,2.7009,10587.25,16052.565,15.21,1.4787,1.4787,1.45,16.5855,15.2226,2.9446,3.2364,3.126,,,13540.8,7159.9524,7159.9524,205955.568,108902.876
430418.BJ,20240521,15.26,15.26,14.73,14.81,15.28,-0.47,-3.0759,10042.56,14950.307,14.81,1.4026,1.4026,1.48,16.1493,14.8223,2.8672,3.1513,3.0438,,,13540.8,7159.9524,7159.9524,200539.248,106038.895
430418.BJ,20240520,15.46,15.76,15.22,15.28,15.44,-0.16,-1.0363,7503.64,11556.369,15.28,1.048,1.048,1.18,16.6618,15.2927,2.9582,3.2513,3.1404,,,13540.8,7159.9524,7159.9524,206903.424,109404.0727
430418.BJ,20240517,21.76,22.07,21.75,22.07,21.79,0.28,1.285,4432.47,9705.859,22.07,0.8667,0.8667,0.68,17.1899,15.7774,2.8732,3.3543,3.2399,,,9672.0,5114.2517,5114.2517,213461.04,112871.535
430418.BJ,20240516,22.09,22.16,21.65,21.79,22.06,-0.27,-1.2239,6221.85,13634.861,21.79,1.2166,1.2166,1.01,16.9718,15.5772,2.8367,3.3118,3.1988,,,9672.0,5114.2517,5114.2517,210752.88,111439.5445
430418.BJ,20240515,22.41,22.54,22.0,22.06,22.23,-0.17,-0.7647,8400.85,18659.572,22.06,1.6426,1.6426,1.64,17.1821,15.7702,2.8719,3.3528,3.2385,,,9672.0,5114.2517,5114.2517,213364.32,112820.3925
430418.BJ,20240514,21.8,22.53,21.8,22.23,21.85,0.38,1.7391,7297.79,16163.772,22.23,1.427,1.427,1.46,17.3145,15.8917,2.894,3.3787,3.2634,,,9672.0,5114.2517,5114.2517,215008.56,113689.8153
430418.BJ,20240513,21.74,22.19,21.73,21.85,21.95,-0.1,-0.4556,5517.04,12126.523,21.85,1.0788,1.0788,0.96,17.0186,15.6201,2.8445,3.3209,3.2076,,,9672.0,5114.2517,5114.2517,211333.2,111746.3996
430418.BJ,20240510,22.24,22.35,21.8,21.95,22.24,-0.29,-1.304,5165.34,11360.332,21.95,1.01,1.01,0.7,17.0965,15.6916,2.8575,3.3361,3.2223,,,9672.0,5114.2517,5114.2517,212300.4,112257.8248
430418.BJ,20240509,21.93,22.25,21.9,22.24,21.96,0.28,1.275,4330.36,9587.067,22.24,0.8467,0.8467,0.47,17.3223,15.8989,2.8953,3.3802,3.2649,,,9672.0,5114.2517,5114.2517,215105.28,113740.9578
430418.BJ,20240508,22.1,22.32,21.95,21.96,22.11,-0.15,-0.6784,3355.5,7404.814,21.96,0.6561,0.6561,0.34,17.1042,15.6987,2.8588,3.3376,3.2238,,,9672.0,5114.2517,5114.2517,212397.12,112308.9673
430418.BJ,20240507,22.4,22.7,22.09,22.11,22.49,-0.38,-1.6896,6660.97,14811.41,22.11,1.3024,1.3024,0.71,17.2211,15.806,2.8784,3.3604,3.2458,,,9672.0,5114.2517,5114.2517,213847.92,113076.1051
430418.BJ,20240506,23.1,23.22,22.36,22.49,22.58,-0.09,-0.3986,9095.4,20645.148,22.49,1.7784,1.7784,1.0,17.5171,16.0776,2.9278,3.4182,3.3016,,,9672.0,5114.2517,5114.2517,217523.28,115019.5207
430418.BJ,20240430,23.0,23.48,22.3,22.58,22.53,0.05,0.2219,13397.17,30540.944,22.58,2.6196,2.6196,1.73,17.5872,16.142,2.9395,3.4318,3.3148,,,9672.0,5114.2517,5114.2517,218393.76,115479.8034
430418.BJ,20240429,21.67,22.93,21.67,22.53,21.45,1.08,5.035,13121.7,29308.302,22.53,2.5657,2.5657,2.26,17.5482,17.5482,3.0687,3.4243,3.4243,,,9672.0,5114.2517,5114.2517,217910.16,115224.0908
430418.BJ,20240426,21.43,21.73,21.0,21.45,21.4,0.05,0.2336,7037.59,15047.801,21.45,1.3761,1.3761,1.36,16.707,16.707,2.9216,3.2601,3.2601,,,9672.0,5114.2517,5114.2517,207464.4,109700.699
430418.BJ,20240425,21.44,21.79,21.4,21.4,21.54,-0.14,-0.65,4519.12,9735.213,21.4,0.8836,0.8836,0.83,16.6681,16.6681,2.9148,3.2525,3.2525,,,9672.0,5114.2517,5114.2517,206980.8,109444.9864
430418.BJ,20240424,21.09,21.81,21.09,21.54,20.9,0.64,3.0622,7613.33,16365.083,21.54,1.4886,1.4886,1.5,16.7771,16.7771,2.9339,3.2738,3.2738,,,9672.0,5114.2517,5114.2517,208334.88,110160.9816
430418.BJ,20240423,21.05,21.27,20.16,20.9,20.88,0.02,0.0958,6458.88,13520.026,20.9,1.2629,1.2629,1.33,16.2786,16.2786,2.8467,3.1765,3.1765,,,9672.0,5114.2517,5114.2517,202144.8,106887.8605
430418.BJ,20240422,20.94,21.34,20.86,20.88,21.15,-0.27,-1.2766,3421.57,7203.428,20.88,0.669,0.669,0.65,16.2631,16.2631,2.844,3.1735,3.1735,,,9672.0,5114.2517,5114.2517,201951.36,106785.5755
430418.BJ,20240419,20.94,21.43,20.7,21.15,21.15,0.0,0.0,3796.67,7980.625,21.15,0.7424,0.7424,0.66,16.4734,16.4734,2.8808,3.2145,3.2145,,,9672.0,5114.2517,5114.2517,204562.8,108166.4235
430418.BJ,20240418,20.92,21.54,20.77,21.15,21.07,0.08,0.3797,5885.92,12493.019,21.15,1.1509,1.1509,1.04,16.4734,16.4734,2.8808,3.2145,3.2145,,,9672.0,5114.2517,5114.2517,204562.8,108166.4235
430418.BJ,20240417,20.16,21.11,20.16,21.07,19.97,1.1,5.5083,5882.21,12267.33,21.07,1.1502,1.1502,0.83,16.411,16.411,2.8699,3.2024,3.2024,,,9672.0,5114.2517,5114.2517,203789.04,107757.2833
430418.BJ,20240416,20.64,20.7,19.65,19.97,20.45,-0.48,-2.3472,5352.5,10747.066,19.97,1.0466,1.0466,0.73,15.5543,15.5543,2.7201,3.0352,3.0352,,,9672.0,5114.2517,5114.2517,193149.84,102131.6064
430418.BJ,20240415,21.0,21.2,20.32,20.45,20.98,-0.53,-2.5262,5478.28,11356.985,20.45,1.0712,1.0712,0.77,15.9281,15.9281,2.7854,3.1081,3.1081,,,9672.0,5114.2517,5114.2517,197792.4,104586.4473
430418.BJ,20240412,21.19,21.41,20.87,20.98,21.01,-0.03,-0.1428,6309.25,13366.659,20.98,1.2337,1.2337,0.9,16.3409,16.3409,2.8576,3.1887,3.1887,,,9672.0,5114.2517,5114.2517,202918.56,107297.0007
430418.BJ,20240411,20.7,21.08,20.47,21.01,20.96,0.05,0.2385,5365.53,11131.928,21.01,1.0491,1.0491,0.81,16.3643,16.3643,2.8617,3.1932,3.1932,,,9672.0,5114.2517,5114.2517,203208.72,107450.4282
430418.BJ,20240410,20.72,21.65,20.4,20.96,20.53,0.43,2.0945,12931.25,27421.659,20.96,2.5285,2.5285,2.4,16.3254,16.3254,2.8549,3.1856,3.1856,,,9672.0,5114.2517,5114.2517,202725.12,107194.7156
430418.BJ,20240409,20.5,21.28,20.2,20.53,20.22,0.31,1.5331,6436.77,13265.908,20.53,1.2586,1.2586,1.36,15.9904,15.9904,2.7963,3.1203,3.1203,,,9672.0,5114.2517,5114.2517,198566.16,104995.5874
430418.BJ,20240408,20.6,20.72,20.21,20.22,20.71,-0.49,-2.366,4606.16,9406.627,20.22,0.9007,0.9007,0.94,23.3625,15.749,2.7541,3.4715,3.0732,,,9672.0,5114.2517,5114.2517,195567.84,103410.1694
430418.BJ,20240403,21.22,21.26,20.68,20.71,21.3,-0.59,-2.77,5598.18,11663.97,20.71,1.0946,1.0946,1.13,23.9287,16.1306,2.8208,3.5557,3.1476,,,9672.0,5114.2517,5114.2517,200307.12,105916.1527
430418.BJ,20240402,21.75,21.87,21.3,21.3,21.77,-0.47,-2.1589,3599.61,7743.705,21.3,0.7038,0.7038,0.66,24.6104,16.5902,2.9012,3.657,3.2373,,,9672.0,5114.2517,5114.2517,206013.6,108933.5612
430418.BJ,20240401,21.0,21.9,21.0,21.77,21.15,0.62,2.9314,6739.6,14433.412,21.77,1.3178,1.3178,1.12,25.1534,16.9563,2.9652,3.7376,3.3087,,,9672.0,5114.2517,5114.2517,210559.44,111337.2595
430418.BJ,20240329,21.15,21.45,21.06,21.15,21.2,-0.05,-0.2358,3190.79,6764.785,21.15,0.6239,0.6239,0.48,24.4371,16.4734,2.8808,3.6312,3.2145,,,9672.0,5114.2517,5114.2517,204562.8,108166.4235
430418.BJ,20240328,20.71,21.45,20.71,21.2,20.88,0.32,1.5326,5468.17,11565.841,21.2,1.0692,1.0692,0.79,24.4948,16.5123,2.8876,3.6398,3.2221,,,9672.0,5114.2517,5114.2517,205046.4,108422.136
430418.BJ,20240327,20.72,21.58,20.7,20.88,20.84,0.04,0.1919,5812.86,12352.211,20.88,1.1366,1.1366,0.83,24.1251,16.2631,2.844,3.5848,3.1735,,,9672.0,5114.2517,5114.2517,201951.36,106785.5755
430418.BJ,20240326,20.9,21.25,20.76,20.84,20.95,-0.11,-0.5251,6078.92,12741.062,20.84,1.1886,1.1886,0.74,24.0789,16.2319,2.8386,3.578,3.1674,,,9672.0,5114.2517,5114.2517,201564.48,106581.0054
430418.BJ,20240325,21.6,21.6,20.9,20.95,21.68,-0.73,-3.3672,9551.42,20303.991,20.95,1.8676,1.8676,1.1,24.206,16.3176,2.8535,3.5969,3.1841,,,9672.0,5114.2517,5114.2517,202628.4,107143.5731
430418.BJ,20240322,22.33,22.61,21.67,21.68,22.46,-0.78,-3.4728,6669.75,14715.034,21.68,1.3041,1.3041,0.55,25.0494,16.8862,2.953,3.7222,3.2951,,,9672.0,5114.2517,5114.2517,209688.96,110876.9769
430418.BJ,20240321,22.82,22.85,22.22,22.46,22.6,-0.14,-0.6195,6512.23,14669.707,22.46,1.2733,1.2733,0.49,25.9507,17.4937,3.0592,3.8561,3.4136,,,9672.0,5114.2517,5114.2517,217233.12,114866.0932
430418.BJ,20240320,22.5,22.95,22.4,22.6,22.51,0.09,0.3998,6383.86,14434.455,22.6,1.2482,1.2482,0.48,26.1124,17.6027,3.0783,3.8801,3.4349,,,9672.0,5114.2517,5114.2517,218587.2,115582.0884
430418.BJ,20240319,22.8,23.38,22.5,22.51,22.79,-0.28,-1.2286,11997.2,27439.95,22.51,2.3458,2.3458,0.93,26.0084,17.5326,3.066,3.8647,3.4212,,,9672.0,5114.2517,5114.2517,217716.72,115121.8058
430418.BJ,20240318,23.1,23.1,22.49,22.79,22.92,-0.13,-0.5672,11681.24,26624.602,22.79,2.2841,2.2841,0.93,26.332,17.7507,3.1042,3.9128,3.4638,,,9672.0,5114.2517,5114.2517,220424.88,116553.7962
430418.BJ,20240315,22.28,23.66,21.61,22.92,22.12,0.8,3.6166,24560.95,56064.405,22.92,4.8025,4.8025,2.19,26.4822,17.852,3.1219,3.9351,3.4835,,,9672.0,5114.2517,5114.2517,221682.24,117218.649
430418.BJ,20240314,21.44,22.2,21.18,22.12,21.28,0.84,3.9474,11343.07,24609.573,22.12,2.2179,2.2179,0.96,25.5578,17.2289,3.0129,3.7977,3.3619,,,9672.0,5114.2517,5114.2517,213944.64,113127.2476
430418.BJ,20240313,21.8,21.9,21.18,21.28,21.88,-0.6,-2.7422,7438.44,16042.457,21.28,1.4545,1.4545,0.52,24.5873,16.5746,2.8985,3.6535,3.2343,,,9672.0,5114.2517,5114.2517,205820.16,108831.2762
430418.BJ,20240312,21.69,22.0,21.32,21.88,21.56,0.32,1.4842,9676.84,20996.454,21.88,1.8921,1.8921,0.58,25.2805,17.0419,2.9802,3.7565,3.3255,,,9672.0,5114.2517,5114.2517,211623.36,111899.8272
430418.BJ,20240311,21.77,21.78,21.13,21.56,21.78,-0.22,-1.0101,9902.72,21251.048,21.56,1.9363,1.9363,0.55,24.9108,16.7927,2.9366,3.7016,3.2768,,,9672.0,5114.2517,5114.2517,208528.32,110263.2667
430418.BJ,20240308,22.05,22.53,21.62,21.78,22.21,-0.43,-1.9361,17617.18,38559.473,21.78,3.4447,3.4447,1.0,25.165,16.964,2.9666,3.7394,3.3103,,,9672.0,5114.2517,5114.2517,210656.16,111388.402
430418.BJ,20240307,23.3,24.0,22.21,22.21,22.96,-0.75,-3.2666,14352.69,33001.616,22.21,2.8064,2.8064,0.77,25.6618,17.299,3.0252,3.8132,3.3756,,,9672.0,5114.2517,5114.2517,214815.12,113587.5303
430418.BJ,20240306,22.33,23.78,22.2,22.96,22.65,0.31,1.3687,19425.77,44844.321,22.96,3.7984,3.7984,0.93,26.5284,17.8831,3.1273,3.942,3.4896,,,9672.0,5114.2517,5114.2517,222069.12,117423.219
430418.BJ,20240305,22.11,22.7,21.43,22.65,22.3,0.35,1.5695,21817.06,47901.299,22.65,4.2659,4.2659,0.99,26.1702,17.6417,3.0851,3.8887,3.4425,,,9672.0,5114.2517,5114.2517,219070.8,115837.801
430418.BJ,20240304,22.96,23.38,22.15,22.3,23.19,-0.89,-3.8379,16596.07,37408.606,22.3,3.2451,3.2451,0.64,25.7658,17.3691,3.0374,3.8286,3.3893,,,9672.0,5114.2517,5114.2517,215685.6,114047.8129
430418.BJ,20240301,23.22,23.89,23.15,23.19,23.1,0.09,0.3896,15932.42,37446.437,23.19,3.1153,3.1153,0.57,26.7941,18.0623,3.1586,3.9814,3.5246,,,9672.0,5114.2517,5114.2517,224293.68,118599.4969
430418.BJ,20240229,22.18,23.21,22.03,23.1,22.5,0.6,2.6667,19672.54,44756.968,23.1,3.8466,3.8466,0.75,26.6901,17.9922,3.1464,3.966,3.5109,,,9672.0,5114.2517,5114.2517,223423.2,118139.2143
430418.BJ,20240228,24.18,24.95,22.5,22.5,23.68,-1.18,-4.9831,30494.5,72711.42,22.5,5.9627,5.9627,1.29,25.9969,17.5248,3.0647,3.863,3.4197,,,9672.0,5114.2517,5114.2517,217620.0,115070.6633
430418.BJ,20240227,22.6,23.86,22.22,23.68,22.91,0.77,3.361,27547.75,64273.179,23.68,5.3865,5.3865,1.33,27.3603,20.0792,3.4043,4.0656,3.7679,,,9672.0,5114.2517,5114.2517,229032.96,121105.4803
430418.BJ,20240226,22.68,24.02,22.55,22.91,21.78,1.13,5.1882,36578.41,84933.196,22.91,7.1523,7.1523,2.32,26.4706,19.4263,3.2936,3.9334,3.6454,,,9672.0,5114.2517,5114.2517,221585.52,117167.5064
430418.BJ,20240223,21.1,21.78,20.21,21.78,21.14,0.64,3.0274,24782.26,51837.351,21.78,4.8457,4.8457,1.82,25.165,18.4681,3.1312,3.7394,3.4656,,,9672.0,5114.2517,5114.2517,210656.16,111388.402
430418.BJ,20240222,21.3,21.6,21.0,21.14,21.52,-0.38,-1.7658,12435.11,26378.261,21.14,2.4315,2.4315,0.81,24.4255,17.9254,3.0391,3.6295,3.3637,,,9672.0,5114.2517,5114.2517,204466.08,108115.2809
430418.BJ,20240221,20.99,22.5,20.75,21.52,21.2,0.32,1.5094,17156.03,37421.071,21.52,3.3546,3.3546,0.97,24.8646,18.2477,3.0938,3.6947,3.4242,,,9672.0,5114.2517,5114.2517,208141.44,110058.6966
430418.BJ,20240220,21.06,21.6,20.69,21.2,21.05,0.15,0.7126,12254.23,25986.702,21.2,2.3961,2.3961,0.6,24.4948,17.9763,3.0478,3.6398,3.3733,,,9672.0,5114.2517,5114.2517,205046.4,108422.136
430418.BJ,20240219,20.52,21.17,20.52,21.05,20.51,0.54,2.6329,12153.42,25378.407,21.05,2.3764,2.3764,0.52,24.3215,17.8491,3.0262,3.614,3.3494,,,9672.0,5114.2517,5114.2517,203595.6,107654.9983
430418.BJ,20240208,20.8,21.3,19.71,20.51,20.5,0.01,0.0488,13937.95,28701.98,20.51,2.7253,2.7253,0.57,23.6976,17.3912,2.9486,3.5213,3.2635,,,9672.0,5114.2517,5114.2517,198372.72,104893.3024
430418.BJ,20240207,21.1,22.09,20.3,20.5,21.0,-0.5,-2.381,21363.75,45482.449,20.5,4.1773,4.1773,0.88,23.6861,17.3828,2.9471,3.5196,3.2619,,,9672.0,5114.2517,5114.2517,198276.0,104842.1599
430418.BJ,20240206,19.0,21.2,18.96,21.0,19.44,1.56,8.0247,28842.44,59355.512,21.0,5.6396,5.6396,1.21,24.2638,17.8067,3.019,3.6054,3.3415,,,9672.0,5114.2517,5114.2517,203112.0,107399.2857
430418.BJ,20240205,18.7,20.4,17.57,19.44,19.0,0.44,2.3158,25132.64,47411.766,19.44,4.9142,4.9142,1.03,22.4613,16.4839,2.7947,3.3376,3.0932,,,9672.0,5114.2517,5114.2517,188023.68,99421.053
430418.BJ,20240202,20.1,20.37,18.04,19.0,20.18,-1.18,-5.8474,27180.38,52705.325,19.0,5.3146,5.3146,1.09,21.9529,16.1109,2.7315,3.2621,3.0232,,,9672.0,5114.2517,5114.2517,183768.0,97170.7823
430418.BJ,20240201,21.29,21.65,20.14,20.18,21.41,-1.23,-5.745,18771.61,38924.591,20.18,3.6705,3.6705,0.62,23.3163,17.1114,2.9011,3.4647,3.211,,,9672.0,5114.2517,5114.2517,195180.96,103205.5993
430418.BJ,20240131,21.18,22.4,21.0,21.41,21.4,0.01,0.0467,21914.22,47334.352,21.41,4.2849,4.2849,0.73,24.7375,18.1544,3.078,3.6758,3.4067,,,9672.0,5114.2517,5114.2517,207077.52,109496.1289
430418.BJ,20240130,20.8,21.4,20.0,21.4,20.86,0.54,2.5887,25969.7,53980.2,21.4,5.0779,5.0779,0.93,24.7259,18.1459,3.0765,3.6741,3.4051,,,9672.0,5114.2517,5114.2517,206980.8,109444.9864
430418.BJ,20240129,23.1,23.1,20.86,20.86,23.59,-2.73,-11.5727,28686.96,62928.123,20.86,5.6092,5.6092,1.05,24.102,17.688,2.9989,3.5814,3.3192,,,9672.0,5114.2517,5114.2517,201757.92,106683.2905
430418.BJ,20240126,24.3,24.4,23.3,23.59,24.65,-1.06,-4.3002,29359.89,69699.72,23.59,5.7408,5.7408,1.08,27.2563,20.0029,3.3914,4.0501,3.7536,,,9672.0,5114.2517,5114.2517,228162.48,120645.1976
430418.BJ,20240125,23.3,25.0,23.05,24.65,23.15,1.5,6.4795,44884.93,108910.265,24.65,8.7764,8.7764,1.95,28.481,20.9017,3.5438,4.2321,3.9222,,,9672.0,5114.2517,5114.2517,238414.8,126066.3044
430418.BJ,20240124,23.47,23.59,22.15,23.15,23.28,-0.13,-0.5584,20188.74,46477.662,23.15,3.9475,3.9475,0.88,26.7479,19.6298,3.3281,3.9746,3.6836,,,9672.0,5114.2517,5114.2517,223906.8,118394.9269
430418.BJ,20240123,22.9,23.43,22.5,23.28,22.8,0.48,2.1053,16947.52,39176.361,23.28,3.3138,3.3138,0.66,26.8981,19.74,3.3468,3.9969,3.7042,,,9672.0,5114.2517,5114.2517,225164.16,119059.7796
430418.BJ,20240122,23.28,23.93,22.62,22.8,23.29,-0.49,-2.1039,25703.16,59867.861,22.8,5.0258,5.0258,1.01,26.3435,19.333,3.2778,3.9145,3.6279,,,9672.0,5114.2517,5114.2517,220521.6,116604.9388
430418.BJ,20240119,22.48,23.39,22.13,23.29,22.28,1.01,4.5332,28164.88,64718.449,23.29,5.5071,5.5071,1.11,26.9097,19.7485,3.3482,3.9986,3.7058,,,9672.0,5114.2517,5114.2517,225260.88,119110.9221
430418.BJ,20240118,21.76,22.45,21.38,22.28,21.92,0.36,1.6423,24326.86,53608.244,22.28,4.7567,4.7567,1.02,25.7427,18.8921,3.203,3.8252,3.5451,,,9672.0,5114.2517,5114.2517,215492.16,113945.5279
430418.BJ,20240117,22.01,22.83,21.76,21.92,22.19,-0.27,-1.2168,19404.44,43247.91,21.92,3.7942,3.7942,0.76,25.3267,18.5868,3.1513,3.7634,3.4878,,,9672.0,5114.2517,5114.2517,212010.24,112104.3973
430418.BJ,20240116,20.7,22.5,20.22,22.19,20.81,1.38,6.6314,31046.43,66817.728,22.19,6.0706,6.0706,1.1,25.6387,18.8158,3.1901,3.8098,3.5308,,,9672.0,5114.2517,5114.2517,214621.68,113485.2452
430418.BJ,20240115,20.51,21.58,19.9,20.81,20.8,0.01,0.0481,23918.28,49464.78,20.81,4.6768,4.6768,0.74,24.0442,17.6456,2.9917,3.5728,3.3112,,,9672.0,5114.2517,5114.2517,201274.32,106427.5779
430418.BJ,20240112,23.04,23.36,20.77,20.8,23.24,-2.44,-10.4991,27629.35,60509.724,20.8,5.4024,5.4024,0.71,24.0327,17.6371,2.9903,3.5711,3.3096,,,9672.0,5114.2517,5114.2517,201177.6,106376.4354
430418.BJ,20240111,23.2,23.68,22.6,23.24,23.48,-0.24,-1.0221,16843.22,38897.985,23.24,3.2934,3.2934,0.39,26.8519,19.7061,3.341,3.99,3.6979,,,9672.0,5114.2517,5114.2517,224777.28,118855.2095
430418.BJ,20240110,22.62,23.69,21.92,23.48,23.23,0.25,1.0762,27822.65,63542.299,23.48,5.4402,5.4402,0.62,27.1292,19.9096,3.3756,4.0312,3.7361,,,9672.0,5114.2517,5114.2517,227098.56,120082.6299
430418.BJ,20240109,23.55,24.3,21.88,23.23,23.8,-0.57,-2.395,44541.15,102221.159,23.23,8.7092,8.7092,1.02,26.8403,19.6976,3.3396,3.9883,3.6963,,,9672.0,5114.2517,5114.2517,224680.56,118804.067
430418.BJ,20240108,24.91,25.33,23.48,23.8,25.5,-1.7,-6.6667,45259.88,109584.941,23.8,8.8498,8.8498,1.12,27.4989,20.181,3.4216,4.0862,3.787,,,9672.0,5114.2517,5114.2517,230193.6,121719.1905
430418.BJ,20240105,27.05,27.95,24.4,25.5,26.67,-1.17,-4.387,61405.24,160222.368,25.5,12.0067,12.0067,1.87,29.4631,21.6225,3.666,4.378,4.0575,,,9672.0,5114.2517,5114.2517,246636.0,130413.4184
430418.BJ,20240104,26.86,27.2,25.8,26.67,27.0,-0.33,-1.2222,34430.94,90547.062,26.67,6.7324,6.7324,1.12,30.815,22.6146,3.8342,4.5789,4.2436,,,9672.0,5114.2517,5114.2517,257952.24,136397.0928
430418.BJ,20240103,27.3,28.5,26.71,27.0,27.55,-0.55,-1.9964,39733.81,108962.544,27.0,7.7692,7.7692,1.37,31.1963,22.8944,3.8816,4.6356,4.2962,,,9672.0,5114.2517,5114.2517,261144.0,138084.7959
430418.BJ,20240102,26.47,28.0,26.4,27.55,26.31,1.24,4.713,37791.49,102899.238,27.55,7.3894,7.3894,1.32,31.8317,23.3607,3.9607,4.73,4.3837,,,9672.0,5114.2517,5114.2517,266463.6,140897.6343
430418.BJ,20231229,25.43,26.59,25.37,26.31,25.65,0.66,2.5731,28150.7,73672.826,26.31,5.5044,5.5044,0.94,30.399,22.3093,3.7824,4.5171,4.1864,,,9672.0,5114.2517,5114.2517,254470.32,134555.9622
430418.BJ,20231228,25.3,25.85,25.0,25.65,25.48,0.17,0.6672,23766.54,60482.297,25.65,4.6471,4.6471,0.65,29.6365,21.7497,3.6875,4.4038,4.0813,,,9672.0,5114.2517,5114.2517,248086.8,131180.5561
430418.BJ,20231227,25.8,25.99,24.58,25.48,26.2,-0.72,-2.7481,23802.09,59919.968,25.48,4.6541,4.6541,0.6,29.44,21.6055,3.6631,4.3746,4.0543,,,9672.0,5114.2517,5114.2517,246442.56,130311.1333
430418.BJ,20231226,26.04,26.93,24.7,26.2,26.3,-0.1,-0.3802,31717.76,82427.03,26.2,6.2018,6.2018,0.79,30.2719,22.216,3.7666,4.4982,4.1689,,,9672.0,5114.2517,5114.2517,253406.4,133993.3945
430418.BJ,20231225,24.27,26.35,24.22,26.3,24.55,1.75,7.1283,36180.95,91676.66,26.3,7.0745,7.0745,0.88,30.3875,22.3008,3.781,4.5154,4.1848,,,9672.0,5114.2517,5114.2517,254373.6,134504.8197
430418.BJ,20231222,23.7,24.7,22.91,24.55,24.0,0.55,2.2917,34227.98,81621.851,24.55,6.6927,6.6927,0.83,28.3655,20.8169,3.5294,4.2149,3.9063,,,9672.0,5114.2517,5114.2517,237447.6,125554.8792
430418.BJ,20231221,26.9,29.1,23.3,24.0,27.33,-3.33,-12.1844,57458.79,149101.795,24.0,11.235,11.235,1.36,27.73,20.3506,3.4503,4.1205,3.8188,,,9672.0,5114.2517,5114.2517,232128.0,122742.0408
430418.BJ,20231220,26.68,27.5,26.5,27.33,26.9,0.43,1.5985,38780.51,104730.295,27.33,7.5828,7.5828,0.84,31.5776,23.1742,3.929,4.6922,4.3487,,,9672.0,5114.2517,5114.2517,264335.76,139772.499
430418.BJ,20231219,26.5,27.5,25.7,26.9,26.6,0.3,1.1278,32927.89,87543.633,26.9,6.4385,6.4385,0.74,31.0807,22.8096,3.8672,4.6184,4.2802,,,9672.0,5114.2517,5114.2517,260176.8,137573.3707
430418.BJ,20231218,24.7,27.36,24.56,26.6,24.9,1.7,6.8273,43066.56,112134.781,26.6,8.4209,8.4209,1.05,30.7341,22.5552,3.8241,4.5669,4.2325,,,9672.0,5114.2517,5114.2517,257275.2,136039.0952
430418.BJ,20231215,25.32,26.19,24.21,24.9,25.72,-0.82,-3.1882,32874.01,82420.495,24.9,6.4279,6.4279,0.83,28.7699,21.1137,3.5797,4.275,3.962,,,9672.0,5114.2517,5114.2517,240832.8,127344.8673
430418.BJ,20231214,25.0,28.08,24.33,25.72,25.68,0.04,0.1558,64281.81,168847.674,25.72,12.5692,12.5692,2.01,29.7173,21.809,3.6976,4.4158,4.0925,,,9672.0,5114.2517,5114.2517,248763.84,131538.5537
430418.BJ,20231213,22.8,26.53,22.5,25.68,22.77,2.91,12.78,58783.4,147421.286,25.68,11.494,11.494,2.19,29.6711,21.7751,3.6918,4.4089,4.0861,,,9672.0,5114.2517,5114.2517,248376.96,131333.9837
430418.BJ,20231212,22.01,22.99,21.62,22.77,22.24,0.53,2.3831,24051.38,53570.623,22.77,4.7028,4.7028,0.77,26.3089,19.3076,3.2735,3.9093,3.6231,,,9672.0,5114.2517,5114.2517,220231.44,116451.5112
430418.BJ,20231211,23.15,23.49,22.02,22.24,22.98,-0.74,-3.2202,24867.45,56505.644,22.24,4.8624,4.8624,0.78,25.6965,18.8582,3.1973,3.8183,3.5388,,,9672.0,5114.2517,5114.2517,215105.28,113740.9578
430418.BJ,20231208,23.5,23.7,22.42,22.98,23.2,-0.22,-0.9483,25368.11,58355.692,22.98,4.9603,4.9603,0.71,26.5515,19.4857,3.3037,3.9454,3.6565,,,9672.0,5114.2517,5114.2517,222262.56,117525.5041
430418.BJ,20231207,22.9,23.8,22.22,23.2,22.85,0.35,1.5317,27185.82,63087.686,23.2,5.3157,5.3157,0.67,26.8057,19.6722,3.3353,3.9832,3.6915,,,9672.0,5114.2517,5114.2517,224390.4,118650.6394
430418.BJ,20231206,22.95,24.1,22.5,22.85,22.9,-0.05,-0.2183,32679.82,76178.798,22.85,6.39,6.39,0.7,26.4013,19.3754,3.285,3.9231,3.6358,,,9672.0,5114.2517,5114.2517,221005.2,116860.6513
430418.BJ,20231205,21.48,23.5,21.35,22.9,21.38,1.52,7.1094,46345.92,105297.857,22.9,9.0621,9.0621,0.83,26.4591,19.4178,3.2922,3.9317,3.6438,,,9672.0,5114.2517,5114.2517,221488.8,117116.3639
430418.BJ,20231204,21.52,22.69,20.24,21.38,21.8,-0.42,-1.9266,28577.94,61372.006,21.38,5.5879,5.5879,0.43,24.7028,18.129,3.0736,3.6707,3.4019,,,9672.0,5114.2517,5114.2517,206787.36,109342.7013
430418.BJ,20231201,23.5,23.9,21.45,21.8,23.66,-1.86,-7.8614,42863.29,96024.803,21.8,8.3811,8.3811,0.59,25.1881,18.4851,3.134,3.7428,3.4687,,,9672.0,5114.2517,5114.2517,210849.6,111490.6871
430418.BJ,20231130,24.22,26.26,23.22,23.66,24.32,-0.66,-2.7138,52929.36,131201.624,23.66,10.3494,10.3494,0.73,27.3372,20.0623,3.4014,4.0621,3.7647,,,9672.0,5114.2517,5114.2517,228839.52,121003.1952
430418.BJ,20231129,25.22,27.36,23.8,24.32,25.72,-1.4,-5.4432,63582.56,160978.311,24.32,12.4324,12.4324,0.93,28.0997,20.6219,3.4963,4.1755,3.8697,,,9672.0,5114.2517,5114.2517,235223.04,124378.6013
430418.BJ,20231128,22.5,28.26,21.55,25.72,23.99,1.73,7.2113,90419.85,223554.765,25.72,17.68,17.68,1.57,29.7173,21.809,3.6976,4.4158,4.0925,,,9672.0,5114.2517,5114.2517,248763.84,131538.5537
430418.BJ,20231127,21.49,24.93,21.18,23.99,21.18,2.81,13.2672,85840.75,195985.635,23.99,16.7846,16.7846,1.92,27.7185,20.3421,3.4489,4.1188,3.8172,,,9672.0,5114.2517,5114.2517,232031.28,122690.8983
430418.BJ,20231124,18.29,21.46,18.15,21.18,18.48,2.7,14.6104,73473.11,149048.212,21.18,14.3663,14.3663,2.32,24.4717,17.9594,3.0449,3.6364,3.3701,,,9672.0,5114.2517,5114.2517,204852.96,108319.851
430418.BJ,20231123,19.18,20.3,17.8,18.48,19.2,-0.72,-3.75,51489.78,99397.716,18.48,10.0679,10.0679,2.26,21.3521,15.6699,2.6567,3.1728,2.9405,,,9672.0,5114.2517,5114.2517,178738.56,94511.3714
430418.BJ,20231122,17.8,19.22,17.38,19.2,17.98,1.22,6.7853,39620.12,74254.852,19.2,7.747,7.747,2.47,22.184,16.2804,2.7602,3.2964,3.055,,,9672.0,5114.2517,5114.2517,185702.4,98193.6326
430418.BJ,20231121,17.4,19.83,17.4,17.98,17.61,0.37,2.1011,37116.34,69510.074,17.98,7.2574,7.2574,3.86,20.7744,15.246,2.5849,3.0869,2.8609,,,9672.0,5114.2517,5114.2517,173902.56,91954.2456
430418.BJ,20231120,16.4,19.5,16.27,17.61,16.21,1.4,8.6366,21566.91,38224.799,17.61,4.217,4.217,2.78,20.3469,14.9322,2.5317,3.0234,2.802,,,9672.0,5114.2517,5114.2517,170323.92,90061.9724
430418.BJ,20231117,16.06,16.55,15.55,16.21,16.06,0.15,0.934,8236.73,13093.148,16.21,1.6105,1.6105,1.23,18.7293,13.7451,2.3304,2.7831,2.5793,,,9672.0,5114.2517,5114.2517,156783.12,82902.0201
430418.BJ,20231116,16.41,17.1,16.05,16.06,16.5,-0.44,-2.6667,7182.98,11916.947,16.06,1.4045,1.4045,1.17,18.556,13.6179,2.3088,2.7573,2.5554,,,9672.0,5114.2517,5114.2517,155332.32,82134.8823
430418.BJ,20231115,16.65,17.5,16.4,16.5,16.65,-0.15,-0.9009,5981.33,10147.408,16.5,1.1695,1.1695,0.85,19.0644,13.991,2.3721,2.8329,2.6254,,,9672.0,5114.2517,5114.2517,159588.0,84385.1531
430418.BJ,20231114,16.46,16.65,16.3,16.65,16.61,0.04,0.2408,5129.25,8485.008,16.65,1.0029,1.0029,0.69,19.2377,14.1182,2.3937,2.8586,2.6493,,,9672.0,5114.2517,5114.2517,161038.8,85152.2908
430418.BJ,20231113,15.85,16.97,15.71,16.61,15.9,0.71,4.4654,12236.53,20308.156,16.61,2.3926,2.3926,1.7,19.1915,14.0843,2.3879,2.8517,2.6429,,,9672.0,5114.2517,5114.2517,160651.92,84947.7207
430418.BJ,20231110,15.85,15.98,15.6,15.9,15.8,0.1,0.6329,2937.83,4644.843,15.9,0.5744,0.5744,0.35,18.3711,13.4822,2.2858,2.7298,2.53,,,9672.0,5114.2517,5114.2517,153784.8,81316.602
430418.BJ,20231109,16.06,16.2,15.54,15.8,16.15,-0.35,-2.1672,4535.43,7182.154,15.8,0.8868,0.8868,0.56,18.2556,13.3974,2.2715,2.7127,2.514,,,9672.0,5114.2517,5114.2517,152817.6,80805.1769
430418.BJ,20231108,15.46,16.28,15.46,16.15,15.54,0.61,3.9254,10372.44,16554.373,16.15,2.0281,2.0281,1.65,18.66,13.6942,2.3218,2.7728,2.5697,,,9672.0,5114.2517,5114.2517,156202.8,82595.165
430418.BJ,20231107,15.18,15.79,14.94,15.54,15.05,0.49,3.2558,7214.71,11045.301,15.54,1.4107,1.4107,1.25,17.9552,13.177,2.2341,2.668,2.4727,,,9672.0,5114.2517,5114.2517,150302.88,79475.4714
430418.BJ,20231106,15.13,15.15,14.57,15.05,15.26,-0.21,-1.3761,10916.57,16352.616,15.05,2.1345,2.1345,2.28,17.389,12.7615,2.1636,2.5839,2.3947,,,9672.0,5114.2517,5114.2517,145563.6,76969.4881
430418.BJ,20231103,14.82,15.48,14.81,15.26,14.42,0.84,5.8252,8719.68,13223.159,15.26,1.705,1.705,2.05,17.6317,12.9396,2.1938,2.62,2.4281,,,9672.0,5114.2517,5114.2517,147594.72,78043.4809
430418.BJ,20231102,14.91,14.95,14.33,14.42,14.99,-0.57,-3.8025,3353.17,4899.364,14.42,0.6557,0.6557,0.78,16.6611,12.2273,2.0731,2.4757,2.2945,,,9672.0,5114.2517,5114.2517,139470.24,73747.5095
430418.BJ,20231101,15.0,15.27,14.87,14.99,15.01,-0.02,-0.1332,1150.64,1728.79,14.99,0.225,0.225,0.24,17.3197,12.7106,2.155,2.5736,2.3852,,,9672.0,5114.2517,5114.2517,144983.28,76662.633
430418.BJ,20231031,15.55,15.6,14.93,15.01,15.4,-0.39,-2.5325,4696.59,7126.433,15.01,0.9183,0.9183,1.11,17.3428,12.7276,2.1579,2.577,2.3883,,,9672.0,5114.2517,5114.2517,145176.72,76764.918
430418.BJ,20231030,15.77,16.51,15.3,15.4,15.7,-0.3,-1.9108,6045.53,9410.62,15.4,1.1821,1.1821,1.53,17.7934,13.0583,2.2139,2.644,2.4504,,,9672.0,5114.2517,5114.2517,148948.8,78759.4762
430418.BJ,20231027,14.74,15.7,14.3,15.7,14.68,1.02,6.9482,6012.58,9255.342,15.7,1.1757,1.1757,1.88,18.1401,14.5096,2.3699,2.6955,2.5508,,,9672.0,5114.2517,5114.2517,151850.4,80293.7517
430418.BJ,20231026,14.08,14.76,13.83,14.68,14.07,0.61,4.3355,3486.96,5038.38,14.68,0.6818,0.6818,1.21,16.9615,13.567,2.2159,2.5204,2.385,,,9672.0,5114.2517,5114.2517,141984.96,75077.215
430418.BJ,20231025,13.35,14.3,13.35,14.07,13.29,0.78,5.8691,3312.5,4636.265,14.07,0.6477,0.6477,1.34,16.2567,13.0032,2.1238,2.4156,2.2859,,,9672.0,5114.2517,5114.2517,136085.04,71957.5214
430418.BJ,20231024,13.15,13.5,12.9,13.29,13.09,0.2,1.5279,2257.25,2979.874,13.29,0.4414,0.4414,0.89,15.3555,12.2823,2.0061,2.2817,2.1592,,,9672.0,5114.2517,5114.2517,128540.88,67968.4051
430418.BJ,20231023,14.01,14.02,12.87,13.09,14.01,-0.92,-6.5667,4695.11,6222.101,13.09,0.918,0.918,1.74,15.1244,12.0975,1.9759,2.2474,2.1267,,,9672.0,5114.2517,5114.2517,126606.48,66945.5548
430418.BJ,20231020,14.44,14.49,13.97,14.01,14.5,-0.49,-3.3793,2225.93,3158.817,14.01,0.4352,0.4352,0.86,16.1874,12.9478,2.1148,2.4053,2.2762,,,9672.0,5114.2517,5114.2517,135504.72,71650.6663
430418.BJ,20231019,14.99,15.02,14.49,14.5,14.88,-0.38,-2.5538,1922.29,2823.214,14.5,0.3759,0.3759,0.76,16.7536,13.4006,2.1887,2.4895,2.3558,,,9672.0,5114.2517,5114.2517,140244.0,74156.6497
430418.BJ,20231018,15.3,15.3,14.85,14.88,15.3,-0.42,-2.7451,1242.96,1860.579,14.88,0.243,0.243,0.43,17.1926,13.7518,2.2461,2.5547,2.4175,,,9672.0,5114.2517,5114.2517,143919.36,76100.0653
430418.BJ,20231017,15.39,15.39,15.0,15.3,15.35,-0.05,-0.3257,2587.03,3921.477,15.3,0.5058,0.5058,0.92,17.6779,14.1399,2.3095,2.6268,2.4858,,,9672.0,5114.2517,5114.2517,147981.6,78248.051
430418.BJ,20231016,15.87,15.88,15.2,15.35,16.03,-0.68,-4.242,5495.01,8500.785,15.35,1.0745,1.0745,2.3,17.7357,14.1862,2.317,2.6354,2.4939,,,9672.0,5114.2517,5114.2517,148465.2,78503.7636
430418.BJ,20231013,16.07,16.19,15.8,16.03,16.16,-0.13,-0.8045,1731.16,2763.806,16.03,0.3385,0.3385,0.62,18.5213,14.8146,2.4197,2.7522,2.6044,,,9672.0,5114.2517,5114.2517,155042.16,81981.4548
430418.BJ,20231012,15.81,16.2,15.81,16.16,16.04,0.12,0.7481,1626.77,2619.582,16.16,0.3181,0.3181,0.5,18.6715,14.9347,2.4393,2.7745,2.6255,,,9672.0,5114.2517,5114.2517,156299.52,82646.3075
430418.BJ,20231011,16.18,16.25,15.9,16.04,16.2,-0.16,-0.9877,2987.66,4804.488,16.04,0.5842,0.5842,0.84,18.5329,14.8238,2.4212,2.7539,2.606,,,9672.0,5114.2517,5114.2517,155138.88,82032.5973
430418.BJ,20231010,16.75,16.75,16.17,16.2,16.86,-0.66,-3.9146,2157.27,3539.349,16.2,0.4218,0.4218,0.42,18.7178,14.9717,2.4453,2.7813,2.632,,,9672.0,5114.2517,5114.2517,156686.4,82850.8775
430418.BJ,20231009,16.65,17.0,16.02,16.86,16.5,0.36,2.1818,3451.2,5717.806,16.86,0.6748,0.6748,0.55,19.4803,15.5817,2.545,2.8947,2.7392,,,9672.0,5114.2517,5114.2517,163069.92,86226.2837
430418.BJ,20230928,16.9,16.9,16.32,16.5,16.84,-0.34,-2.019,3781.04,6234.773,16.5,0.7393,0.7393,0.55,19.0644,15.249,2.4906,2.8329,2.6807,,,9672.0,5114.2517,5114.2517,159588.0,84385.1531
430418.BJ,20230927,17.23,17.8,16.77,16.84,17.29,-0.45,-2.6027,3757.21,6439.83,16.84,0.7347,0.7347,0.48,19.4572,15.5632,2.542,2.8912,2.736,,,9672.0,5114.2517,5114.2517,162876.48,86123.9986
430418.BJ,20230926,17.67,17.99,16.91,17.29,17.73,-0.44,-2.4817,4585.8,7969.723,17.29,0.8967,0.8967,0.53,19.9772,15.9791,2.6099,2.9685,2.8091,,,9672.0,5114.2517,5114.2517,167228.88,88425.4119
430418.BJ,20230925,17.33,18.1,17.33,17.73,17.23,0.5,2.9019,9910.97,17706.201,17.73,1.9379,1.9379,1.19,20.4855,16.3857,2.6763,3.044,2.8806,,,9672.0,5114.2517,5114.2517,171484.56,90675.6826
430418.BJ,20230922,16.27,17.58,16.08,17.23,16.32,0.91,5.576,9170.78,15610.167,17.23,1.7932,1.7932,1.29,19.9078,15.9236,2.6008,2.9582,2.7993,,,9672.0,5114.2517,5114.2517,166648.56,88118.5568
430418.BJ,20230921,17.02,17.31,16.0,16.32,17.17,-0.85,-4.9505,7244.48,12072.026,16.32,1.4165,1.4165,1.03,18.8564,15.0826,2.4635,2.8019,2.6515,,,9672.0,5114.2517,5114.2517,157847.04,83464.5877
430418.BJ,20230920,16.71,17.55,16.2,17.17,16.7,0.47,2.8144,8257.91,14139.252,17.17,1.6147,1.6147,1.33,19.8385,15.8682,2.5918,2.9479,2.7896,,,9672.0,5114.2517,5114.2517,166068.24,87811.7017
430418.BJ,20230919,16.22,17.05,15.81,16.7,16.16,0.54,3.3416,8866.02,14853.731,16.7,1.7336,1.7336,1.66,19.2955,15.4338,2.5208,2.8672,2.7132,,,9672.0,5114.2517,5114.2517,161522.4,85408.0034
430418.BJ,20230918,15.31,16.3,15.11,16.16,15.19,0.97,6.3858,7950.73,12534.54,16.16,1.5546,1.5546,1.73,18.6715,14.9347,2.4393,2.7745,2.6255,,,9672.0,5114.2517,5114.2517,156299.52,82646.3075
430418.BJ,20230915,15.3,15.35,14.81,15.19,15.2,-0.01,-0.0658,3217.8,4837.835,15.19,0.6292,0.6292,0.63,17.5508,14.0383,2.2929,2.6079,2.4679,,,9672.0,5114.2517,5114.2517,146917.68,77685.4833
430418.BJ,20230914,14.89,16.0,14.84,15.2,14.76,0.44,2.981,6947.1,10816.954,15.2,1.3584,1.3584,1.41,17.5623,14.0475,2.2944,2.6097,2.4695,,,9672.0,5114.2517,5114.2517,147014.4,77736.6258
430418.BJ,20230913,15.22,15.35,14.68,14.76,15.28,-0.52,-3.4031,3956.09,5919.319,14.76,0.7735,0.7735,0.72,17.054,13.6409,2.228,2.5341,2.398,,,9672.0,5114.2517,5114.2517,142758.72,75486.3551
430418.BJ,20230912,15.58,15.65,15.12,15.28,15.62,-0.34,-2.1767,4677.08,7204.297,15.28,0.9145,0.9145,0.59,17.6548,14.1215,2.3065,2.6234,2.4825,,,9672.0,5114.2517,5114.2517,147788.16,78145.766
430418.BJ,20230911,15.58,15.8,15.38,15.62,15.6,0.02,0.1282,4130.24,6410.974,15.62,0.8076,0.8076,0.33,18.0476,14.4357,2.3578,2.6818,2.5378,,,9672.0,5114.2517,5114.2517,151076.64,79884.6116
430418.BJ,20230908,15.6,15.91,15.36,15.6,15.64,-0.04,-0.2558,5759.64,9016.258,15.6,1.1262,1.1262,0.38,18.0245,14.4172,2.3548,2.6783,2.5345,,,9672.0,5114.2517,5114.2517,150883.2,79782.3265
430418.BJ,20230907,16.3,16.4,15.55,15.64,16.33,-0.69,-4.2254,6096.63,9657.779,15.64,1.1921,1.1921,0.37,18.0707,14.4542,2.3608,2.6852,2.541,,,9672.0,5114.2517,5114.2517,151270.08,79986.8966
430418.BJ,20230906,16.16,16.47,15.83,16.33,16.4,-0.07,-0.4268,6917.01,11152.953,16.33,1.3525,1.3525,0.4,18.868,15.0918,2.465,2.8037,2.6531,,,9672.0,5114.2517,5114.2517,157943.76,83515.7303
430418.BJ,20230905,17.55,17.7,16.06,16.4,17.92,-1.52,-8.4821,16773.33,28137.804,16.4,3.2797,3.2797,1.0,18.9488,15.1565,2.4755,2.8157,2.6645,,,9672.0,5114.2517,5114.2517,158620.8,83873.7279
430418.BJ,20230904,17.1,19.4,17.1,17.92,16.66,1.26,7.563,27677.49,50492.825,17.92,5.4118,5.4118,2.26,20.7051,16.5613,2.705,3.0766,2.9114,,,9672.0,5114.2517,5114.2517,173322.24,91647.3905
430418.BJ,20230901,15.8,16.75,15.64,16.66,15.94,0.72,4.5169,18275.76,30003.879,16.66,3.5735,3.5735,1.89,19.2493,15.3968,2.5148,2.8603,2.7067,,,9672.0,5114.2517,5114.2517,161135.52,85203.4333
430418.BJ,20230831,15.0,16.1,14.65,15.94,14.96,0.98,6.5508,13766.71,21213.791,15.94,2.6918,2.6918,1.83,18.4174,14.7314,2.4061,2.7367,2.5898,,,9672.0,5114.2517,5114.2517,154171.68,81521.1721
430418.BJ,20230830,15.65,15.65,14.88,14.96,15.53,-0.57,-3.6703,8970.65,13552.384,14.96,1.754,1.754,1.44,17.285,13.8257,2.2582,2.5685,2.4305,,,9672.0,5114.2517,5114.2517,144693.12,76509.2054
430418.BJ,20230829,14.3,16.05,14.02,15.53,14.48,1.05,7.2514,15031.96,23067.627,15.53,2.9392,2.9392,3.21,17.9436,14.3525,2.3442,2.6663,2.5231,,,9672.0,5114.2517,5114.2517,150206.16,79424.3289
430418.BJ,20230828,15.21,15.66,14.27,14.48,14.35,0.13,0.9059,5283.47,7893.141,14.48,1.0331,1.0331,1.3,16.7304,13.3821,2.1857,2.486,2.3526,,,9672.0,5114.2517,5114.2517,140050.56,74054.3646
430418.BJ,20230825,14.86,15.04,14.0,14.35,14.8,-0.45,-3.0405,5299.74,7719.844,14.35,1.0363,1.0363,1.43,16.5802,13.262,2.1661,2.4637,2.3314,,,9672.0,5114.2517,5114.2517,138793.2,73389.5119
430418.BJ,20230824,14.57,15.1,14.22,14.8,14.62,0.18,1.2312,3046.05,4501.226,14.8,0.5956,0.5956,0.69,17.1002,13.6779,2.234,2.541,2.4045,,,9672.0,5114.2517,5114.2517,143145.6,75690.9252
430418.BJ,20230823,15.0,15.04,14.46,14.62,15.09,-0.47,-3.1146,2571.59,3812.037,14.62,0.5028,0.5028,0.56,16.8922,13.5115,2.2069,2.5101,2.3753,,,9672.0,5114.2517,5114.2517,141404.64,74770.3599
430418.BJ,20230822,15.5,15.88,14.97,15.09,14.81,0.28,1.8906,7178.25,10976.49,15.09,1.4036,1.4036,1.86,17.4352,13.9459,2.2778,2.5908,2.4517,,,9672.0,5114.2517,5114.2517,145950.48,77174.0582
430418.BJ,20230821,14.81,15.13,14.52,14.81,14.86,-0.05,-0.3365,2297.94,3409.012,14.81,0.4493,0.4493,0.52,17.1117,15.6967,2.3601,2.5427,2.5212,,,9672.0,5114.2517,5114.2517,143242.32,75742.0677
430418.BJ,20230818,15.23,15.37,14.72,14.86,15.27,-0.41,-2.685,3432.53,5112.671,14.86,0.6712,0.6712,0.84,17.1695,15.7497,2.3681,2.5513,2.5298,,,9672.0,5114.2517,5114.2517,143725.92,75997.7803
430418.BJ,20230817,14.6,16.09,14.59,15.27,14.59,0.68,4.6607,6572.22,10136.389,15.27,1.2851,1.2851,2.06,17.6432,16.1843,2.4334,2.6217,2.5996,,,9672.0,5114.2517,5114.2517,147691.44,78094.6235
430418.BJ,20230816,14.53,14.66,14.41,14.59,14.59,0.0,0.0,3489.82,5070.957,14.59,0.6824,0.6824,1.18,16.8575,15.4636,2.3251,2.5049,2.4838,,,9672.0,5114.2517,5114.2517,141114.48,74616.9323
430418.BJ,20230815,14.38,14.75,14.37,14.59,14.51,0.08,0.5513,3543.53,5156.692,14.59,0.6929,0.6929,1.22,16.8575,15.4636,2.3251,2.5049,2.4838,,,9672.0,5114.2517,5114.2517,141114.48,74616.9323
430418.BJ,20230814,14.9,15.07,14.23,14.51,14.98,-0.47,-3.1375,4949.83,7173.497,14.51,0.9679,0.9679,1.51,16.7651,15.3788,2.3123,2.4912,2.4702,,,9672.0,5114.2517,5114.2517,140340.72,74207.7922
430418.BJ,20230811,15.36,15.57,14.89,14.98,15.42,-0.44,-2.8534,1855.36,2803.646,14.98,0.3628,0.3628,0.41,17.3082,15.8769,2.3872,2.5719,2.5502,,,9672.0,5114.2517,5114.2517,144886.56,76611.4905
430418.BJ,20230810,15.39,15.65,15.28,15.42,15.45,-0.03,-0.1942,2140.35,3301.343,15.42,0.4185,0.4185,0.43,17.8165,16.3433,2.4574,2.6474,2.6251,,,9672.0,5114.2517,5114.2517,149142.24,78861.7612
430418.BJ,20230809,15.7,15.7,15.2,15.45,15.76,-0.31,-1.967,2287.79,3518.083,15.45,0.4473,0.4473,0.38,17.8512,16.3751,2.4621,2.6526,2.6302,,,9672.0,5114.2517,5114.2517,149432.4,79015.1888
430418.BJ,20230808,15.99,16.06,15.62,15.76,16.06,-0.3,-1.868,3314.93,5265.224,15.76,0.6482,0.6482,0.53,18.2094,16.7036,2.5115,2.7058,2.683,,,9672.0,5114.2517,5114.2517,152430.72,80600.6068
430418.BJ,20230807,16.51,16.66,15.66,16.06,16.55,-0.49,-2.9607,6770.58,10805.392,16.06,1.3239,1.3239,0.99,18.556,17.0216,2.5593,2.7573,2.734,,,9672.0,5114.2517,5114.2517,155332.32,82134.8823
430418.BJ,20230804,16.09,16.88,16.01,16.55,16.03,0.52,3.2439,8332.96,13663.007,16.55,1.6294,1.6294,1.2,19.1222,17.5409,2.6374,2.8414,2.8175,,,9672.0,5114.2517,5114.2517,160071.6,84640.8656
430418.BJ,20230803,16.02,16.18,15.65,16.03,16.1,-0.07,-0.4348,4125.58,6589.9,16.03,0.8067,0.8067,0.6,18.5213,16.9898,2.5546,2.7522,2.7289,,,9672.0,5114.2517,5114.2517,155042.16,81981.4548
430418.BJ,20230802,15.34,16.2,15.3,16.1,15.34,0.76,4.9544,7645.86,12105.587,16.1,1.495,1.495,1.22,18.6022,17.064,2.5657,2.7642,2.7408,,,9672.0,5114.2517,5114.2517,155719.2,82339.4524
430418.BJ,20230801,15.41,15.56,15.2,15.34,15.45,-0.11,-0.712,4273.9,6589.622,15.34,0.8357,0.8357,0.68,17.7241,16.2585,2.4446,2.6337,2.6115,,,9672.0,5114.2517,5114.2517,148368.48,78452.6211
430418.BJ,20230731,16.0,16.03,15.15,15.45,15.75,-0.3,-1.9048,9953.38,15302.233,15.45,1.9462,1.9462,1.73,17.8512,16.3751,2.4621,2.6526,2.6302,,,9672.0,5114.2517,5114.2517,149432.4,79015.1888
430418.BJ,20230728,16.59,16.59,15.41,15.75,16.4,-0.65,-3.9634,8749.69,13886.82,15.75,1.7108,1.7108,1.36,18.1978,16.693,2.5099,2.7041,2.6813,,,9672.0,5114.2517,5114.2517,152334.0,80549.4643
430418.BJ,20230727,16.68,17.07,16.31,16.4,16.69,-0.29,-1.7376,3989.48,6691.259,16.4,0.7801,0.7801,0.48,18.9488,17.3819,2.6135,2.8157,2.7919,,,9672.0,5114.2517,5114.2517,158620.8,83873.7279
430418.BJ,20230726,16.52,16.95,16.1,16.69,16.8,-0.11,-0.6548,4472.36,7383.736,16.69,0.8745,0.8745,0.53,19.2839,17.6893,2.6597,2.8655,2.8413,,,9672.0,5114.2517,5114.2517,161425.68,85356.8609
430418.BJ,20230725,16.9,17.15,16.5,16.8,16.4,0.4,2.439,4298.9,7228.027,16.8,0.8406,0.8406,0.46,19.411,17.8059,2.6773,2.8844,2.86,,,9672.0,5114.2517,5114.2517,162489.6,85919.4286
430418.BJ,20230724,16.8,17.11,16.16,16.4,17.15,-0.75,-4.3732,7193.49,11900.297,16.4,1.4066,1.4066,0.72,18.9488,17.3819,2.6135,2.8157,2.7919,,,9672.0,5114.2517,5114.2517,158620.8,83873.7279
430418.BJ,20230721,16.52,18.1,16.52,17.15,17.02,0.13,0.7638,12244.22,21181.592,17.15,2.3941,2.3941,0.97,19.8154,18.1768,2.733,2.9444,2.9196,,,9672.0,5114.2517,5114.2517,165874.8,87709.4167
430418.BJ,20230720,16.4,17.79,16.07,17.02,16.3,0.72,4.4172,13490.0,23115.758,17.02,2.6377,2.6377,1.04,19.6652,18.0391,2.7123,2.9221,2.8975,,,9672.0,5114.2517,5114.2517,164617.44,87044.5639
430418.BJ,20230719,16.11,16.8,16.0,16.3,16.39,-0.09,-0.5491,4904.92,8038.378,16.3,0.9591,0.9591,0.34,18.8333,17.2759,2.5976,2.7985,2.7749,,,9672.0,5114.2517,5114.2517,157653.6,83362.3027
430418.BJ,20230718,16.7,17.2,16.31,16.39,17.11,-0.72,-4.2081,8958.38,14854.181,16.39,1.7517,1.7517,0.59,18.9373,17.3713,2.6119,2.814,2.7902,,,9672.0,5114.2517,5114.2517,158524.08,83822.5854
430418.BJ,20230717,17.56,17.58,16.4,17.11,17.6,-0.49,-2.7841,10610.65,18051.711,17.11,2.0747,2.0747,0.58,19.7692,18.1344,2.7267,2.9376,2.9128,,,9672.0,5114.2517,5114.2517,165487.92,87504.8466
430418.BJ,20230714,15.58,18.0,15.31,17.6,15.7,1.9,12.1019,24854.4,41649.893,17.6,4.8598,4.8598,1.3,20.3353,18.6538,2.8048,3.0217,2.9962,,,9672.0,5114.2517,5114.2517,170227.2,90010.8299
430418.BJ,20230713,15.89,16.33,14.94,15.7,15.9,-0.2,-1.2579,15426.83,24025.246,15.7,3.0164,3.0164,0.74,18.1401,16.64,2.502,2.6955,2.6728,,,9672.0,5114.2517,5114.2517,151850.4,80293.7517
430418.BJ,20230712,16.79,16.79,15.7,15.9,16.56,-0.66,-3.9855,13155.97,21256.252,15.9,2.5724,2.5724,0.48,18.3711,16.852,2.5338,2.7298,2.7068,,,9672.0,5114.2517,5114.2517,153784.8,81316.602
430418.BJ,20230711,16.79,17.2,16.11,16.56,16.81,-0.25,-1.4872,12372.14,20659.723,16.56,2.4191,2.4191,0.36,19.1337,17.5515,2.639,2.8432,2.8192,,,9672.0,5114.2517,5114.2517,160168.32,84692.0082
430418.BJ,20230710,17.8,17.8,15.89,16.81,17.45,-0.64,-3.6676,25930.62,43091.809,16.81,5.0703,5.0703,0.71,19.4226,17.8165,2.6789,2.8861,2.8617,,,9672.0,5114.2517,5114.2517,162586.32,85970.5711
430418.BJ,20230707,18.05,19.2,17.23,17.45,18.23,-0.78,-4.2787,28395.07,52557.5,17.45,5.5521,5.5521,0.7,20.162,18.4948,2.7809,2.996,2.9707,,,9672.0,5114.2517,5114.2517,168776.4,89243.6922
430418.BJ,20230706,18.9,18.99,17.49,18.23,18.92,-0.69,-3.6469,25014.54,45642.16,18.23,4.8911,4.8911,0.52,21.0633,19.3215,2.9052,3.1299,3.1035,,,9672.0,5114.2517,5114.2517,176320.56,93232.8085
430418.BJ,20230705,18.1,20.49,18.1,18.92,18.54,0.38,2.0496,45815.25,88632.771,18.92,8.9583,8.9583,0.97,21.8605,20.0528,3.0151,3.2483,3.2209,,,9672.0,5114.2517,5114.2517,182994.24,96761.6422
430418.BJ,20230704,16.41,18.88,16.41,18.54,16.78,1.76,10.4887,48112.72,85788.793,18.54,9.4076,9.4076,1.01,21.4214,19.6501,2.9546,3.1831,3.1562,,,9672.0,5114.2517,5114.2517,179318.88,94818.2265
430418.BJ,20230703,16.7,17.87,16.43,16.78,16.29,0.49,3.008,34041.39,58104.426,16.78,6.6562,6.6562,0.64,19.3879,17.7847,2.6741,2.8809,2.8566,,,9672.0,5114.2517,5114.2517,162296.16,85817.1435
430418.BJ,20230630,17.0,17.4,16.09,16.29,17.55,-1.26,-7.1795,49418.3,82412.319,16.29,9.6629,9.6629,0.94,18.8217,17.2653,2.596,2.7968,2.7732,,,9672.0,5114.2517,5114.2517,157556.88,83311.1602
430418.BJ,20230629,17.9,19.99,17.28,17.55,18.38,-0.83,-4.5158,64346.4,120480.443,17.55,12.5818,12.5818,1.55,20.2776,18.6008,2.7968,3.0131,2.9877,,,9672.0,5114.2517,5114.2517,169743.6,89755.1173
430418.BJ,20230628,17.2,19.5,17.2,18.38,18.5,-0.12,-0.6486,40272.95,75517.335,18.38,7.8747,7.8747,1.12,21.2366,19.4805,2.9291,3.1556,3.129,,,9672.0,5114.2517,5114.2517,177771.36,93999.9462
430418.BJ,20230627,17.0,19.49,16.12,18.5,18.49,0.01,0.0541,49580.92,89368.087,18.5,9.6947,9.6947,1.83,21.3752,19.6077,2.9482,3.1762,3.1494,,,9672.0,5114.2517,5114.2517,178932.0,94613.6565
430418.BJ,20230626,16.25,19.76,16.25,18.49,16.27,2.22,13.6447,63808.47,116506.888,18.49,12.4766,12.4766,4.29,21.3637,19.5971,2.9466,3.1745,3.1477,,,9672.0,5114.2517,5114.2517,178835.28,94562.5139
430418.BJ,20230621,12.46,16.27,12.43,16.27,12.53,3.74,29.8484,44960.85,67520.107,16.27,8.7913,8.7913,7.47,18.7986,17.2442,2.5928,2.7934,2.7698,,,9672.0,5114.2517,5114.2517,157363.44,83208.8752
430418.BJ,20230620,12.86,13.2,12.2,12.53,12.76,-0.23,-1.8025,8887.37,11334.467,12.53,1.7378,1.7378,2.03,14.4774,13.2802,1.9968,2.1512,2.1331,,,9672.0,5114.2517,5114.2517,121190.16,64081.5738
430418.BJ,20230619,11.95,12.88,11.95,12.76,11.94,0.82,6.8677,13072.85,16189.331,12.76,2.5562,2.5562,6.93,14.7431,13.524,2.0334,2.1907,2.1723,,,9672.0,5114.2517,5114.2517,123414.72,65257.8517
430418.BJ,20230616,11.66,11.96,11.43,11.94,11.41,0.53,4.645,5097.91,6025.418,11.94,0.9968,0.9968,4.44,13.7957,12.6549,1.9028,2.05,2.0327,,,9672.0,5114.2517,5114.2517,115483.68,61064.1653
430418.BJ,20230615,10.89,11.57,10.61,11.41,10.84,0.57,5.2583,2419.8,2707.148,11.41,0.4731,0.4731,3.08,13.1833,12.0932,1.8183,1.959,1.9424,,,9672.0,5114.2517,5114.2517,110357.52,58353.6119
430418.BJ,20230614,10.75,10.89,10.74,10.84,10.8,0.04,0.3704,612.79,663.049,10.84,0.1198,0.1198,0.81,12.5247,11.489,1.7275,1.8611,1.8454,,,9672.0,5114.2517,5114.2517,104844.48,55438.4884
430418.BJ,20230613,10.52,10.84,10.52,10.8,10.57,0.23,2.176,713.39,766.286,10.8,0.1395,0.1395,1.06,12.4785,11.4466,1.7211,1.8542,1.8386,,,9672.0,5114.2517,5114.2517,104457.6,55233.9184
430418.BJ,20230612,10.54,10.57,10.4,10.57,10.54,0.03,0.2846,589.38,616.911,10.57,0.1152,0.1152,0.8,12.2128,11.2029,1.6844,1.8147,1.7994,,,9672.0,5114.2517,5114.2517,102233.04,54057.6405
430418.BJ,20230609,10.78,10.78,10.41,10.54,10.83,-0.29,-2.6777,1407.37,1479.179,10.54,0.2752,0.2752,1.98,12.1781,11.1711,1.6797,1.8096,1.7943,,,9672.0,5114.2517,5114.2517,101942.88,53904.2129
430418.BJ,20230608,10.95,10.96,10.58,10.83,10.9,-0.07,-0.6422,605.01,647.719,10.83,0.1183,0.1183,0.56,12.5132,11.4784,1.7259,1.8594,1.8437,,,9672.0,5114.2517,5114.2517,104747.76,55387.3459
430418.BJ,20230607,10.88,10.95,10.75,10.9,10.81,0.09,0.8326,490.91,531.36,10.9,0.096,0.096,0.48,12.594,11.5526,1.737,1.8714,1.8556,,,9672.0,5114.2517,5114.2517,105424.8,55745.3435
430418.BJ,20230606,10.86,10.96,10.72,10.81,10.93,-0.12,-1.0979,258.65,280.92,10.81,0.0506,0.0506,0.25,12.4901,11.4572,1.7227,1.8559,1.8403,,,9672.0,5114.2517,5114.2517,104554.32,55285.0609
430418.BJ,20230605,11.01,11.1,10.71,10.93,10.99,-0.06,-0.546,899.41,977.075,10.93,0.1759,0.1759,0.94,12.6287,11.5844,1.7418,1.8765,1.8607,,,9672.0,5114.2517,5114.2517,105714.96,55898.7711
430418.BJ,20230602,11.13,11.13,10.9,10.99,11.06,-0.07,-0.6329,1293.88,1416.525,10.99,0.253,0.253,1.64,12.698,11.648,1.7514,1.8869,1.8709,,,9672.0,5114.2517,5114.2517,106295.28,56205.6262
430418.BJ,20230601,11.57,11.57,10.9,11.06,11.65,-0.59,-5.0644,2425.71,2701.971,11.06,0.4743,0.4743,5.66,12.7789,11.7222,1.7625,1.8989,1.8828,,,9672.0,5114.2517,5114.2517,106972.32,56563.6238
430418.BJ,20230531,11.65,11.78,11.5,11.65,11.73,-0.08,-0.682,237.82,276.15,11.65,0.0465,0.0465,0.49,13.4606,12.3475,1.8566,2.0002,1.9833,,,9672.0,5114.2517,5114.2517,112678.8,59581.0323
430418.BJ,20230530,11.67,11.77,11.51,11.73,11.75,-0.02,-0.1702,392.19,455.548,11.73,0.0767,0.0767,0.75,13.553,12.4323,1.8693,2.0139,1.9969,,,9672.0,5114.2517,5114.2517,113452.56,59990.1724
430418.BJ,20230529,11.67,12.07,11.59,11.75,11.75,0.0,0.0,457.18,539.681,11.75,0.0894,0.0894,0.89,13.5762,12.4535,1.8725,2.0173,2.0003,,,9672.0,5114.2517,5114.2517,113646.0,60092.4575
430418.BJ,20230526,11.78,11.86,11.59,11.75,11.73,0.02,0.1705,421.28,496.031,11.75,0.0824,0.0824,0.85,13.5762,12.4535,1.8725,2.0173,2.0003,,,9672.0,5114.2517,5114.2517,113646.0,60092.4575
430418.BJ,20230525,11.99,12.2,11.91,12.08,12.08,0.0,0.0,634.32,764.991,12.08,0.124,0.124,1.1,13.9574,12.8033,1.8234,2.074,2.0565,,,9672.0,5114.2517,5114.2517,116837.76,61780.1605
430418.BJ,20230524,12.13,12.13,11.91,12.08,12.18,-0.1,-0.821,533.91,640.58,12.08,0.1044,0.1044,0.93,13.9574,12.8033,1.8234,2.074,2.0565,,,9672.0,5114.2517,5114.2517,116837.76,61780.1605
430418.BJ,20230523,12.12,12.24,12.04,12.18,12.21,-0.03,-0.2457,573.02,693.941,12.18,0.112,0.112,0.77,14.073,12.9093,1.8385,2.0912,2.0735,,,9672.0,5114.2517,5114.2517,117804.96,62291.5857
430418.BJ,20230522,12.14,12.23,11.96,12.21,12.14,0.07,0.5766,417.49,508.498,12.21,0.0816,0.0816,0.47,14.1076,12.9411,1.843,2.0963,2.0786,,,9672.0,5114.2517,5114.2517,118095.12,62445.0133
430418.BJ,20230519,12.1,12.15,11.98,12.14,12.15,-0.01,-0.0823,319.19,386.603,12.14,0.0624,0.0624,0.27,14.0268,12.8669,1.8324,2.0843,2.0667,,,9672.0,5114.2517,5114.2517,117418.08,62087.0156
430418.BJ,20230518,12.19,12.19,12.01,12.15,12.14,0.01,0.0824,1051.0,1270.525,12.15,0.2055,0.2055,0.93,14.0383,12.8775,1.8339,2.086,2.0684,,,9672.0,5114.2517,5114.2517,117514.8,62138.1582
430418.BJ,20230517,12.07,12.15,12.05,12.14,12.12,0.02,0.165,520.85,630.194,12.14,0.1018,0.1018,0.27,14.0268,12.8669,1.8324,2.0843,2.0667,,,9672.0,5114.2517,5114.2517,117418.08,62087.0156
430418.BJ,20230516,11.71,12.14,11.71,12.12,12.09,0.03,0.2481,1432.39,1721.5,12.12,0.2801,0.2801,0.33,14.0037,12.8457,1.8294,2.0809,2.0633,,,9672.0,5114.2517,5114.2517,117224.64,61984.7306
430418.BJ,20230515,12.68,12.68,12.09,12.09,12.45,-0.36,-2.8916,1078.35,1320.072,12.09,0.2109,0.2109,0.17,13.969,12.8139,1.8249,2.0757,2.0582,,,9672.0,5114.2517,5114.2517,116934.48,61831.3031
430418.BJ,20230512,12.05,12.48,12.02,12.45,12.06,0.39,3.2338,1806.74,2207.919,12.45,0.3533,0.3533,0.24,14.3849,13.1954,1.8792,2.1375,2.1195,,,9672.0,5114.2517,5114.2517,120416.4,63672.4337
430418.BJ,20230511,12.0,12.09,12.0,12.06,12.0,0.06,0.5,825.84,993.795,12.06,0.1615,0.1615,0.11,13.9343,12.7821,1.8204,2.0706,2.0531,,,9672.0,5114.2517,5114.2517,116644.32,61677.8755
430418.BJ,20230510,12.25,12.25,11.83,12.0,12.3,-0.3,-2.439,4476.42,5353.706,12.0,0.8753,0.8753,0.65,13.865,12.7185,1.8113,2.0603,2.0429,,,9672.0,5114.2517,5114.2517,116064.0,61371.0204
430418.BJ,20230509,12.43,12.7,11.8,12.3,12.22,0.08,0.6547,13660.37,17133.59,12.3,2.671,2.671,3.2,14.2116,13.0365,1.8566,2.1118,2.0939,,,9672.0,5114.2517,5114.2517,118965.6,62905.2959
430418.BJ,20230508,11.41,12.33,11.41,12.22,11.38,0.84,7.3814,11887.95,14265.669,12.22,2.3245,2.3245,5.99,14.1192,12.9517,1.8445,2.098,2.0803,,,9672.0,5114.2517,5114.2517,118191.84,62496.1558
430418.BJ,20230505,10.75,11.46,10.6,11.38,10.75,0.63,5.8605,7156.24,7898.074,11.38,1.3993,1.3993,8.88,13.1486,12.0614,1.7177,1.9538,1.9373,,,9672.0,5114.2517,5114.2517,110067.36,58200.1843
430418.BJ,20230504,10.44,10.85,10.44,10.75,10.42,0.33,3.167,1421.43,1523.172,10.75,0.2779,0.2779,2.4,12.4207,11.3936,1.6226,1.8456,1.8301,,,9672.0,5114.2517,5114.2517,103974.0,54978.2058
430418.BJ,20230428,10.42,10.43,10.29,10.42,10.41,0.01,0.0961,460.56,478.254,10.42,0.0899,0.0899,0.8,12.0394,12.0394,1.6283,1.789,1.789,,,9672.0,5121.6271,5121.6271,100782.24,53367.3544
430418.BJ,20230427,10.38,10.45,10.24,10.41,10.4,0.01,0.0962,449.66,465.401,10.41,0.0878,0.0878,0.6,12.0279,12.0279,1.6267,1.7873,1.7873,,,9672.0,5121.6271,5121.6271,100685.52,53316.1381
430418.BJ,20230426,10.34,10.5,10.24,10.4,10.32,0.08,0.7752,442.62,457.905,10.4,0.0864,0.0864,0.61,12.0163,12.0163,1.6252,1.7856,1.7856,,,9672.0,5121.6271,5121.6271,100588.8,53264.9218
430418.BJ,20230425,10.46,10.5,10.12,10.32,10.48,-0.16,-1.5267,1256.98,1289.251,10.32,0.2454,0.2454,1.52,11.9239,11.9239,1.6127,1.7718,1.7718,,,9672.0,5121.6271,5121.6271,99815.04,52855.1917
430418.BJ,20230424,10.47,10.54,10.38,10.48,10.49,-0.01,-0.0953,352.7,369.075,10.48,0.0689,0.0689,0.35,12.1088,12.1088,1.6377,1.7993,1.7993,,,9672.0,5121.6271,5121.6271,101362.56,53674.652
430418.BJ,20230421,10.47,10.55,10.35,10.49,10.49,0.0,0.0,389.29,406.821,10.49,0.076,0.076,0.38,12.1203,12.1203,1.6392,1.801,1.801,,,9672.0,5121.6271,5121.6271,101459.28,53725.8683
430418.BJ,20230420,10.51,10.51,10.31,10.49,10.53,-0.04,-0.3799,1292.58,1342.86,10.49,0.2524,0.2524,1.44,12.1203,12.1203,1.6392,1.801,1.801,,,9672.0,5121.6271,5121.6271,101459.28,53725.8683
430418.BJ,20230419,10.49,10.56,10.36,10.53,10.47,0.06,0.5731,350.3,367.116,10.53,0.0684,0.0684,0.34,12.1665,12.1665,1.6455,1.8079,1.8079,,,9672.0,5121.6271,5121.6271,101846.16,53930.7334
430418.BJ,20230418,10.69,10.79,10.33,10.47,10.67,-0.2,-1.8744,1762.53,1860.751,10.47,0.3441,0.3441,2.37,12.0972,12.0972,1.6361,1.7976,1.7976,,,9672.0,5121.6271,5121.6271,101265.84,53623.4357
430418.BJ,20230417,10.62,10.89,10.52,10.67,10.6,0.07,0.6604,1224.47,1302.659,10.67,0.2391,0.2391,2.07,12.3283,12.3283,1.6674,1.8319,1.8319,,,9672.0,5121.6271,5121.6271,103200.24,54647.7612
430418.BJ,20230414,10.62,10.62,10.5,10.6,10.6,0.0,0.0,480.91,507.865,10.6,0.0939,0.0939,0.91,12.2474,12.2474,1.6564,1.8199,1.8199,,,9672.0,5121.6271,5121.6271,102523.2,54289.2473
430418.BJ,20230413,10.65,10.68,10.54,10.6,10.63,-0.03,-0.2822,672.6,712.394,10.6,0.1313,0.1313,1.64,12.2474,12.2474,1.6564,1.8199,1.8199,,,9672.0,5121.6271,5121.6271,102523.2,54289.2473
430418.BJ,20230412,10.53,10.66,10.51,10.63,10.55,0.08,0.7583,1029.31,1093.5,10.63,0.201,0.201,3.64,12.2821,12.2821,1.6611,1.825,1.825,,,9672.0,5121.6271,5121.6271,102813.36,54442.8961
430418.BJ,20230411,10.57,10.6,10.43,10.55,10.55,0.0,0.0,315.57,332.312,10.55,0.0616,0.0616,0.85,12.1897,12.1897,1.6486,1.8113,1.8113,,,9672.0,5121.6271,5121.6271,102039.6,54033.1659
430418.BJ,20230410,10.43,10.56,10.4,10.55,10.43,0.12,1.1505,459.88,482.469,10.55,0.0898,0.0898,1.29,16.1495,12.1897,1.6486,1.9175,1.8113,,,9672.0,5121.6271,5121.6271,102039.6,54033.1659
430418.BJ,20230407,10.45,10.46,10.4,10.43,10.43,0.0,0.0,165.76,173.142,10.43,0.0324,0.0324,0.33,15.9658,12.051,1.6299,1.8957,1.7907,,,9672.0,5121.6271,5121.6271,100878.96,53418.5707
430418.BJ,20230406,10.47,10.49,10.34,10.43,10.49,-0.06,-0.572,76.75,80.111,10.43,0.015,0.015,0.14,15.9658,12.051,1.6299,1.8957,1.7907,,,9672.0,5121.6271,5121.6271,100878.96,53418.5707
430418.BJ,20230404,10.52,10.59,10.39,10.49,10.52,-0.03,-0.2852,396.46,414.892,10.49,0.0774,0.0774,0.69,16.0576,12.1203,1.6392,1.9066,1.801,,,9672.0,5121.6271,5121.6271,101459.28,53725.8683
430418.BJ,20230403,10.49,10.54,10.37,10.52,10.49,0.03,0.286,759.85,795.886,10.52,0.1484,0.1484,1.63,16.1036,12.155,1.6439,1.9121,1.8062,,,9672.0,5121.6271,5121.6271,101749.44,53879.5171
430418.BJ,20230331,10.44,10.54,10.32,10.49,10.46,0.03,0.2868,390.22,408.564,10.49,0.0762,0.0762,0.64,16.0576,12.1203,1.6392,1.9066,1.801,,,9672.0,5121.6271,5121.6271,101459.28,53725.8683
430418.BJ,20230330,10.43,10.46,10.2,10.46,10.46,0.0,0.0,852.35,879.222,10.46,0.1664,0.1664,1.79,16.0117,12.0857,1.6346,1.9012,1.7959,,,9672.0,5121.6271,5121.6271,101169.12,53572.2195
430418.BJ,20230329,10.48,10.5,10.35,10.46,10.48,-0.02,-0.1908,429.56,448.206,10.46,0.0839,0.0839,0.79,16.0117,12.0857,1.6346,1.9012,1.7959,,,9672.0,5121.6271,5121.6271,101169.12,53572.2195
430418.BJ,20230328,10.45,10.53,10.36,10.48,10.49,-0.01,-0.0953,451.82,472.417,10.48,0.0882,0.0882,0.9,16.0423,12.1088,1.6377,1.9048,1.7993,,,9672.0,5121.6271,5121.6271,101362.56,53674.652
430418.BJ,20230327,10.57,10.58,10.38,10.49,10.48,0.01,0.0954,203.04,213.354,10.49,0.0396,0.0396,0.27,16.0576,12.1203,1.6392,1.9066,1.801,,,9672.0,5121.6271,5121.6271,101459.28,53725.8683
430418.BJ,20230324,10.46,10.48,10.31,10.48,10.46,0.02,0.1912,1100.94,1139.821,10.48,0.215,0.215,1.41,16.0423,12.1088,1.6377,1.9048,1.7993,,,9672.0,5121.6271,5121.6271,101362.56,53674.652
430418.BJ,20230323,10.45,10.51,10.3,10.46,10.49,-0.03,-0.286,200.92,208.577,10.46,0.0392,0.0392,0.24,16.0117,12.0857,1.6346,1.9012,1.7959,,,9672.0,5121.6271,5121.6271,101169.12,53572.2195
430418.BJ,20230322,10.44,10.56,10.31,10.49,10.4,0.09,0.8654,770.08,805.626,10.49,0.1504,0.1504,0.97,16.0576,12.1203,1.6392,1.9066,1.801,,,9672.0,5121.6271,5121.6271,101459.28,53725.8683
430418.BJ,20230321,10.29,10.4,10.29,10.4,10.3,0.1,0.9709,238.53,246.325,10.4,0.0466,0.0466,0.28,15.9199,12.0163,1.6252,1.8903,1.7856,,,9672.0,5121.6271,5121.6271,100588.8,53264.9218
430418.BJ,20230320,10.44,10.48,10.22,10.3,10.46,-0.16,-1.5296,1488.08,1535.183,10.3,0.2905,0.2905,1.82,15.7668,11.9008,1.6095,1.8721,1.7684,,,9672.0,5121.6271,5121.6271,99621.6,52752.7591
430418.BJ,20230317,10.62,10.62,10.43,10.46,10.6,-0.14,-1.3208,1213.7,1272.858,10.46,0.237,0.237,1.8,16.0117,12.0857,1.6346,1.9012,1.7959,,,9672.0,5121.6271,5121.6271,101169.12,53572.2195
430418.BJ,20230316,10.65,10.68,10.48,10.6,10.64,-0.04,-0.3759,433.4,457.508,10.6,0.0846,0.0846,0.7,16.226,12.2474,1.6564,1.9266,1.8199,,,9672.0,5121.6271,5121.6271,102523.2,54289.2473
430418.BJ,20230315,10.58,10.69,10.48,10.64,10.58,0.06,0.5671,599.26,633.555,10.64,0.117,0.117,0.88,16.2873,12.2936,1.6627,1.9339,1.8268,,,9672.0,5121.6271,5121.6271,102910.08,54494.1123
430418.BJ,20230314,10.65,10.76,10.52,10.58,10.74,-0.16,-1.4898,515.42,544.802,10.58,0.1006,0.1006,0.63,16.1954,12.2243,1.6533,1.923,1.8165,,,9672.0,5121.6271,5121.6271,102329.76,54186.8147
430418.BJ,20230313,10.53,10.78,10.5,10.74,10.59,0.15,1.4164,1328.17,1410.856,10.74,0.2593,0.2593,1.79,16.4403,12.4092,1.6783,1.9521,1.8439,,,9672.0,5121.6271,5121.6271,103877.28,55006.2751
430418.BJ,20230310,10.72,10.72,10.52,10.59,10.75,-0.16,-1.4884,498.25,527.41,10.59,0.0973,0.0973,0.55,16.2107,12.2359,1.6549,1.9248,1.8182,,,9672.0,5121.6271,5121.6271,102426.48,54238.031
430418.BJ,20230309,10.68,10.77,10.61,10.75,10.73,0.02,0.1864,176.06,187.891,10.75,0.0344,0.0344,0.16,16.4556,12.4207,1.6799,1.9539,1.8456,,,9672.0,5121.6271,5121.6271,103974.0,55057.4913
430418.BJ,20230308,10.56,10.76,10.56,10.73,10.53,0.2,1.8993,894.81,953.953,10.73,0.1747,0.1747,0.83,16.425,12.3976,1.6767,1.9503,1.8422,,,9672.0,5121.6271,5121.6271,103780.56,54955.0588
430418.BJ,20230307,10.83,10.9,10.51,10.53,10.88,-0.35,-3.2169,1198.52,1276.439,10.53,0.234,0.234,1.2,16.1189,12.1665,1.6455,1.9139,1.8079,,,9672.0,5121.6271,5121.6271,101846.16,53930.7334
430418.BJ,20230306,10.82,10.89,10.7,10.88,10.86,0.02,0.1842,952.49,1031.809,10.88,0.186,0.186,1.05,16.6546,12.5709,1.7002,1.9775,1.868,,,9672.0,5121.6271,5121.6271,105231.36,55723.3028
430418.BJ,20230303,10.78,10.88,10.76,10.86,10.78,0.08,0.7421,1336.37,1447.419,10.86,0.2609,0.2609,1.67,16.624,12.5478,1.6971,1.9739,1.8645,,,9672.0,5121.6271,5121.6271,105037.92,55620.8703
430418.BJ,20230302,10.63,10.82,10.58,10.78,10.58,0.2,1.8904,1152.75,1235.711,10.78,0.2251,0.2251,1.82,16.5016,12.4554,1.6846,1.9594,1.8508,,,9672.0,5121.6271,5121.6271,104264.16,55211.1401
430418.BJ,20230301,10.42,10.59,10.41,10.58,10.47,0.11,1.0506,728.85,766.247,10.58,0.1423,0.1423,1.11,16.1954,12.2243,1.6533,1.923,1.8165,,,9672.0,5121.6271,5121.6271,102329.76,54186.8147
430418.BJ,20230228,10.45,10.51,10.29,10.47,10.42,0.05,0.4798,839.06,878.13,10.47,0.1638,0.1638,1.27,16.027,12.0972,1.6361,1.903,1.7976,,,9672.0,5121.6271,5121.6271,101265.84,53623.4357
430418.BJ,20230227,10.48,10.48,10.31,10.42,10.51,-0.09,-0.8563,500.21,518.189,10.42,0.0977,0.0977,0.46,15.9505,14.2598,1.7032,1.8939,1.8461,,,9672.0,5121.6271,5121.6271,100782.24,53367.3544
430418.BJ,20230224,10.62,10.62,10.3,10.51,10.62,-0.11,-1.0358,780.22,815.505,10.51,0.1523,0.1523,0.74,16.0883,14.383,1.7179,1.9103,1.8621,,,9672.0,5121.6271,5121.6271,101652.72,53828.3008
430418.BJ,20230223,10.63,10.68,10.52,10.62,10.67,-0.05,-0.4686,320.55,340.081,10.62,0.0626,0.0626,0.29,16.2566,14.5335,1.7359,1.9303,1.8816,,,9672.0,5121.6271,5121.6271,102716.64,54391.6798
430418.BJ,20230222,10.7,10.7,10.55,10.67,10.75,-0.08,-0.7442,838.6,889.522,10.67,0.1637,0.1637,0.78,16.3332,14.6019,1.7441,1.9394,1.8904,,,9672.0,5121.6271,5121.6271,103200.24,54647.7612
430418.BJ,20230221,10.78,10.88,10.63,10.75,10.83,-0.08,-0.7387,867.52,926.758,10.75,0.1694,0.1694,0.88,16.4556,14.7114,1.7572,1.9539,1.9046,,,9672.0,5121.6271,5121.6271,103974.0,55057.4913
430418.BJ,20230220,10.62,11.02,10.62,10.83,10.61,0.22,2.0735,2627.31,2860.98,10.83,0.513,0.513,2.82,16.5781,14.8209,1.7703,1.9684,1.9188,,,9672.0,5121.6271,5121.6271,104747.76,55467.2215
430418.BJ,20230217,10.46,10.65,10.4,10.61,10.59,0.02,0.1889,612.75,642.389,10.61,0.1196,0.1196,0.67,16.2413,14.5198,1.7343,1.9285,1.8798,,,9672.0,5121.6271,5121.6271,102619.92,54340.4635
430418.BJ,20230216,10.64,10.68,10.48,10.59,10.63,-0.04,-0.3763,604.17,639.062,10.59,0.118,0.118,0.61,16.2107,14.4924,1.731,1.9248,1.8763,,,9672.0,5121.6271,5121.6271,102426.48,54238.031
430418.BJ,20230215,10.53,10.77,10.49,10.63,10.58,0.05,0.4726,675.11,713.644,10.63,0.1318,0.1318,0.6,16.2719,14.5472,1.7376,1.9321,1.8833,,,9672.0,5121.6271,5121.6271,102813.36,54442.8961
430418.BJ,20230214,10.55,10.73,10.52,10.58,10.61,-0.03,-0.2828,407.42,431.604,10.58,0.0795,0.0795,0.32,16.1954,14.4788,1.7294,1.923,1.8745,,,9672.0,5121.6271,5121.6271,102329.76,54186.8147
430418.BJ,20230213,10.45,10.78,10.45,10.61,10.33,0.28,2.7106,2357.32,2520.121,10.61,0.4603,0.4603,2.2,16.2413,14.5198,1.7343,1.9285,1.8798,,,9672.0,5121.6271,5121.6271,102619.92,54340.4635
430418.BJ,20230210,10.15,10.54,10.15,10.33,10.22,0.11,1.0763,497.71,511.008,10.33,0.0972,0.0972,0.39,15.8127,14.1366,1.6885,1.8776,1.8302,,,9672.0,5121.6271,5121.6271,99911.76,52906.4079
430418.BJ,20230209,10.08,10.28,10.08,10.22,10.12,0.1,0.9881,1013.19,1034.311,10.22,0.1978,0.1978,0.59,15.6443,13.9861,1.6705,1.8576,1.8107,,,9672.0,5121.6271,5121.6271,98847.84,52343.029
430418.BJ,20230208,10.43,10.43,10.1,10.12,10.5,-0.38,-3.619,1323.33,1356.017,10.12,0.2584,0.2584,0.54,15.4913,13.8492,1.6542,1.8394,1.793,,,9672.0,5121.6271,5121.6271,97880.64,51830.8663
430418.BJ,20230207,10.52,10.67,10.38,10.5,10.68,-0.18,-1.6854,1274.03,1329.975,10.5,0.2488,0.2488,0.41,16.073,14.3693,1.7163,1.9085,1.8603,,,9672.0,5121.6271,5121.6271,101556.0,53777.0846
430418.BJ,20230206,10.83,10.85,10.55,10.68,10.79,-0.11,-1.0195,1260.8,1350.52,10.68,0.2462,0.2462,0.39,16.3485,14.6156,1.7457,1.9412,1.8922,,,9672.0,5121.6271,5121.6271,103296.96,54698.9774
430418.BJ,20230203,10.5,10.94,10.49,10.79,10.68,0.11,1.03,1502.64,1622.74,10.79,0.2934,0.2934,0.48,16.5169,14.7661,1.7637,1.9612,1.9117,,,9672.0,5121.6271,5121.6271,104360.88,55262.3564
430418.BJ,20230202,10.67,10.95,10.37,10.68,10.85,-0.17,-1.5668,3268.75,3460.209,10.68,0.6382,0.6382,1.17,16.3485,14.6156,1.7457,1.9412,1.8922,,,9672.0,5121.6271,5121.6271,103296.96,54698.9774
430418.BJ,20230201,10.42,11.18,10.26,10.85,10.41,0.44,4.2267,4975.52,5375.24,10.85,0.9715,0.9715,2.65,16.6087,14.8482,1.7735,1.9721,1.9223,,,9672.0,5121.6271,5121.6271,104941.2,55569.654
430418.BJ,20230131,9.82,10.48,9.81,10.41,10.0,0.41,4.1,4661.08,4784.279,10.41,0.9101,0.9101,4.66,15.9352,14.2461,1.7016,1.8921,1.8444,,,9672.0,5121.6271,5121.6271,100685.52,53316.1381
430418.BJ,20230130,10.17,10.18,9.76,10.0,10.08,-0.08,-0.7937,1689.21,1684.482,10.0,0.3298,0.3298,2.22,15.3076,13.685,1.6346,1.8176,1.7717,,,9672.0,5121.6271,5121.6271,96720.0,51216.271
430418.BJ,20230120,9.91,10.11,9.88,10.08,9.93,0.15,1.5106,1035.04,1037.424,10.08,0.2021,0.2021,1.66,15.43,13.7945,1.6477,1.8321,1.7859,,,9672.0,5121.6271,5121.6271,97493.76,51626.0012
430418.BJ,20230119,9.89,10.28,9.73,9.93,9.76,0.17,1.7418,1599.61,1571.045,9.93,0.3123,0.3123,4.6,15.2004,13.5892,1.6231,1.8049,1.7593,,,9672.0,5121.6271,5121.6271,96042.96,50857.7571
430418.BJ,20230118,9.82,9.82,9.72,9.76,9.81,-0.05,-0.5097,410.83,400.426,9.76,0.0802,0.0802,1.0,14.9402,13.3566,1.5954,1.774,1.7292,,,9672.0,5121.6271,5121.6271,94398.72,49987.0805
430418.BJ,20230117,9.66,9.85,9.66,9.81,9.81,0.0,0.0,270.26,264.298,9.81,0.0528,0.0528,0.49,15.0167,13.425,1.6035,1.783,1.7381,,,9672.0,5121.6271,5121.6271,94882.32,50243.1619
430418.BJ,20230116,9.8,9.86,9.7,9.81,9.8,0.01,0.102,495.16,485.728,9.81,0.0967,0.0967,0.82,15.0167,13.425,1.6035,1.783,1.7381,,,9672.0,5121.6271,5121.6271,94882.32,50243.1619
430418.BJ,20230113,9.68,9.89,9.68,9.8,9.85,-0.05,-0.5076,347.25,339.936,9.8,0.0678,0.0678,0.56,15.0014,13.4113,1.6019,1.7812,1.7363,,,9672.0,5121.6271,5121.6271,94785.6,50191.9456
430418.BJ,20230112,9.88,9.89,9.72,9.85,9.89,-0.04,-0.4044,213.41,210.201,9.85,0.0417,0.0417,0.33,15.078,13.4797,1.6101,1.7903,1.7452,,,9672.0,5121.6271,5121.6271,95269.2,50448.0269
430418.BJ,20230111,9.75,9.89,9.58,9.89,9.79,0.1,1.0215,717.86,705.303,9.89,0.1402,0.1402,1.26,15.1392,13.5345,1.6166,1.7976,1.7522,,,9672.0,5121.6271,5121.6271,95656.08,50652.892
430418.BJ,20230110,9.61,9.79,9.61,9.79,9.73,0.06,0.6166,980.17,956.299,9.79,0.1914,0.1914,1.98,14.9861,13.3976,1.6003,1.7794,1.7345,,,9672.0,5121.6271,5121.6271,94688.88,50140.7293
430418.BJ,20230109,9.65,9.73,9.54,9.73,9.61,0.12,1.2487,759.94,731.635,9.73,0.1484,0.1484,2.16,14.8943,13.3155,1.5905,1.7685,1.7239,,,9672.0,5121.6271,5121.6271,94108.56,49833.4317
430418.BJ,20230106,9.56,9.67,9.55,9.61,9.59,0.02,0.2086,441.54,424.199,9.61,0.0862,0.0862,1.31,14.7106,13.1513,1.5708,1.7467,1.7026,,,9672.0,5121.6271,5121.6271,92947.92,49218.8364
430418.BJ,20230105,9.42,9.59,9.42,9.59,9.58,0.01,0.1044,321.51,306.941,9.59,0.0628,0.0628,1.05,14.68,13.1239,1.5676,1.7431,1.6991,,,9672.0,5121.6271,5121.6271,92754.48,49116.4039
430418.BJ,20230104,9.48,9.58,9.47,9.58,9.56,0.02,0.2092,352.86,336.778,9.58,0.0689,0.0689,0.89,14.6647,13.1103,1.5659,1.7412,1.6973,,,9672.0,5121.6271,5121.6271,92657.76,49065.1876
430418.BJ,20230103,9.49,9.56,9.32,9.56,9.55,0.01,0.1047,602.96,567.849,9.56,0.1177,0.1177,2.0,14.634,13.0829,1.5627,1.7376,1.6938,,,9672.0,5121.6271,5121.6271,92464.32,48962.7551
430418.BJ,20221230,9.57,9.57,9.36,9.55,9.54,0.01,0.1048,37.05,35.342,9.55,0.0072,0.0072,0.11,14.6187,13.0692,1.561,1.7358,1.692,,,9672.0,5121.6271,5121.6271,92367.6,48911.5388
430418.BJ,20221229,9.47,9.55,9.41,9.54,9.54,0.0,0.0,371.69,351.845,9.54,0.0726,0.0726,1.12,14.6034,13.0555,1.5594,1.734,1.6902,,,9672.0,5121.6271,5121.6271,92270.88,48860.3225
430418.BJ,20221228,9.47,9.58,9.45,9.54,9.55,-0.01,-0.1047,163.31,155.71,9.54,0.0319,0.0319,0.4,14.6034,13.0555,1.5594,1.734,1.6902,,,9672.0,5121.6271,5121.6271,92270.88,48860.3225
430418.BJ,20221227,9.44,9.55,9.29,9.55,9.41,0.14,1.4878,806.23,764.047,9.55,0.1574,0.1574,2.33,14.6187,13.0692,1.561,1.7358,1.692,,,9672.0,5121.6271,5121.6271,92367.6,48911.5388
430418.BJ,20221226,9.31,9.42,9.31,9.41,9.4,0.01,0.1064,132.34,124.466,9.41,0.0258,0.0258,0.32,14.4044,12.8776,1.5381,1.7103,1.6672,,,9672.0,5121.6271,5121.6271,91013.52,48194.511
430418.BJ,20221223,9.27,9.45,9.27,9.4,9.37,0.03,0.3202,139.3,130.296,9.4,0.0272,0.0272,0.29,14.3891,12.8639,1.5365,1.7085,1.6654,,,9672.0,5121.6271,5121.6271,90916.8,48143.2947
430418.BJ,20221222,9.4,9.47,9.27,9.37,9.4,-0.03,-0.3191,411.49,385.694,9.37,0.0803,0.0803,0.91,14.3432,12.8229,1.5316,1.7031,1.6601,,,9672.0,5121.6271,5121.6271,90626.64,47989.6459
430418.BJ,20221221,9.45,9.45,9.27,9.4,9.45,-0.05,-0.5291,565.99,529.627,9.4,0.1105,0.1105,1.34,14.3891,12.8639,1.5365,1.7085,1.6654,,,9672.0,5121.6271,5121.6271,90916.8,48143.2947
430418.BJ,20221220,9.42,9.48,9.31,9.45,9.38,0.07,0.7463,479.45,451.38,9.45,0.0936,0.0936,0.94,14.4657,12.9323,1.5447,1.7176,1.6743,,,9672.0,5121.6271,5121.6271,91400.4,48399.3761
430418.BJ,20221219,9.53,9.53,9.33,9.38,9.33,0.05,0.5359,481.57,455.691,9.38,0.094,0.094,0.81,14.3585,12.8366,1.5332,1.7049,1.6619,,,9672.0,5121.6271,5121.6271,90723.36,48040.8622
430418.BJ,20221216,9.5,9.5,9.31,9.33,9.47,-0.14,-1.4784,500.57,468.641,9.33,0.0977,0.0977,0.91,14.282,12.7681,1.5251,1.6958,1.653,,,9672.0,5121.6271,5121.6271,90239.76,47784.7808
430418.BJ,20221215,9.64,9.64,9.35,9.47,9.45,0.02,0.2116,239.74,225.372,9.47,0.0468,0.0468,0.41,14.4963,12.9597,1.548,1.7212,1.6778,,,9672.0,5121.6271,5121.6271,91593.84,48501.8086
430418.BJ,20221214,9.47,9.55,9.39,9.45,9.46,-0.01,-0.1057,415.51,391.15,9.45,0.0811,0.0811,0.67,14.4657,12.9323,1.5447,1.7176,1.6743,,,9672.0,5121.6271,5121.6271,91400.4,48399.3761
430418.BJ,20221213,9.62,9.62,9.4,9.46,9.6,-0.14,-1.4583,912.36,865.309,9.46,0.1781,0.1781,1.87,14.481,12.946,1.5463,1.7194,1.6761,,,9672.0,5121.6271,5121.6271,91497.12,48450.5924
430418.BJ,20221212,9.76,9.83,9.5,9.6,9.84,-0.24,-2.439,895.18,858.465,9.6,0.1748,0.1748,1.18,14.6953,13.1376,1.5692,1.7449,1.7009,,,9672.0,5121.6271,5121.6271,92851.2,49167.6202
430418.BJ,20221209,9.83,9.84,9.73,9.84,9.82,0.02,0.2037,277.51,271.545,9.84,0.0542,0.0542,0.29,15.0627,13.4661,1.6084,1.7885,1.7434,,,9672.0,5121.6271,5121.6271,95172.48,50396.8107
430418.BJ,20221208,9.83,9.94,9.71,9.82,9.81,0.01,0.1019,415.25,407.152,9.82,0.0811,0.0811,0.41,15.032,13.4387,1.6052,1.7849,1.7398,,,9672.0,5121.6271,5121.6271,94979.04,50294.3781
430418.BJ,20221207,9.64,9.86,9.64,9.81,9.7,0.11,1.134,601.92,589.45,9.81,0.1175,0.1175,0.54,15.0167,13.425,1.6035,1.783,1.7381,,,9672.0,5121.6271,5121.6271,94882.32,50243.1619
430418.BJ,20221206,9.59,9.75,9.58,9.7,9.69,0.01,0.1032,250.69,243.535,9.7,0.0489,0.0489,0.21,14.8483,13.2745,1.5855,1.7631,1.7186,,,9672.0,5121.6271,5121.6271,93818.4,49679.7829
430418.BJ,20221205,9.75,9.77,9.56,9.69,9.8,-0.11,-1.1224,2249.62,2178.649,9.69,0.4392,0.4392,2.45,14.833,13.2608,1.5839,1.7612,1.7168,,,9672.0,5121.6271,5121.6271,93721.68,49628.5666
430418.BJ,20221202,9.95,9.97,9.74,9.8,9.87,-0.07,-0.7092,1233.29,1208.535,9.8,0.2408,0.2408,1.57,15.0014,13.4113,1.6019,1.7812,1.7363,,,9672.0,5121.6271,5121.6271,94785.6,50191.9456
430418.BJ,20221201,10.03,10.07,9.78,9.87,9.89,-0.02,-0.2022,667.92,660.16,9.87,0.1304,0.1304,0.82,15.1086,13.5071,1.6133,1.794,1.7487,,,9672.0,5121.6271,5121.6271,95462.64,50550.4595
430418.BJ,20221130,9.9,10.01,9.81,9.89,9.88,0.01,0.1012,1168.74,1157.992,9.89,0.2282,0.2282,1.27,15.1392,13.5345,1.6166,1.7976,1.7522,,,9672.0,5121.6271,5121.6271,95656.08,50652.892
430418.BJ,20221129,9.9,9.91,9.78,9.88,9.87,0.01,0.1013,745.83,734.74,9.88,0.1456,0.1456,0.48,15.1239,13.5208,1.615,1.7958,1.7505,,,9672.0,5121.6271,5121.6271,95559.36,50601.6757
430418.BJ,20221128,10.08,10.08,9.76,9.87,9.86,0.01,0.1014,782.07,774.901,9.87,0.1527,0.1527,0.45,15.1086,13.5071,1.6133,1.794,1.7487,,,9672.0,5121.6271,5121.6271,95462.64,50550.4595
430418.BJ,20221125,9.98,9.99,9.76,9.86,9.97,-0.11,-1.1033,560.95,550.57,9.86,0.1095,0.1095,0.32,15.0933,13.4934,1.6117,1.7921,1.7469,,,9672.0,5121.6271,5121.6271,95365.92,50499.2432
430418.BJ,20221124,9.74,10.04,9.66,9.97,9.95,0.02,0.201,795.27,789.047,9.97,0.1553,0.1553,0.46,15.2617,13.644,1.6297,1.8121,1.7664,,,9672.0,5121.6271,5121.6271,96429.84,51062.6222
430418.BJ,20221123,9.9,10.0,9.8,9.95,9.9,0.05,0.5051,1707.89,1695.726,9.95,0.3335,0.3335,1.11,15.231,13.6166,1.6264,1.8085,1.7629,,,9672.0,5121.6271,5121.6271,96236.4,50960.1896
430418.BJ,20221122,9.49,9.97,9.49,9.9,9.63,0.27,2.8037,3889.2,3779.68,9.9,0.7594,0.7594,4.12,15.1545,13.5482,1.6182,1.7994,1.754,,,9672.0,5121.6271,5121.6271,95752.8,50704.1083
430418.BJ,20221121,9.5,9.69,9.47,9.63,9.37,0.26,2.7748,1675.92,1604.307,9.63,0.3272,0.3272,1.76,14.7412,13.1787,1.5741,1.7503,1.7062,,,9672.0,5121.6271,5121.6271,93141.36,49321.269
430418.BJ,20221118,9.4,9.4,9.32,9.37,9.4,-0.03,-0.3191,799.89,747.733,9.37,0.1562,0.1562,0.59,14.3432,12.8229,1.5316,1.7031,1.6601,,,9672.0,5121.6271,5121.6271,90626.64,47989.6459
430418.BJ,20221117,9.37,9.43,9.27,9.4,9.4,0.0,0.0,629.14,588.961,9.4,0.1228,0.1228,0.49,14.3891,12.8639,1.5365,1.7085,1.6654,,,9672.0,5121.6271,5121.6271,90916.8,48143.2947
430418.BJ,20221116,9.4,9.49,9.3,9.4,9.4,0.0,0.0,707.96,664.224,9.4,0.1382,0.1382,0.58,14.3891,12.8639,1.5365,1.7085,1.6654,,,9672.0,5121.6271,5121.6271,90916.8,48143.2947
430418.BJ,20221115,9.39,9.45,9.26,9.4,9.42,-0.02,-0.2123,907.83,853.517,9.4,0.1773,0.1773,0.73,14.3891,12.8639,1.5365,1.7085,1.6654,,,9672.0,5121.6271,5121.6271,90916.8,48143.2947
430418.BJ,20221114,9.49,9.49,9.34,9.42,9.45,-0.03,-0.3175,1719.15,1615.566,9.42,0.3357,0.3357,1.26,14.4197,12.8913,1.5398,1.7122,1.669,,,9672.0,5121.6271,5121.6271,91110.24,48245.7273
430418.BJ,20221111,9.53,9.53,9.27,9.45,9.34,0.11,1.1777,2793.6,2618.768,9.45,0.5455,0.5455,2.66,14.4657,12.9323,1.5447,1.7176,1.6743,,,9672.0,5121.6271,5121.6271,91400.4,48399.3761
430418.BJ,20221110,9.31,9.39,9.24,9.34,9.35,-0.01,-0.107,338.77,315.21,9.34,0.0661,0.0661,0.29,14.2973,12.7818,1.5267,1.6976,1.6548,,,9672.0,5121.6271,5121.6271,90336.48,47835.9971
430418.BJ,20221109,9.4,9.4,9.27,9.35,9.37,-0.02,-0.2134,364.2,338.812,9.35,0.0711,0.0711,0.3,14.3126,12.7955,1.5283,1.6994,1.6566,,,9672.0,5121.6271,5121.6271,90433.2,47887.2134
430418.BJ,20221108,9.35,9.44,9.24,9.37,9.38,-0.01,-0.1066,964.26,902.331,9.37,0.1883,0.1883,0.84,14.3432,12.8229,1.5316,1.7031,1.6601,,,9672.0,5121.6271,5121.6271,90626.64,47989.6459
430418.BJ,20221107,9.08,9.44,9.08,9.38,9.23,0.15,1.6251,2340.71,2178.753,9.38,0.457,0.457,2.71,14.3585,12.8366,1.5332,1.7049,1.6619,,,9672.0,5121.6271,5121.6271,90723.36,48040.8622
430418.BJ,20221104,9.1,9.28,9.03,9.23,9.1,0.13,1.4286,1242.39,1139.786,9.23,0.2426,0.2426,1.46,14.1289,12.6313,1.5087,1.6776,1.6353,,,9672.0,5121.6271,5121.6271,89272.56,47272.6181
430418.BJ,20221103,9.21,9.27,9.08,9.1,9.28,-0.18,-1.9397,864.27,793.554,9.1,0.1687,0.1687,1.06,13.9299,12.4534,1.4875,1.654,1.6123,,,9672.0,5121.6271,5121.6271,88015.2,46606.8066
430418.BJ,20221102,9.28,9.3,9.17,9.28,9.3,-0.02,-0.2151,669.72,618.063,9.28,0.1308,0.1308,0.79,14.2054,12.6997,1.5169,1.6867,1.6442,,,9672.0,5121.6271,5121.6271,89756.16,47528.6995
430418.BJ,20221101,9.28,9.32,9.15,9.3,9.31,-0.01,-0.1074,610.35,563.969,9.3,0.1192,0.1192,0.76,14.236,12.7271,1.5202,1.6904,1.6477,,,9672.0,5121.6271,5121.6271,89949.6,47631.132
430418.BJ,20221031,8.9,9.31,8.9,9.31,9.15,0.16,1.7486,932.27,858.843,9.15,0.2274,0.2274,,14.0064,12.5218,1.4956,1.6631,1.6211,,,9672.0,5121.6271,5121.6271,88498.8,46862.888
430418.BJ,20221028,9.13,9.19,9.08,9.15,9.12,0.03,0.3289,1164.51,1061.661,9.15,0.2274,0.2274,1.99,14.0064,12.5218,1.4956,1.6631,1.6211,,,9672.0,5121.6271,5121.6271,88498.8,46862.888
430418.BJ,20221027,9.2,9.2,9.04,9.12,9.09,0.03,0.33,687.99,624.856,9.12,0.1343,0.1343,1.42,13.9605,13.4572,1.55,1.6576,1.6793,,,9672.0,5121.6271,5121.6271,88208.64,46709.2392
430418.BJ,20221026,9.04,9.24,9.0,9.09,9.13,-0.04,-0.4381,840.44,765.035,9.09,0.1641,0.1641,1.24,13.9146,13.4129,1.5449,1.6522,1.6737,,,9672.0,5121.6271,5121.6271,87918.48,46555.5903
430418.BJ,20221025,9.02,9.15,9.0,9.13,9.15,-0.02,-0.2186,404.44,365.122,9.13,0.079,0.079,0.49,13.9758,13.4719,1.5517,1.6595,1.6811,,,9672.0,5121.6271,5121.6271,88305.36,46760.4554
430418.BJ,20221024,9.23,9.24,9.04,9.15,9.18,-0.03,-0.3268,551.0,504.954,9.15,0.1076,0.1076,0.56,14.0064,13.5015,1.5551,1.6631,1.6848,,,9672.0,5121.6271,5121.6271,88498.8,46862.888
430418.BJ,20221021,9.24,9.24,9.05,9.18,9.16,0.02,0.2183,441.25,403.444,9.18,0.0862,0.0862,0.41,14.0524,13.5457,1.5602,1.6685,1.6903,,,9672.0,5121.6271,5121.6271,88788.96,47016.5368
430418.BJ,20221020,9.07,9.22,9.07,9.16,9.24,-0.08,-0.8658,184.25,168.158,9.16,0.036,0.036,0.13,14.0217,13.5162,1.5568,1.6649,1.6866,,,9672.0,5121.6271,5121.6271,88595.52,46914.1042
430418.BJ,20221019,9.24,9.24,8.99,9.24,9.23,0.01,0.1083,1800.84,1638.699,9.24,0.3516,0.3516,1.24,14.1442,13.6343,1.5704,1.6794,1.7014,,,9672.0,5121.6271,5121.6271,89369.28,47323.8344
430418.BJ,20221018,9.23,9.25,9.1,9.23,9.3,-0.07,-0.7527,1143.8,1050.614,9.23,0.2233,0.2233,0.58,14.1289,13.6195,1.5687,1.6776,1.6995,,,9672.0,5121.6271,5121.6271,89272.56,47272.6181
430418.BJ,20221017,9.3,9.46,9.13,9.3,9.36,-0.06,-0.641,1341.59,1236.077,9.3,0.2619,0.2619,0.59,14.236,13.7228,1.5806,1.6904,1.7124,,,9672.0,5121.6271,5121.6271,89949.6,47631.132
430418.BJ,20221014,9.54,9.54,9.31,9.36,9.39,-0.03,-0.3195,881.77,826.692,9.36,0.1722,0.1722,0.35,14.3279,13.8113,1.5908,1.7013,1.7234,,,9672.0,5121.6271,5121.6271,90529.92,47938.4297
430418.BJ,20221013,9.12,9.55,9.11,9.39,9.38,0.01,0.1066,1895.93,1763.838,9.39,0.3702,0.3702,0.8,14.3738,13.8556,1.5959,1.7067,1.729,,,9672.0,5121.6271,5121.6271,90820.08,48092.0785
430418.BJ,20221012,9.48,9.48,9.04,9.38,9.48,-0.1,-1.0549,1983.6,1843.836,9.38,0.3873,0.3873,0.78,14.3585,13.8408,1.5942,1.7049,1.7271,,,9672.0,5121.6271,5121.6271,90723.36,48040.8622
430418.BJ,20221011,9.18,9.55,9.17,9.48,9.18,0.3,3.268,3832.68,3592.167,9.48,0.7483,0.7483,1.56,14.5116,13.9884,1.6112,1.7231,1.7455,,,9672.0,5121.6271,5121.6271,91690.56,48553.0249
430418.BJ,20221010,8.81,9.18,8.6,9.18,8.99,0.19,2.1135,2776.47,2512.287,9.18,0.5421,0.5421,1.14,14.0524,13.5457,1.5602,1.6685,1.6903,,,9672.0,5121.6271,5121.6271,88788.96,47016.5368
430418.BJ,20220930,8.7,9.1,8.7,8.99,8.9,0.09,1.0112,1969.93,1769.241,8.99,0.3846,0.3846,0.57,13.7615,13.2654,1.5279,1.634,1.6553,,,9672.0,5121.6271,5121.6271,86951.28,46043.4276
430418.BJ,20220929,8.91,9.01,8.75,8.9,9.07,-0.17,-1.8743,1226.15,1086.774,8.9,0.2394,0.2394,0.25,13.6237,13.1326,1.5126,1.6176,1.6387,,,9672.0,5121.6271,5121.6271,86080.8,45582.4812
430418.BJ,20220928,9.05,9.1,8.78,9.07,9.05,0.02,0.221,2933.19,2645.808,9.07,0.5727,0.5727,0.37,13.884,13.3834,1.5415,1.6485,1.67,,,9672.0,5121.6271,5121.6271,87725.04,46453.1578
430418.BJ,20220927,8.87,9.11,8.71,9.05,8.84,0.21,2.3756,3408.49,3045.101,9.05,0.6655,0.6655,0.37,13.8534,13.3539,1.5381,1.6449,1.6664,,,9672.0,5121.6271,5121.6271,87531.6,46350.7253
430418.BJ,20220926,9.0,9.01,8.71,8.84,9.06,-0.22,-2.4283,2625.3,2313.964,8.84,0.5126,0.5126,0.29,13.5319,13.044,1.5024,1.6067,1.6277,,,9672.0,5121.6271,5121.6271,85500.48,45275.1836
430418.BJ,20220923,9.7,9.7,8.9,9.06,9.6,-0.54,-5.625,7130.78,6483.532,9.06,1.3923,1.3923,0.84,13.8687,13.3687,1.5398,1.6467,1.6682,,,9672.0,5121.6271,5121.6271,87628.32,46401.9415
430418.BJ,20220922,9.81,10.02,9.5,9.6,9.94,-0.34,-3.4205,8749.59,8495.274,9.6,1.7084,1.7084,1.25,14.6953,14.1655,1.6316,1.7449,1.7676,,,9672.0,5121.6271,5121.6271,92851.2,49167.6202
430418.BJ,20220921,9.3,10.38,9.3,9.94,9.6,0.34,3.5417,18116.82,18215.38,9.94,3.5373,3.5373,5.2,15.2157,14.6672,1.6894,1.8067,1.8302,,,9672.0,5121.6271,5121.6271,96139.68,50908.9734
430418.BJ,20220920,8.43,9.97,8.43,9.6,8.69,0.91,10.4718,10057.96,9427.187,9.6,1.9638,1.9638,6.55,14.6953,14.1655,1.6316,1.7449,1.7676,,,9672.0,5121.6271,5121.6271,92851.2,49167.6202
430418.BJ,20220919,8.69,8.69,8.42,8.69,8.5,0.19,2.2353,1941.82,1666.061,8.69,0.3791,0.3791,1.59,13.3023,12.8227,1.4769,1.5795,1.6001,,,9672.0,5121.6271,5121.6271,84049.68,44506.9395
430418.BJ,20220916,8.25,8.78,8.25,8.5,8.34,0.16,1.9185,3818.97,3276.165,8.5,0.7457,0.7457,7.03,13.0114,12.5423,1.4447,1.5449,1.5651,,,9672.0,5121.6271,5121.6271,82212.0,43533.8304
430418.BJ,20220915,8.44,8.48,8.21,8.34,8.42,-0.08,-0.9501,1040.09,862.528,8.34,0.2031,0.2031,2.9,12.7665,12.3062,1.4175,1.5159,1.5356,,,9672.0,5121.6271,5121.6271,80664.48,42714.37
430418.BJ,20220914,8.41,8.42,8.27,8.42,8.32,0.1,1.2019,569.86,475.793,8.42,0.1113,0.1113,1.72,12.889,12.4243,1.4311,1.5304,1.5504,,,9672.0,5121.6271,5121.6271,81438.24,43124.1002
430418.BJ,20220913,8.43,8.43,8.31,8.32,8.33,-0.01,-0.12,307.31,256.211,8.32,0.06,0.06,0.52,12.7359,12.2767,1.4141,1.5122,1.532,,,9672.0,5121.6271,5121.6271,80471.04,42611.9375
430418.BJ,20220909,8.4,8.4,8.24,8.33,8.39,-0.06,-0.7151,354.15,292.932,8.33,0.0691,0.0691,0.66,12.7512,12.2915,1.4158,1.514,1.5338,,,9672.0,5121.6271,5121.6271,80567.76,42663.1537
430418.BJ,20220908,8.41,8.41,8.28,8.39,8.4,-0.01,-0.119,444.55,369.472,8.39,0.0868,0.0868,0.86,12.8431,12.38,1.426,1.525,1.5448,,,9672.0,5121.6271,5121.6271,81148.08,42970.4514
430418.BJ,20220907,8.36,8.43,8.36,8.4,8.42,-0.02,-0.2375,116.55,97.794,8.4,0.0228,0.0228,0.22,12.8584,12.3948,1.4277,1.5268,1.5467,,,9672.0,5121.6271,5121.6271,81244.8,43021.6676
430418.BJ,20220906,8.33,8.42,8.33,8.42,8.42,0.0,0.0,431.1,361.208,8.42,0.0842,0.0842,0.74,12.889,12.4243,1.4311,1.5304,1.5504,,,9672.0,5121.6271,5121.6271,81438.24,43124.1002
430418.BJ,20220905,8.43,8.56,8.23,8.42,8.42,0.0,0.0,1581.83,1313.222,8.42,0.3089,0.3089,3.5,12.889,12.4243,1.4311,1.5304,1.5504,,,9672.0,5121.6271,5121.6271,81438.24,43124.1002
430418.BJ,20220902,8.44,8.44,8.32,8.42,8.38,0.04,0.4773,95.82,80.381,8.42,0.0187,0.0187,0.18,12.889,12.4243,1.4311,1.5304,1.5504,,,9672.0,5121.6271,5121.6271,81438.24,43124.1002
430418.BJ,20220901,8.39,8.5,8.36,8.38,8.5,-0.12,-1.4118,360.9,302.309,8.38,0.0705,0.0705,0.66,12.8277,12.3653,1.4243,1.5231,1.543,,,9672.0,5121.6271,5121.6271,81051.36,42919.2351
430418.BJ,20220831,8.4,8.54,8.39,8.5,8.53,-0.03,-0.3517,213.09,179.338,8.5,0.0416,0.0416,0.28,13.0114,12.5423,1.4447,1.5449,1.5651,,,9672.0,5121.6271,5121.6271,82212.0,43533.8304
430418.BJ,20220830,8.42,8.55,8.41,8.53,8.5,0.03,0.3529,652.3,554.153,8.53,0.1274,0.1274,0.79,13.0574,12.5866,1.4498,1.5504,1.5706,,,9672.0,5121.6271,5121.6271,82502.16,43687.4792
430418.BJ,20220829,8.45,8.57,8.38,8.5,8.5,0.0,0.0,935.82,791.642,8.5,0.1827,0.1827,1.23,13.0114,12.5423,1.4447,1.5449,1.5651,,,9672.0,5121.6271,5121.6271,82212.0,43533.8304
430418.BJ,20220826,8.58,8.58,8.35,8.5,8.45,0.05,0.5917,434.91,367.653,8.5,0.0849,0.0849,0.48,13.0114,12.5423,1.4447,1.5449,1.5651,,,9672.0,5121.6271,5121.6271,82212.0,43533.8304
430418.BJ,20220825,8.53,8.6,8.26,8.45,8.49,-0.04,-0.4711,482.06,402.555,8.45,0.0941,0.0941,0.54,12.9349,12.4686,1.4362,1.5359,1.5559,,,9672.0,5121.6271,5121.6271,81728.4,43277.749
430418.BJ,20220824,8.57,8.57,8.3,8.49,8.6,-0.11,-1.2791,1298.43,1089.528,8.49,0.2535,0.2535,1.95,12.9961,12.5276,1.443,1.5431,1.5633,,,9672.0,5121.6271,5121.6271,82115.28,43482.6141
430418.BJ,20220823,8.64,8.69,8.56,8.6,8.54,0.06,0.7026,994.26,858.255,8.6,0.1941,0.1941,1.78,13.1645,12.6899,1.4616,1.5631,1.5835,,,9672.0,5121.6271,5121.6271,83179.2,44045.9931
430418.BJ,20220822,8.71,8.71,8.51,8.54,8.66,-0.12,-1.3857,579.1,495.112,8.54,0.1131,0.1131,1.08,13.0727,13.9098,1.5054,1.5522,1.5331,,,9672.0,5121.6271,5121.6271,82598.88,43738.6954
430418.BJ,20220819,8.58,8.79,8.51,8.66,8.6,0.06,0.6977,1217.02,1053.173,8.66,0.2376,0.2457,2.46,13.2564,14.1052,1.5265,1.574,1.5546,,,9672.0,5121.6271,4953.7771,83759.52,44353.2907
430418.BJ,20220818,8.77,8.77,8.58,8.6,8.76,-0.16,-1.8265,400.13,345.559,8.6,0.0781,0.0808,0.6,13.1645,14.0075,1.516,1.5631,1.5439,,,9672.0,5121.6271,4953.7771,83179.2,44045.9931
430418.BJ,20220817,8.74,8.77,8.62,8.76,8.77,-0.01,-0.114,145.28,126.819,8.76,0.0284,0.0293,0.2,13.4094,14.2681,1.5442,1.5922,1.5726,,,9672.0,5121.6271,4953.7771,84726.72,44865.4534
430418.BJ,20220816,8.68,8.84,8.5,8.77,8.8,-0.03,-0.3409,443.79,382.274,8.77,0.0867,0.0896,0.57,13.4247,14.2844,1.5459,1.594,1.5744,,,9672.0,5121.6271,4953.7771,84823.44,44916.6697
430418.BJ,20220815,8.76,8.81,8.66,8.8,8.74,0.06,0.6865,479.47,418.181,8.8,0.0936,0.0968,0.68,13.4707,14.3333,1.5512,1.5995,1.5798,,,9672.0,5121.6271,4953.7771,85113.6,45070.3185
430418.BJ,20220812,8.78,8.86,8.68,8.74,8.74,0.0,0.0,1009.83,889.301,8.74,0.1972,0.2039,1.51,13.3788,14.2355,1.5406,1.5886,1.569,,,9672.0,5121.6271,4953.7771,84533.28,44763.0209
430418.BJ,20220811,8.54,8.79,8.54,8.74,8.54,0.2,2.3419,1279.82,1112.154,8.74,0.2499,0.2584,2.5,13.3788,14.2355,1.5406,1.5886,1.569,,,9672.0,5121.6271,4953.7771,84533.28,44763.0209
430418.BJ,20220810,8.55,8.56,8.38,8.54,8.49,0.05,0.5889,445.81,378.693,8.54,0.087,0.09,0.67,13.0727,13.9098,1.5054,1.5522,1.5331,,,9672.0,5121.6271,4953.7771,82598.88,43738.6954
430418.BJ,20220809,8.39,8.53,8.33,8.49,8.33,0.16,1.9208,708.73,598.974,8.49,0.1384,0.1431,0.99,12.9961,13.8283,1.4966,1.5431,1.5241,,,9672.0,5121.6271,4953.7771,82115.28,43482.6141
430418.BJ,20220808,8.35,8.36,8.17,8.33,8.33,0.0,0.0,106.49,88.432,8.33,0.0208,0.0215,0.14,12.7512,13.5677,1.4684,1.514,1.4954,,,9672.0,5121.6271,4953.7771,80567.76,42663.1537
430418.BJ,20220805,8.24,8.35,8.15,8.33,8.23,0.1,1.2151,809.08,670.161,8.33,0.158,0.1633,1.19,12.7512,13.5677,1.4684,1.514,1.4954,,,9672.0,5121.6271,4953.7771,80567.76,42663.1537
430418.BJ,20220804,8.16,8.26,8.12,8.23,8.28,-0.05,-0.6039,484.8,397.925,8.23,0.0947,0.0979,0.72,12.5981,13.4049,1.4507,1.4959,1.4775,,,9672.0,5121.6271,4953.7771,79600.56,42150.991
430418.BJ,20220803,8.33,8.43,8.14,8.28,8.33,-0.05,-0.6002,1226.23,1003.365,8.28,0.2394,0.2475,2.18,12.6747,13.4863,1.4596,1.505,1.4864,,,9672.0,5121.6271,4953.7771,80084.16,42407.0724
430418.BJ,20220802,8.5,8.5,8.17,8.33,8.5,-0.17,-2.0,952.71,783.42,8.33,0.186,0.1923,1.87,12.7512,13.5677,1.4684,1.514,1.4954,,,9672.0,5121.6271,4953.7771,80567.76,42663.1537
430418.BJ,20220801,8.58,8.58,8.34,8.5,8.45,0.05,0.5917,240.41,203.513,8.5,0.0469,0.0485,0.5,13.0114,13.8446,1.4983,1.5449,1.5259,,,9672.0,5121.6271,4953.7771,82212.0,43533.8304
430418.BJ,20220729,8.5,8.6,8.4,8.45,8.49,-0.04,-0.4711,498.4,424.732,8.45,0.0973,0.1006,1.04,12.9349,13.7632,1.4895,1.5359,1.5169,,,9672.0,5121.6271,4953.7771,81728.4,43277.749
430418.BJ,20220728,8.53,8.61,8.33,8.49,8.42,0.07,0.8314,453.63,385.079,8.49,0.0886,0.0916,0.79,12.9961,13.8283,1.4966,1.5431,1.5241,,,9672.0,5121.6271,4953.7771,82115.28,43482.6141
430418.BJ,20220727,8.33,8.53,8.29,8.42,8.28,0.14,1.6908,672.28,562.974,8.42,0.1313,0.1357,1.21,12.889,13.7143,1.4842,1.5304,1.5116,,,9672.0,5121.6271,4953.7771,81438.24,43124.1002
430418.BJ,20220726,8.25,8.28,8.1,8.28,8.3,-0.02,-0.241,676.06,552.121,8.28,0.132,0.1365,1.02,12.6747,13.4863,1.4596,1.505,1.4864,,,9672.0,5121.6271,4953.7771,80084.16,42407.0724
430418.BJ,20220725,8.3,8.35,8.28,8.3,8.35,-0.05,-0.5988,90.23,74.85,8.3,0.0176,0.0182,0.11,12.7053,13.5189,1.4631,1.5086,1.49,,,9672.0,5121.6271,4953.7771,80277.6,42509.5049
430418.BJ,20220722,8.35,8.45,8.28,8.35,8.34,0.01,0.1199,513.75,426.912,8.35,0.1108,0.1138,0.65,12.7818,13.6003,1.4719,1.5177,1.499,,,9672.0,4638.6871,4514.4871,80761.2,38733.0373
430418.BJ,20220721,8.36,8.41,8.31,8.34,8.42,-0.08,-0.9501,923.5,773.011,8.34,0.1991,0.2046,1.4,12.7665,13.584,1.4701,1.5159,1.4972,,,9672.0,4638.6871,4514.4871,80664.48,38686.6504
430418.BJ,20220720,8.42,8.51,8.3,8.42,8.42,0.0,0.0,565.1,476.308,8.42,0.1218,0.1252,0.99,12.889,13.7143,1.4842,1.5304,1.5116,,,9672.0,4638.6871,4514.4871,81438.24,39057.7454
430418.BJ,20220719,8.56,8.56,8.4,8.42,8.56,-0.14,-1.6355,1209.53,1023.133,8.42,0.2607,0.2679,2.78,12.889,13.7143,1.4842,1.5304,1.5116,,,9672.0,4638.6871,4514.4871,81438.24,39057.7454
430418.BJ,20220718,8.68,8.68,8.54,8.56,8.66,-0.1,-1.1547,1028.47,882.064,8.56,0.2217,0.2278,2.67,13.1033,13.9424,1.5089,1.5558,1.5367,,,9672.0,4638.6871,4514.4871,82792.32,39707.1616
430418.BJ,20220715,8.61,8.81,8.61,8.66,8.69,-0.03,-0.3452,227.11,196.612,8.66,0.049,0.0503,0.63,13.2564,14.1052,1.5265,1.574,1.5546,,,9672.0,4638.6871,4514.4871,83759.52,40171.0303
430418.BJ,20220714,8.7,8.7,8.63,8.69,8.74,-0.05,-0.5721,276.62,239.746,8.69,0.0596,0.0613,0.78,13.3023,14.1541,1.5318,1.5795,1.56,,,9672.0,4638.6871,4514.4871,84049.68,40310.1909
430418.BJ,20220713,8.77,8.77,8.65,8.74,8.74,0.0,0.0,124.02,107.854,8.74,0.0267,0.0275,0.27,13.3788,14.2355,1.5406,1.5886,1.569,,,9672.0,4638.6871,4514.4871,84533.28,40542.1253
430418.BJ,20220712,8.77,8.8,8.63,8.74,8.8,-0.06,-0.6818,522.38,453.595,8.74,0.1126,0.1157,1.22,13.3788,14.2355,1.5406,1.5886,1.569,,,9672.0,4638.6871,4514.4871,84533.28,40542.1253
430418.BJ,20220711,9.02,9.02,8.61,8.8,8.9,-0.1,-1.1236,774.64,675.65,8.8,0.167,0.1716,2.59,13.4707,14.3333,1.5512,1.5995,1.5798,,,9672.0,4638.6871,4514.4871,85113.6,40820.4465
430418.BJ,20220708,8.83,8.9,8.83,8.9,8.9,0.0,0.0,106.4,94.243,8.9,0.0229,0.0236,0.28,13.6237,14.4961,1.5688,1.6176,1.5977,,,9672.0,4638.6871,4514.4871,86080.8,41284.3152
430418.BJ,20220707,9.08,9.08,8.83,8.9,8.9,0.0,0.0,242.62,216.487,8.9,0.0523,0.0537,0.55,13.6237,14.4961,1.5688,1.6176,1.5977,,,9672.0,4638.6871,4514.4871,86080.8,41284.3152
430418.BJ,20220706,8.96,8.96,8.75,8.9,8.84,0.06,0.6787,636.18,564.623,8.9,0.1371,0.1409,1.3,13.6237,14.4961,1.5688,1.6176,1.5977,,,9672.0,4638.6871,4514.4871,86080.8,41284.3152
430418.BJ,20220705,8.84,8.87,8.76,8.84,8.84,0.0,0.0,380.7,335.35,8.84,0.0821,0.0843,0.5,13.5319,14.3984,1.5583,1.6067,1.587,,,9672.0,4638.6871,4514.4871,85500.48,41005.994
430418.BJ,20220704,8.8,8.9,8.8,8.84,8.94,-0.1,-1.1186,130.6,115.467,8.84,0.0282,0.0289,0.16,13.5319,14.3984,1.5583,1.6067,1.587,,,9672.0,4638.6871,4514.4871,85500.48,41005.994
430418.BJ,20220701,8.9,8.96,8.84,8.94,8.9,0.04,0.4494,502.2,445.368,8.94,0.1083,0.1112,0.6,13.685,14.5613,1.5759,1.6249,1.6049,,,9672.0,4638.6871,4514.4871,86467.68,41469.8627
430418.BJ,20220630,9.04,9.04,8.88,8.9,9.0,-0.1,-1.1111,546.57,488.495,8.9,0.1178,0.1211,0.65,13.6237,14.4961,1.5688,1.6176,1.5977,,,9672.0,4638.6871,4514.4871,86080.8,41284.3152
430418.BJ,20220629,9.13,9.19,8.88,9.0,9.15,-0.15,-1.6393,887.93,798.395,9.0,0.1914,0.1967,1.21,13.7768,14.659,1.5865,1.6358,1.6157,,,9672.0,4638.6871,4514.4871,87048.0,41748.1839
430418.BJ,20220628,8.82,9.19,8.8,9.15,8.79,0.36,4.0956,1744.2,1577.814,9.15,0.376,0.3864,3.15,14.0064,14.9033,1.6129,1.6631,1.6426,,,9672.0,4638.6871,4514.4871,88498.8,42443.987
430418.BJ,20220627,8.7,8.81,8.65,8.79,8.7,0.09,1.0345,473.93,413.4,8.79,0.1022,0.105,0.8,13.4554,14.317,1.5495,1.5977,1.578,,,9672.0,4638.6871,4514.4871,85016.88,40774.0596
430418.BJ,20220624,8.75,8.82,8.63,8.7,8.87,-0.17,-1.9166,507.73,442.135,8.7,0.1095,0.1125,0.68,13.3176,14.1704,1.5336,1.5813,1.5618,,,9672.0,4638.6871,4514.4871,84146.4,40356.5778
430418.BJ,20220623,8.85,8.87,8.65,8.87,8.85,0.02,0.226,585.41,512.391,8.87,0.1262,0.1297,0.85,13.5778,14.4473,1.5636,1.6122,1.5923,,,9672.0,4638.6871,4514.4871,85790.64,41145.1546
430418.BJ,20220622,8.88,8.88,8.8,8.85,8.83,0.02,0.2265,345.93,304.594,8.85,0.0746,0.0766,0.49,13.5472,14.4147,1.56,1.6086,1.5888,,,9672.0,4638.6871,4514.4871,85597.2,41052.3808
430418.BJ,20220621,9.0,9.1,8.8,8.83,8.99,-0.16,-1.7798,851.49,756.329,8.83,0.1836,0.1886,1.17,13.5166,14.3821,1.5565,1.6049,1.5852,,,9672.0,4638.6871,4514.4871,85403.76,40959.6071
430418.BJ,20220620,8.87,9.2,8.85,8.99,9.0,-0.01,-0.1111,677.4,603.125,8.99,0.146,0.1501,0.96,13.7615,14.6427,1.5847,1.634,1.6139,,,9672.0,4638.6871,4514.4871,86951.28,41701.797
430418.BJ,20220617,9.04,9.1,8.92,9.0,9.1,-0.1,-1.0989,1247.25,1129.562,9.0,0.2689,0.2763,2.28,13.7768,14.659,1.5865,1.6358,1.6157,,,9672.0,4638.6871,4514.4871,87048.0,41748.1839
430418.BJ,20220616,9.06,9.19,9.03,9.1,9.07,0.03,0.3308,326.91,297.387,9.1,0.0705,0.0724,0.6,13.9299,14.8219,1.6041,1.654,1.6336,,,9672.0,4638.6871,4514.4871,88015.2,42212.0526
430418.BJ,20220615,9.02,9.17,9.02,9.07,9.13,-0.06,-0.6572,441.64,401.235,9.07,0.0952,0.0978,0.88,13.884,14.773,1.5988,1.6485,1.6283,,,9672.0,4638.6871,4514.4871,87725.04,42072.892
430418.BJ,20220614,9.0,9.34,8.95,9.13,9.08,0.05,0.5507,941.65,848.154,9.13,0.203,0.2086,2.47,13.9758,14.8708,1.6094,1.6595,1.639,,,9672.0,4638.6871,4514.4871,88305.36,42351.2132
430418.BJ,20220613,9.07,9.19,8.88,9.08,9.2,-0.12,-1.3043,586.33,527.451,9.08,0.1264,0.1299,1.81,13.8993,14.7893,1.6006,1.6504,1.63,,,9672.0,4638.6871,4514.4871,87821.76,42119.2789
430418.BJ,20220610,9.26,9.45,9.07,9.2,9.27,-0.07,-0.7551,443.09,405.37,9.2,0.0955,0.0981,1.37,14.083,14.9848,1.6217,1.6722,1.6516,,,9672.0,4638.6871,4514.4871,88982.4,42675.9213
430418.BJ,20220609,9.31,9.32,9.06,9.27,9.27,0.0,0.0,289.6,265.3,9.27,0.0624,0.0641,0.91,14.1901,15.0988,1.6341,1.6849,1.6642,,,9672.0,4638.6871,4514.4871,89659.44,43000.6294
430418.BJ,20220608,9.13,9.38,9.13,9.27,9.28,-0.01,-0.1078,252.55,232.306,9.27,0.0544,0.0559,0.84,14.1901,15.0988,1.6341,1.6849,1.6642,,,9672.0,4638.6871,4514.4871,89659.44,43000.6294
430418.BJ,20220607,9.41,9.41,9.17,9.28,9.25,0.03,0.3243,335.33,309.694,9.28,0.0723,0.0743,1.1,14.2054,15.1151,1.6358,1.6867,1.666,,,9672.0,4638.6871,4514.4871,89756.16,43047.0163
430418.BJ,20220606,9.19,9.28,9.1,9.25,9.16,0.09,0.9825,299.21,276.036,9.25,0.0645,0.0663,0.97,14.1595,15.0662,1.6305,1.6813,1.6606,,,9672.0,4638.6871,4514.4871,89466.0,42907.8557
430418.BJ,20220602,9.17,9.17,9.1,9.16,9.22,-0.06,-0.6508,440.94,402.501,9.16,0.0951,0.0977,1.58,14.0217,14.9196,1.6147,1.6649,1.6444,,,9672.0,4638.6871,4514.4871,88595.52,42490.3738
430418.BJ,20220601,9.22,9.26,9.22,9.22,9.22,0.0,0.0,261.0,241.337,9.22,0.0563,0.0578,0.98,14.1136,15.0173,1.6252,1.6758,1.6552,,,9672.0,4638.6871,4514.4871,89175.84,42768.6951
430418.BJ,20220531,9.35,9.35,9.11,9.22,9.15,0.07,0.765,174.47,160.81,9.22,0.0376,0.0386,0.65,14.1136,15.0173,1.6252,1.6758,1.6552,,,9672.0,4638.6871,4514.4871,89175.84,42768.6951
430418.BJ,20220530,9.29,9.29,9.09,9.15,9.1,0.05,0.5495,345.43,317.89,9.15,0.0745,0.0765,1.61,14.0064,14.9033,1.6129,1.6631,1.6426,,,9672.0,4638.6871,4514.4871,88498.8,42443.987
430418.BJ,20220527,11.23,11.32,11.2,11.22,11.23,-0.01,-0.089,325.58,366.456,11.22,0.0842,0.0842,1.85,14.3126,15.2291,1.5786,1.6994,1.6785,,,8060.0,3865.5726,3865.5726,90433.2,43371.7246
430418.BJ,20220526,11.24,11.36,11.21,11.23,11.26,-0.03,-0.2664,287.34,323.852,11.23,0.0743,0.0743,1.24,14.3253,15.2427,1.58,1.701,1.68,,,8060.0,3865.5726,3865.5726,90513.8,43410.3803
430418.BJ,20220525,11.12,11.31,11.05,11.26,11.3,-0.04,-0.354,195.62,218.577,11.26,0.0506,0.0506,0.82,14.3636,15.2834,1.5842,1.7055,1.6845,,,8060.0,3865.5726,3865.5726,90755.6,43526.3475
430418.BJ,20220524,11.36,11.36,11.02,11.3,11.33,-0.03,-0.2648,194.39,218.563,11.3,0.0503,0.0503,0.37,14.4146,15.3377,1.5899,1.7116,1.6905,,,8060.0,3865.5726,3865.5726,91078.0,43680.9704
430418.BJ,20220523,11.1,11.38,11.1,11.33,11.35,-0.02,-0.1762,67.0,74.77,11.33,0.0173,0.0173,0.1,14.4529,15.3784,1.5941,1.7161,1.695,,,8060.0,3865.5726,3865.5726,91319.8,43796.9376
430418.BJ,20220520,11.1,11.39,11.1,11.35,11.39,-0.04,-0.3512,135.0,152.769,11.35,0.0349,0.0349,0.16,14.4784,15.4055,1.5969,1.7191,1.698,,,8060.0,3865.5726,3865.5726,91481.0,43874.249
430418.BJ,20220519,11.25,11.4,10.86,11.39,11.28,0.11,0.9752,562.63,631.875,11.39,0.1455,0.1455,0.75,14.5294,15.4598,1.6025,1.7252,1.7039,,,8060.0,3865.5726,3865.5726,91803.4,44028.8719
430418.BJ,20220518,11.29,11.32,11.18,11.28,11.23,0.05,0.4452,236.85,266.057,11.28,0.0613,0.0613,0.3,14.3891,15.3105,1.587,1.7085,1.6875,,,8060.0,3865.5726,3865.5726,90916.8,43603.6589
430418.BJ,20220517,11.29,11.34,11.1,11.23,11.1,0.13,1.1712,1643.27,1832.581,11.23,0.4251,0.4251,2.69,14.3253,15.2427,1.58,1.701,1.68,,,8060.0,3865.5726,3865.5726,90513.8,43410.3803
430418.BJ,20220516,11.03,11.2,11.03,11.1,11.11,-0.01,-0.09,731.68,813.538,11.1,0.1893,0.1893,1.43,14.1595,15.0662,1.5617,1.6813,1.6606,,,8060.0,3865.5726,3865.5726,89466.0,42907.8559
430418.BJ,20220513,10.64,11.2,10.6,11.11,10.79,0.32,2.9657,1060.48,1164.833,11.11,0.2743,0.2743,2.68,14.1723,15.0798,1.5631,1.6828,1.6621,,,8060.0,3865.5726,3865.5726,89546.6,42946.5116
430418.BJ,20220512,10.58,10.87,10.54,10.79,10.81,-0.02,-0.185,65.48,69.571,10.79,0.0169,0.0169,0.12,13.7641,14.6454,1.5181,1.6343,1.6142,,,8060.0,3865.5726,3865.5726,86967.4,41709.5284
430418.BJ,20220511,10.52,10.85,10.52,10.81,10.75,0.06,0.5581,453.44,487.858,10.81,0.1173,0.1173,0.76,13.7896,14.6726,1.5209,1.6373,1.6172,,,8060.0,3865.5726,3865.5726,87128.6,41786.8398
430418.BJ,20220510,10.42,10.75,10.42,10.75,10.78,-0.03,-0.2783,738.16,784.009,10.75,0.191,0.191,1.34,13.713,14.5911,1.5125,1.6282,1.6082,,,8060.0,3865.5726,3865.5726,86645.0,41554.9055
430418.BJ,20220509,10.49,10.89,10.49,10.78,10.91,-0.13,-1.1916,240.26,256.654,10.78,0.0622,0.0622,0.3,13.7513,14.6319,1.5167,1.6328,1.6127,,,8060.0,3865.5726,3865.5726,86886.8,41670.8726
430418.BJ,20220506,10.72,10.96,10.41,10.91,10.74,0.17,1.5829,482.73,518.654,10.91,0.1249,0.1249,0.6,13.9171,14.8083,1.535,1.6525,1.6321,,,8060.0,3865.5726,3865.5726,87934.6,42173.3971
430418.BJ,20220505,10.42,10.76,10.33,10.74,10.43,0.31,2.9722,842.67,890.616,10.74,0.218,0.218,1.15,13.7003,14.5776,1.5111,1.6267,1.6067,,,8060.0,3865.5726,3865.5726,86564.4,41516.2497
430418.BJ,20220429,10.57,10.6,10.09,10.43,10.36,0.07,0.6757,693.99,717.891,10.43,0.1795,0.1795,1.09,13.3048,14.1568,1.4674,1.5798,1.5603,,,8060.0,3865.5726,3865.5726,84065.8,40317.9222
430418.BJ,20220428,10.25,10.51,10.02,10.36,10.5,-0.14,-1.3333,493.19,502.446,10.36,0.1276,0.1276,0.81,13.2155,14.0618,1.4576,1.5692,1.5499,,,8060.0,3865.5726,3865.5726,83501.6,40047.3321
430418.BJ,20220427,10.01,10.8,10.01,10.5,10.01,0.49,4.8951,1432.71,1496.072,10.5,0.3601,0.3601,4.11,13.3941,13.3941,1.5148,1.5904,1.5904,,,8060.0,3979.0926,3979.0926,84630.0,41780.4723
