股票代码,交易日期,开盘价,最高价,最低价,收盘价,昨收价【除权价，前复权】,涨跌额,涨跌幅 【基于除权后的昨收计算的涨跌幅：（今收-除权昨收）/除权昨收 】,成交量,成交额（千元）,close_y,换手率,换手率（自由流通股）,量比,市盈率（总市值/净利润，亏损的PE为空）,市盈率（TTM，亏损的PE为空）,市净率（总市值/净资产）,市销率,市销率（TTM）,股息率 （%）,股息率（TTM）（%）,总股本 （万股）,流通股本 （万股）,自由流通股本 （万）,总市值 （万元）,流通市值（万元）
603236.SH,20250709,85.99,86.92,85.21,86.33,86.61,-0.28,-0.3233,63257.64,544087.906,86.33,2.4176,3.1719,0.77,38.4018,30.3063,5.461,1.2148,1.1373,0.4286,0.7877,26165.7654,26165.7654,19943.0205,2258890.527,2258890.527
603236.SH,20250708,82.99,86.78,82.99,86.61,82.7,3.91,4.7279,101745.73,869774.981,86.61,3.8885,5.1018,1.22,38.5264,30.4046,5.4787,1.2188,1.141,0.4272,0.7851,26165.7654,26165.7654,19943.0205,2266216.9413,2266216.9413
603236.SH,20250707,83.63,84.78,81.96,82.7,84.58,-1.88,-2.2227,63325.84,523733.358,82.7,2.4202,3.1753,0.69,36.7871,29.032,5.2314,1.1638,1.0895,0.4474,0.8222,26165.7654,26165.7654,19943.0205,2163908.7986,2163908.7986
603236.SH,20250704,85.34,86.0,84.23,84.58,85.7,-1.12,-1.3069,65598.57,556985.65,84.58,2.507,3.2893,0.71,37.6234,29.692,5.3503,1.1902,1.1143,0.4375,0.804,26165.7654,26165.7654,19943.0205,2213100.4375,2213100.4375
603236.SH,20250703,83.8,85.91,83.69,85.7,83.69,2.01,2.4017,77032.21,653702.288,85.7,2.944,3.8626,0.82,38.1216,30.0852,5.4212,1.206,1.129,0.4317,0.7935,26165.7654,26165.7654,19943.0205,2242406.0948,2242406.0948
603236.SH,20250702,86.99,87.0,82.95,83.69,87.98,-4.29,-4.8761,103301.73,873868.659,83.69,3.948,5.1798,1.16,37.2275,29.3796,5.294,1.1777,1.1026,0.4421,0.8125,26165.7654,26165.7654,19943.0205,2189812.9063,2189812.9063
603236.SH,20250701,85.94,88.75,84.9,87.98,85.8,2.18,2.5408,108903.71,948211.453,87.98,4.1621,5.4607,1.21,39.1358,30.8856,5.5654,1.2381,1.1591,0.4206,0.7729,26165.7654,26165.7654,19943.0205,2302064.0399,2302064.0399
603236.SH,20250630,83.03,86.29,82.33,85.8,82.48,3.32,4.0252,102805.98,865614.386,85.8,3.929,5.155,1.22,38.1661,30.1203,5.4275,1.2074,1.1304,0.4312,0.7925,26165.7654,26165.7654,19943.0205,2245022.6713,2245022.6713
603236.SH,20250627,81.51,83.38,80.55,82.48,81.54,0.94,1.1528,66773.39,549914.163,82.48,2.5519,3.3482,0.76,36.6893,28.9548,5.2175,1.1607,1.0866,0.4486,0.8244,26165.7654,26165.7654,19943.0205,2158152.3302,2158152.3302
603236.SH,20250626,82.3,83.69,81.39,81.54,82.95,-1.41,-1.6998,86903.35,714962.074,81.54,3.3213,4.3576,0.93,36.2711,28.6248,5.158,1.1474,1.0742,0.4538,0.8339,26165.7654,26165.7654,19943.0205,2133556.5107,2133556.5107
603236.SH,20250625,82.25,83.22,81.95,82.95,81.97,0.98,1.1956,81035.68,669438.353,82.95,3.097,4.0634,0.89,36.8983,29.1198,5.2472,1.1673,1.0928,0.4461,0.8198,26165.7654,26165.7654,19943.0205,2170450.2399,2170450.2399
603236.SH,20250624,78.78,82.46,78.6,81.97,78.3,3.67,4.6871,114140.51,928992.983,81.97,4.3622,5.7233,1.4,36.4624,28.7757,5.1852,1.1535,1.0799,0.4514,0.8296,26165.7654,26165.7654,19943.0205,2144807.7898,2144807.7898
603236.SH,20250623,76.6,78.53,76.37,78.3,77.54,0.76,0.9801,71589.55,556311.776,78.3,2.736,3.5897,0.89,34.8299,27.4874,4.9531,1.1018,1.0315,0.4725,0.8685,26165.7654,26165.7654,19943.0205,2048779.4308,2048779.4308
603236.SH,20250620,80.5,80.8,77.36,77.54,80.68,-3.14,-3.8919,87284.71,684062.066,77.54,3.3358,4.3767,1.17,34.4918,27.2206,4.905,1.0912,1.0215,0.4772,0.877,26165.7654,26165.7654,19943.0205,2028893.4491,2028893.4491
603236.SH,20250619,78.88,81.5,78.51,80.68,78.88,1.8,2.2819,112067.99,902235.716,80.68,4.283,5.6194,1.65,35.8886,28.3229,5.1036,1.1353,1.0629,0.4586,0.8428,26165.7654,26165.7654,19943.0205,2111053.9525,2111053.9525
603236.SH,20250618,77.62,79.5,76.74,78.88,77.9,0.98,1.258,68411.18,535378.438,78.88,2.6145,3.4303,0.88,35.0879,27.691,4.9898,1.11,1.0392,0.4691,0.8621,26165.7654,26165.7654,19943.0205,2063955.5748,2063955.5748
603236.SH,20250617,77.5,79.79,77.0,77.9,77.58,0.32,0.4125,69725.72,545693.428,77.9,2.6648,3.4962,0.88,34.652,27.347,4.9278,1.0962,1.0263,0.475,0.8729,26165.7654,26165.7654,19943.0205,2038313.1247,2038313.1247
603236.SH,20250616,77.03,79.39,77.03,77.58,76.99,0.59,0.7663,64275.16,502774.595,77.58,2.4565,3.2229,0.77,34.5096,27.2346,4.9075,1.0917,1.0221,0.4769,0.8765,26165.7654,26165.7654,19943.0205,2029940.0797,2029940.0797
603236.SH,20250613,77.08,78.08,76.2,76.99,77.75,-0.76,-0.9775,59623.81,458699.735,76.99,2.2787,2.9897,0.65,34.2472,27.0275,4.8702,1.0834,1.0143,0.4806,0.8832,26165.7654,26165.7654,19943.0205,2014502.2781,2014502.2781
603236.SH,20250612,77.61,79.8,77.45,77.75,78.15,-0.4,-0.5118,78358.9,615034.57,77.75,2.9947,3.9291,0.83,34.5852,27.2943,4.9183,1.0941,1.0243,0.4759,0.8746,26165.7654,26165.7654,19943.0205,2034388.2599,2034388.2599
603236.SH,20250611,74.88,79.5,74.7,78.15,74.82,3.33,4.4507,116601.82,905021.159,78.15,4.4563,5.8467,1.49,34.7632,27.4347,4.9436,1.0997,1.0296,0.4734,0.8701,26165.7654,26165.7654,19943.0205,2044854.566,2044854.566
603236.SH,20250610,76.57,76.71,74.09,74.82,76.83,-2.01,-2.6162,78162.47,586756.004,74.82,2.9872,3.9193,1.06,33.2819,26.2657,4.7329,1.0529,0.9857,0.4945,0.9088,26165.7654,26165.7654,19943.0205,1957722.5672,1957722.5672
603236.SH,20250609,77.17,78.7,76.4,76.83,77.16,-0.33,-0.4277,85083.99,659056.472,76.83,3.2517,4.2664,1.3,34.176,26.9713,4.8601,1.0812,1.0122,0.4816,0.8851,26165.7654,26165.7654,19943.0205,2010315.7557,2010315.7557
603236.SH,20250606,75.32,77.6,74.32,77.16,75.36,1.8,2.3885,99759.34,761873.28,77.16,3.8126,5.0022,1.8,34.3228,27.0872,4.881,1.0858,1.0165,0.4795,0.8813,26165.7654,26165.7654,19943.0205,2018950.4583,2018950.4583
603236.SH,20250605,71.65,75.47,71.38,75.36,71.98,3.38,4.6957,91291.33,674100.712,75.36,3.489,4.5776,2.08,33.5221,26.4553,4.7671,1.0605,0.9928,0.491,0.9023,26165.7654,26165.7654,19943.0205,1971852.0805,1971852.0805
603236.SH,20250604,71.64,72.8,71.5,71.98,71.21,0.77,1.0813,38285.24,276471.002,71.98,1.4632,1.9197,0.86,32.0186,25.2687,4.5533,1.0129,0.9483,0.514,0.9447,26165.7654,26165.7654,19943.0205,1883411.7935,1883411.7935
603236.SH,20250603,70.69,72.87,70.4,71.63,70.85,0.78,1.1009,54199.21,390422.281,71.63,2.0714,2.7177,1.32,31.8629,25.1459,4.4139,1.008,0.9437,0.5165,0.5165,26165.7654,26165.7654,19943.0205,1874253.7756,1874253.7756
603236.SH,20250530,71.9,72.0,70.38,70.85,72.22,-1.37,-1.897,42676.2,302499.576,70.85,1.631,2.1399,1.01,31.5159,24.872,4.3658,0.997,0.9334,0.5222,0.5222,26165.7654,26165.7654,19943.0205,1853844.4786,1853844.4786
603236.SH,20250529,71.3,72.52,71.0,72.22,71.03,1.19,1.6753,51231.39,369314.854,72.22,1.958,2.5689,1.22,32.1253,25.353,4.4502,1.0163,0.9514,0.5123,0.5123,26165.7654,26165.7654,19943.0205,1889691.5772,1889691.5772
603236.SH,20250528,70.95,71.85,70.88,71.03,70.76,0.27,0.3816,33218.64,236750.918,71.03,1.2695,1.6657,0.71,31.596,24.9352,4.3769,0.9995,0.9358,0.5209,0.5209,26165.7654,26165.7654,19943.0205,1858554.3164,1858554.3164
603236.SH,20250527,72.2,72.2,70.5,70.76,72.54,-1.78,-2.4538,40844.56,290508.265,70.76,1.561,2.0481,0.88,31.4759,24.8404,4.3603,0.9957,0.9322,0.5229,0.5229,26165.7654,26165.7654,19943.0205,1851489.5597,1851489.5597
603236.SH,20250526,71.74,72.58,71.5,72.54,71.75,0.79,1.101,37314.88,268807.435,72.54,1.4261,1.8711,0.79,32.2677,25.4653,4.4699,1.0208,0.9557,0.5101,0.5101,26165.7654,26165.7654,19943.0205,1898064.6221,1898064.6221
603236.SH,20250523,73.2,73.74,71.75,71.75,73.01,-1.26,-1.7258,48806.36,355031.603,71.75,1.8653,2.4473,1.05,31.9163,25.188,4.4213,1.0097,0.9453,0.5157,0.5157,26165.7654,26165.7654,19943.0205,1877393.6675,1877393.6675
603236.SH,20250522,72.99,74.35,72.73,73.01,73.29,-0.28,-0.382,50095.02,367921.195,73.01,1.9145,2.5119,1.01,32.4768,25.6303,4.4989,1.0274,0.9619,0.5068,0.5068,26165.7654,26165.7654,19943.0205,1910362.5319,1910362.5319
603236.SH,20250521,75.0,75.12,72.81,73.29,74.92,-1.63,-2.1757,57219.82,420467.515,73.29,2.1868,2.8692,1.05,32.6013,25.7286,4.5162,1.0313,0.9655,0.5048,0.5048,26165.7654,26165.7654,19943.0205,1917688.9462,1917688.9462
603236.SH,20250520,74.62,75.56,74.24,74.92,74.9,0.02,0.0267,39030.18,291831.95,74.92,1.4917,1.9571,0.63,33.3264,26.3008,4.6166,1.0543,0.987,0.4939,0.4939,26165.7654,26165.7654,19943.0205,1960339.1438,1960339.1438
603236.SH,20250519,74.7,75.28,73.73,74.9,75.28,-0.38,-0.5048,42441.73,316414.0,74.9,1.622,2.1281,0.62,33.3175,26.2938,4.6154,1.054,0.9868,0.494,0.494,26165.7654,26165.7654,19943.0205,1959815.8285,1959815.8285
603236.SH,20250516,74.7,76.21,74.35,75.28,75.02,0.26,0.3466,44467.93,335983.35,75.28,1.6995,2.2297,0.56,33.4865,26.4272,4.6388,1.0593,0.9918,0.4915,0.4915,26165.7654,26165.7654,19943.0205,1969758.8193,1969758.8193
603236.SH,20250515,77.75,77.98,75.01,75.02,78.03,-3.01,-3.8575,64503.91,489768.052,75.02,2.4652,3.2344,0.77,33.3709,26.3359,4.6228,1.0557,0.9883,0.4932,0.4932,26165.7654,26165.7654,19943.0205,1962955.7203,1962955.7203
603236.SH,20250514,77.6,78.53,76.13,78.03,77.6,0.43,0.5541,82370.23,636844.353,78.03,3.148,4.1303,0.91,34.7098,27.3926,4.8082,1.098,1.028,0.4742,0.4742,26165.7654,26165.7654,19943.0205,2041714.6742,2041714.6742
603236.SH,20250513,78.5,78.92,77.22,77.6,77.39,0.21,0.2714,74939.31,583977.953,77.6,2.864,3.7577,0.72,34.5185,27.2416,4.7817,1.092,1.0223,0.4768,0.4768,26165.7654,26165.7654,19943.0205,2030463.395,2030463.395
603236.SH,20250512,76.64,77.39,75.8,77.39,75.33,2.06,2.7346,75779.4,581196.12,77.39,2.8961,3.7998,0.64,34.4251,27.1679,4.7688,1.089,1.0196,0.4781,0.4781,26165.7654,26165.7654,19943.0205,2024968.5843,2024968.5843
603236.SH,20250509,77.47,77.47,75.1,75.33,77.6,-2.27,-2.9253,98287.28,744637.657,75.33,3.7563,4.9284,0.75,33.5088,26.4448,4.6419,1.0601,0.9924,0.4912,0.4912,26165.7654,26165.7654,19943.0205,1971067.1076,1971067.1076
603236.SH,20250508,77.78,79.43,77.45,77.6,77.8,-0.2,-0.2571,88209.66,690138.168,77.6,3.3712,4.4231,0.69,34.5185,27.2416,4.7817,1.092,1.0223,0.4768,0.4768,26165.7654,26165.7654,19943.0205,2030463.395,2030463.395
603236.SH,20250507,78.38,79.52,76.95,77.8,77.61,0.19,0.2448,116759.67,911805.168,77.8,4.4623,5.8547,0.95,34.6075,27.3119,4.7941,1.0948,1.025,0.4756,0.4756,26165.7654,26165.7654,19943.0205,2035696.5481,2035696.5481
603236.SH,20250506,76.66,78.5,75.2,77.61,75.42,2.19,2.9037,138568.97,1065689.287,77.61,5.2958,6.9482,1.21,34.523,27.2452,4.7824,1.0921,1.0225,0.4767,0.4767,26165.7654,26165.7654,19943.0205,2030725.0527,2030725.0527
603236.SH,20250430,71.6,76.31,71.38,75.42,71.6,3.82,5.3352,153945.97,1144859.302,75.42,5.8835,7.7193,1.39,33.5488,26.4764,4.6474,1.0613,0.9936,0.4906,0.4906,26165.7654,26165.7654,19943.0205,1973422.0265,1973422.0265
603236.SH,20250429,69.65,71.94,69.36,71.6,68.98,2.62,3.7982,159413.18,1130216.129,71.6,6.0924,7.9934,1.65,31.8496,25.1353,4.412,1.0076,0.9433,0.5168,0.5168,26165.7654,26165.7654,19943.0205,1873468.8026,1873468.8026
603236.SH,20250428,68.85,69.76,68.3,68.98,69.16,-0.18,-0.2603,68172.75,469894.444,68.98,2.6054,3.4184,0.66,30.6841,30.6841,4.4711,0.9707,0.9707,0.5364,0.5364,26165.7654,26165.7654,19943.0205,1804914.4973,1804914.4973
603236.SH,20250425,68.91,70.2,68.36,69.16,68.91,0.25,0.3628,91510.51,633638.488,69.16,3.4973,4.5886,0.94,30.7642,30.7642,4.4827,0.9732,0.9732,0.535,0.535,26165.7654,26165.7654,19943.0205,1809624.3351,1809624.3351
603236.SH,20250424,70.7,70.76,68.5,68.91,70.52,-1.61,-2.283,100981.52,699567.32,68.91,3.8593,5.0635,1.09,30.653,30.653,4.4665,0.9697,0.9697,0.5369,0.5369,26165.7654,26165.7654,19943.0205,1803082.8937,1803082.8937
603236.SH,20250423,69.6,70.95,69.14,70.52,68.35,2.17,3.1748,133290.12,934214.775,70.52,5.0941,6.6835,1.57,203.4273,39.6488,4.9768,1.3312,1.0765,0.5247,0.5247,26165.7654,26165.7654,19943.0205,1845209.776,1845209.776
603236.SH,20250422,69.62,69.76,68.0,68.35,70.27,-1.92,-2.7323,87868.87,603813.45,68.35,3.3582,4.406,1.02,197.1675,38.4287,4.8237,1.2902,1.0434,0.5413,0.5413,26165.7654,26165.7654,19943.0205,1788430.0651,1788430.0651
603236.SH,20250421,68.3,70.65,67.09,70.27,67.66,2.61,3.8575,101096.84,697881.224,70.27,3.8637,5.0693,1.05,202.7061,39.5082,4.9592,1.3265,1.0727,0.5265,0.5265,26165.7654,26165.7654,19943.0205,1838668.3347,1838668.3347
603236.SH,20250418,66.98,67.97,66.58,67.66,67.28,0.38,0.5648,63832.49,430007.928,67.66,2.4395,3.2007,0.5,195.1771,38.0408,4.775,1.2772,1.0329,0.5469,0.5469,26165.7654,26165.7654,19943.0205,1770375.687,1770375.687
603236.SH,20250417,67.07,68.5,66.88,67.28,67.1,0.18,0.2683,75439.93,511336.68,67.28,2.8832,3.7828,0.51,194.0809,37.8271,4.7481,1.27,1.0271,0.5499,0.5499,26165.7654,26165.7654,19943.0205,1760432.6961,1760432.6961
603236.SH,20250416,68.38,68.77,66.06,67.1,69.1,-2.0,-2.8944,95474.62,642654.306,67.1,3.6488,4.7874,0.56,193.5617,37.7259,4.7354,1.2666,1.0243,0.5514,0.5514,26165.7654,26165.7654,19943.0205,1755722.8583,1755722.8583
603236.SH,20250415,68.5,69.68,68.35,69.1,68.91,0.19,0.2757,94426.51,651674.734,69.1,3.6088,4.7348,0.49,199.331,38.8504,4.8766,1.3044,1.0549,0.5355,0.5355,26165.7654,26165.7654,19943.0205,1808054.3891,1808054.3891
603236.SH,20250414,70.13,71.08,68.29,68.91,68.39,0.52,0.7603,150063.18,1041401.24,68.91,5.7351,7.5246,0.89,198.7829,38.7436,4.8632,1.3008,1.052,0.5369,0.5369,26165.7654,26165.7654,19943.0205,1803082.8937,1803082.8937
603236.SH,20250411,68.68,69.85,66.74,68.39,69.16,-0.77,-1.1134,217346.14,1482778.645,68.39,8.3065,10.8984,1.29,197.2829,38.4512,4.8265,1.291,1.044,0.541,0.541,26165.7654,26165.7654,19943.0205,1789476.6957,1789476.6957
603236.SH,20250410,69.16,69.16,67.09,69.16,62.87,6.29,10.0048,184800.11,1271768.235,69.16,7.0627,9.2664,1.2,199.5041,38.8841,4.8808,1.3055,1.0558,0.535,0.535,26165.7654,26165.7654,19943.0205,1809624.3351,1809624.3351
603236.SH,20250409,59.4,62.87,56.68,62.87,60.98,1.89,3.0994,204247.52,1234523.005,62.87,7.8059,10.2416,1.39,181.3595,35.3477,4.4369,1.1868,0.9598,0.5885,0.5885,26165.7654,26165.7654,19943.0205,1645041.6707,1645041.6707
603236.SH,20250408,63.0,66.45,60.86,60.98,67.62,-6.64,-9.8196,203809.24,1268447.019,60.98,7.7892,10.2196,1.47,175.9075,34.2851,4.3035,1.1511,0.9309,0.6068,0.6068,26165.7654,26165.7654,19943.0205,1595588.3741,1595588.3741
603236.SH,20250407,67.62,67.7,67.62,67.62,75.13,-7.51,-9.996,36060.0,243867.431,67.62,1.3781,1.8082,0.23,195.0617,38.0183,4.7721,1.2765,1.0323,0.5472,0.5472,26165.7654,26165.7654,19943.0205,1769329.0563,1769329.0563
603236.SH,20250403,81.9,82.67,75.12,75.13,83.47,-8.34,-9.9916,216729.58,1689920.636,75.13,8.2829,10.8674,1.62,216.7256,42.2407,5.3021,1.4182,1.1469,0.4925,0.4925,26165.7654,26165.7654,19943.0205,1965833.9545,1965833.9545
603236.SH,20250402,84.3,86.55,82.6,83.47,85.16,-1.69,-1.9845,107042.6,901158.531,83.47,4.0909,5.3674,0.81,240.7838,46.9297,5.8907,1.5757,1.2742,0.4433,0.4433,26165.7654,26165.7654,19943.0205,2184056.4379,2184056.4379
603236.SH,20250401,87.0,88.0,83.39,85.16,88.48,-3.32,-3.7523,171815.75,1466617.055,85.16,6.5664,8.6153,1.39,245.6589,47.8799,6.01,1.6076,1.3,0.4345,0.4345,26165.7654,26165.7654,19943.0205,2228276.5815,2228276.5815
603236.SH,20250331,83.02,88.98,83.02,88.48,84.09,4.39,5.2206,160280.29,1387199.237,88.48,6.1256,8.0369,1.33,255.236,49.7465,6.2443,1.6702,1.3507,0.4182,0.4182,26165.7654,26165.7654,19943.0205,2315146.9226,2315146.9226
603236.SH,20250328,83.9,88.63,83.87,84.09,84.16,-0.07,-0.0832,115816.63,993156.3,84.09,4.4263,5.8074,0.88,242.5723,47.2783,5.9345,1.5874,1.2837,0.44,0.44,26165.7654,26165.7654,19943.0205,2200279.2125,2200279.2125
603236.SH,20250327,82.56,86.51,82.0,84.16,83.22,0.94,1.1295,113178.83,954041.051,84.16,4.3255,5.6751,0.77,242.7742,47.3176,5.9394,1.5887,1.2848,0.4396,0.4396,26165.7654,26165.7654,19943.0205,2202110.8161,2202110.8161
603236.SH,20250326,81.12,83.98,81.12,83.22,80.88,2.34,2.8932,99270.87,820713.571,83.22,3.7939,4.9777,0.63,240.0626,46.7891,5.8731,1.5709,1.2704,0.4446,0.4446,26165.7654,26165.7654,19943.0205,2177514.9966,2177514.9966
603236.SH,20250325,85.42,86.08,80.62,80.88,86.11,-5.23,-6.0736,131579.22,1086452.032,80.88,5.0287,6.5978,0.77,233.3125,45.4735,5.7079,1.5268,1.2347,0.4575,0.4575,26165.7654,26165.7654,19943.0205,2116287.1056,2116287.1056
603236.SH,20250324,83.83,87.66,83.8,86.11,83.85,2.26,2.6953,141291.31,1216389.435,86.11,5.3999,7.0847,0.81,248.3993,48.414,6.077,1.6255,1.3145,0.4297,0.4297,26165.7654,26165.7654,19943.0205,2253134.0586,2253134.0586
603236.SH,20250321,89.97,90.2,83.83,83.85,90.39,-6.54,-7.2353,171193.37,1476086.792,83.85,6.5426,8.5841,0.96,241.88,47.1433,5.9175,1.5828,1.28,0.4413,0.4413,26165.7654,26165.7654,19943.0205,2193999.4288,2193999.4288
603236.SH,20250320,91.0,94.53,89.85,90.39,90.14,0.25,0.2773,191346.99,1758130.237,90.39,7.3129,9.5947,1.15,260.7458,50.8204,6.3791,1.7063,1.3799,0.4093,0.4093,26165.7654,26165.7654,19943.0205,2365123.5345,2365123.5345
603236.SH,20250319,90.84,94.88,89.5,90.14,90.49,-0.35,-0.3868,156140.43,1429596.909,90.14,5.9674,7.8293,1.0,260.0246,50.6798,6.3614,1.7016,1.376,0.4105,0.4105,26165.7654,26165.7654,19943.0205,2358582.0932,2358582.0932
603236.SH,20250318,88.01,94.0,87.06,90.49,87.9,2.59,2.9465,199151.69,1809961.613,90.49,7.6112,9.986,1.49,261.0342,50.8766,6.3861,1.7082,1.3814,0.4089,0.4089,26165.7654,26165.7654,19943.0205,2367740.111,2367740.111
603236.SH,20250317,85.05,88.99,84.1,87.9,85.99,1.91,2.2212,154412.3,1340259.027,87.9,5.9013,7.7427,1.22,253.5629,49.4204,6.2034,1.6593,1.3419,0.4209,0.4209,26165.7654,26165.7654,19943.0205,2299970.7787,2299970.7787
603236.SH,20250314,82.62,88.69,82.17,85.99,83.45,2.54,3.0437,192701.03,1669332.519,85.99,7.3646,9.6626,1.74,248.0532,48.3465,6.0686,1.6232,1.3127,0.4303,0.4303,26165.7654,26165.7654,19943.0205,2249994.1667,2249994.1667
603236.SH,20250313,83.0,83.79,79.42,83.45,82.58,0.87,1.0535,128754.2,1053573.011,83.45,4.9207,6.4561,1.07,240.7261,46.9185,5.8893,1.5753,1.2739,0.4434,0.4434,26165.7654,26165.7654,19943.0205,2183533.1226,2183533.1226
603236.SH,20250312,81.25,85.02,80.66,82.58,81.09,1.49,1.8375,107472.77,891042.298,82.58,4.1074,5.389,0.89,238.2164,46.4293,5.8279,1.5589,1.2606,0.4481,0.4481,26165.7654,26165.7654,19943.0205,2160768.9067,2160768.9067
603236.SH,20250311,81.3,83.17,80.28,81.09,83.31,-2.22,-2.6647,84704.34,688275.329,81.09,3.2372,4.2473,0.69,233.9183,45.5916,5.7228,1.5307,1.2379,0.4563,0.4563,26165.7654,26165.7654,19943.0205,2121781.9163,2121781.9163
603236.SH,20250310,82.0,83.99,80.39,83.31,81.75,1.56,1.9083,119642.53,989318.212,83.31,4.5725,5.9992,0.95,240.3223,46.8397,5.8794,1.5726,1.2718,0.4441,0.4441,26165.7654,26165.7654,19943.0205,2179869.9155,2179869.9155
603236.SH,20250307,83.66,84.43,81.2,81.75,84.44,-2.69,-3.1857,114153.26,943669.564,81.75,4.3627,5.724,0.86,235.8222,45.9627,5.7693,1.5432,1.248,0.4526,0.4526,26165.7654,26165.7654,19943.0205,2139051.3215,2139051.3215
603236.SH,20250306,81.49,86.4,80.81,84.44,81.39,3.05,3.7474,177202.53,1481471.747,84.44,6.7723,8.8854,1.31,243.5819,47.4751,5.9592,1.594,1.289,0.4382,0.4382,26165.7654,26165.7654,19943.0205,2209437.2304,2209437.2304
603236.SH,20250305,80.5,81.59,79.12,81.39,80.2,1.19,1.4838,106008.51,853163.042,81.39,4.0514,5.3156,0.69,234.7837,45.7603,5.7439,1.5364,1.2425,0.4546,0.4546,26165.7654,26165.7654,19943.0205,2129631.6459,2129631.6459
603236.SH,20250304,77.11,81.1,77.06,80.2,79.01,1.19,1.5061,95001.48,758653.338,80.2,3.6308,4.7636,0.48,231.3509,45.0912,5.6599,1.5139,1.2243,0.4613,0.4613,26165.7654,26165.7654,19943.0205,2098494.3851,2098494.3851
603236.SH,20250303,81.03,81.4,78.1,79.01,81.45,-2.44,-2.9957,137813.48,1100112.721,79.01,5.2669,6.9104,0.68,227.9182,44.4221,5.576,1.4915,1.2061,0.4683,0.4683,26165.7654,26165.7654,19943.0205,2067357.1243,2067357.1243
603236.SH,20250228,83.14,83.95,80.6,81.45,84.4,-2.95,-3.4953,151287.18,1242012.824,81.45,5.7819,7.586,0.71,234.9568,45.794,5.7482,1.5375,1.2434,0.4543,0.4543,26165.7654,26165.7654,19943.0205,2131201.5918,2131201.5918
603236.SH,20250227,88.5,88.99,82.88,84.4,88.79,-4.39,-4.9443,186140.66,1590146.31,84.4,7.1139,9.3336,0.91,243.4665,47.4526,5.9564,1.5932,1.2884,0.4384,0.4384,26165.7654,26165.7654,19943.0205,2208390.5998,2208390.5998
603236.SH,20250226,90.12,92.13,87.26,88.79,89.93,-1.14,-1.2677,195173.21,1747638.006,88.79,7.4591,9.7865,1.01,256.1303,49.9208,6.2662,1.6761,1.3554,0.4167,0.4167,26165.7654,26165.7654,19943.0205,2323258.3099,2323258.3099
603236.SH,20250225,81.92,92.62,81.9,89.93,84.2,5.73,6.8052,318022.79,2817755.297,89.93,12.1542,15.9466,1.93,259.4188,50.5617,6.3466,1.6976,1.3728,0.4114,0.4114,26165.7654,26165.7654,19943.0205,2353087.2824,2353087.2824
603236.SH,20250224,85.68,86.3,83.5,84.2,86.88,-2.68,-3.0847,163549.54,1384050.783,84.2,6.2505,8.2008,1.01,242.8896,47.3401,5.9422,1.5894,1.2854,0.4394,0.4394,26165.7654,26165.7654,19943.0205,2203157.4467,2203157.4467
603236.SH,20250221,85.3,87.14,84.15,86.88,85.24,1.64,1.924,200361.81,1724937.588,86.88,7.6574,10.0467,1.29,250.6205,48.8469,6.1314,1.64,1.3263,0.4259,0.4259,26165.7654,26165.7654,19943.0205,2273281.698,2273281.698
603236.SH,20250220,86.11,86.88,84.05,85.24,84.97,0.27,0.3178,146619.38,1252779.629,85.24,5.6035,7.3519,0.82,245.8897,47.9249,6.0156,1.6091,1.3012,0.4341,0.4341,26165.7654,26165.7654,19943.0205,2230369.8427,2230369.8427
603236.SH,20250219,81.99,84.98,81.99,84.97,81.99,2.98,3.6346,133816.79,1123407.805,84.97,5.1142,6.71,0.66,245.1108,47.7731,5.9966,1.604,1.2971,0.4354,0.4354,26165.7654,26165.7654,19943.0205,2223305.086,2223305.086
603236.SH,20250218,85.2,86.14,81.67,81.99,86.15,-4.16,-4.8288,181413.08,1510720.22,81.99,6.9332,9.0966,0.81,236.5145,46.0976,5.7863,1.5477,1.2516,0.4513,0.4513,26165.7654,26165.7654,19943.0205,2145331.1051,2145331.1051
603236.SH,20250217,84.01,87.09,83.47,86.15,85.01,1.14,1.341,147232.7,1259382.499,86.15,5.6269,7.3827,0.62,248.5147,48.4365,6.0799,1.6263,1.3151,0.4295,0.4295,26165.7654,26165.7654,19943.0205,2254180.6892,2254180.6892
603236.SH,20250214,85.76,86.98,83.69,85.01,86.18,-1.17,-1.3576,169643.87,1442337.737,85.01,6.4834,8.5064,0.65,245.2262,47.7955,5.9994,1.6047,1.2977,0.4352,0.4352,26165.7654,26165.7654,19943.0205,2224351.7167,2224351.7167
603236.SH,20250213,92.69,94.4,86.01,86.18,92.6,-6.42,-6.933,266934.16,2367845.605,86.18,10.2017,13.3848,0.98,248.6013,48.4534,6.082,1.6268,1.3156,0.4293,0.4293,26165.7654,26165.7654,19943.0205,2254965.6622,2254965.6622
603236.SH,20250212,89.05,95.6,89.05,92.6,90.42,2.18,2.411,252721.2,2326156.874,92.6,9.6585,12.6722,0.88,267.1209,52.0629,6.5351,1.748,1.4136,0.3996,0.3996,26165.7654,26165.7654,19943.0205,2422949.876,2422949.876
603236.SH,20250211,88.0,94.0,87.19,90.42,87.9,2.52,2.8669,276539.25,2506066.211,90.42,10.5687,13.8665,0.96,260.8323,50.8372,6.3812,1.7069,1.3803,0.4092,0.4092,26165.7654,26165.7654,19943.0205,2365908.5075,2365908.5075
603236.SH,20250210,89.04,89.05,85.91,87.9,90.08,-2.18,-2.4201,216245.6,1889565.31,87.9,8.2644,10.8432,0.74,253.5629,49.4204,6.2034,1.6593,1.3419,0.4209,0.4209,26165.7654,26165.7654,19943.0205,2299970.7787,2299970.7787
603236.SH,20250207,90.5,94.17,88.6,90.08,91.29,-1.21,-1.3254,292863.8,2676527.268,90.08,11.1926,14.685,0.94,259.8515,50.6461,6.3572,1.7004,1.3751,0.4107,0.4107,26165.7654,26165.7654,19943.0205,2357012.1472,2357012.1472
603236.SH,20250206,85.4,94.55,85.4,91.29,85.95,5.34,6.2129,328483.1,3004396.839,91.29,12.5539,16.4711,1.13,263.342,51.3264,6.4426,1.7233,1.3936,0.4053,0.4053,26165.7654,26165.7654,19943.0205,2388672.7234,2388672.7234
603236.SH,20250205,91.0,92.38,83.88,85.95,89.66,-3.71,-4.1379,318290.74,2790714.622,85.95,12.1644,15.96,1.07,247.9378,48.324,6.0657,1.6225,1.3121,0.4305,0.4305,26165.7654,26165.7654,19943.0205,2248947.5361,2248947.5361
603236.SH,20250127,87.0,92.45,86.08,89.66,84.08,5.58,6.6365,284279.75,2539777.914,89.66,10.8646,14.2546,1.02,258.6399,50.4099,6.3276,1.6925,1.3687,0.4127,0.4127,26165.7654,26165.7654,19943.0205,2346022.5258,2346022.5258
603236.SH,20250124,83.0,84.28,82.01,84.08,80.9,3.18,3.9308,239717.86,1997669.858,84.08,9.1615,12.0201,0.87,242.5435,47.2727,5.9338,1.5872,1.2835,0.4401,0.4401,26165.7654,26165.7654,19943.0205,2200017.5548,2200017.5548
603236.SH,20250123,85.0,85.99,80.08,80.9,87.8,-6.9,-7.8588,387205.12,3213456.808,80.9,14.7982,19.4156,1.6,233.3702,45.4848,5.7093,1.5272,1.235,0.4574,0.4574,26165.7654,26165.7654,19943.0205,2116810.4209,2116810.4209
603236.SH,20250122,89.0,90.0,85.57,87.8,90.18,-2.38,-2.6392,225410.33,1965691.092,87.8,8.6147,12.0624,0.9,253.2744,49.3642,6.1963,1.6574,1.3403,0.4214,0.4214,26165.7654,26165.7654,18687.0638,2297354.2021,2297354.2021
603236.SH,20250121,87.0,90.18,85.6,90.18,81.98,8.2,10.0024,343992.98,3034403.103,90.18,13.1467,18.4081,1.57,260.14,50.7023,6.3643,1.7023,1.3767,0.4103,0.4103,26165.7654,26165.7654,18687.0638,2359628.7238,2359628.7238
603236.SH,20250120,80.5,84.81,80.4,81.98,80.4,1.58,1.9652,193896.23,1591698.252,81.98,7.4103,10.376,0.91,236.4856,46.092,5.7856,1.5475,1.2515,0.4513,0.4513,26165.7654,26165.7654,18687.0638,2145069.4475,2145069.4475
603236.SH,20250117,74.6,81.99,73.05,80.4,74.8,5.6,7.4866,231818.63,1790853.225,80.4,8.8596,12.4053,1.25,231.9278,45.2036,5.6741,1.5177,1.2274,0.4602,0.4602,26165.7654,26165.7654,18687.0638,2103727.5382,2103727.5382
603236.SH,20250116,77.76,78.2,73.56,74.8,76.8,-2.0,-2.6042,214181.08,1614813.168,74.8,8.1855,11.4615,1.23,215.7737,42.0551,5.2789,1.412,1.1419,0.4947,0.4947,26165.7654,26165.7654,18687.0638,1957199.2519,1957199.2519
603236.SH,20250115,71.55,78.2,71.2,76.8,71.09,5.71,8.0321,261564.27,2004115.729,76.8,9.9964,13.9971,1.64,221.543,43.1796,5.42,1.4498,1.1724,0.4818,0.4818,26165.7654,26165.7654,18687.0638,2009530.7827,2009530.7827
603236.SH,20250114,69.0,71.7,66.41,71.09,69.5,1.59,2.2878,195844.41,1359051.533,71.09,7.4848,10.4802,1.15,205.0715,39.9692,5.017,1.342,1.0852,0.5205,0.5205,26165.7654,26165.7654,18687.0638,1860124.2623,1860124.2623
603236.SH,20250113,68.0,71.06,66.7,69.5,67.38,2.12,3.1463,156838.2,1084416.715,69.5,5.994,8.3929,0.93,200.4849,39.0753,4.9048,1.312,1.061,0.5324,0.5324,26165.7654,26165.7654,18687.0638,1818520.6953,1818520.6953
603236.SH,20250110,68.5,69.8,66.8,67.38,68.0,-0.62,-0.9118,96828.53,658699.362,67.38,3.7006,5.1816,0.53,194.3694,37.8834,4.7552,1.2719,1.0286,0.5491,0.5491,26165.7654,26165.7654,18687.0638,1763049.2727,1763049.2727
603236.SH,20250109,67.13,71.2,66.22,68.0,65.82,2.18,3.3121,162624.84,1125456.045,68.0,6.2152,8.7025,0.9,196.1579,38.2319,4.799,1.2836,1.0381,0.5441,0.5441,26165.7654,26165.7654,18687.0638,1779272.0472,1779272.0472
603236.SH,20250108,61.73,67.76,61.5,65.82,62.39,3.43,5.4977,187261.43,1202835.315,65.82,7.1567,10.0209,1.1,189.8693,37.0063,4.6451,1.2425,1.0048,0.5621,0.5621,26165.7654,26165.7654,18687.0638,1722230.6786,1722230.6786
603236.SH,20250107,62.01,62.66,59.85,62.39,66.5,-4.11,-6.1805,248972.02,1520462.081,62.39,9.5152,13.3232,1.66,179.9749,35.0778,4.403,1.1777,0.9524,0.593,0.593,26165.7654,26165.7654,18687.0638,1632482.1033,1632482.1033
603236.SH,20250106,66.4,68.41,65.6,66.5,67.7,-1.2,-1.7725,150531.06,1000747.766,66.5,5.753,8.0554,0.9,191.8309,37.3886,4.6931,1.2553,1.0152,0.5564,0.5564,26165.7654,26165.7654,18687.0638,1740023.3991,1740023.3991
603236.SH,20250103,69.15,70.18,67.36,67.7,68.68,-0.98,-1.4269,155755.72,1067155.629,67.7,5.9527,8.3349,0.85,195.2925,38.0633,4.7778,1.278,1.0335,0.5465,0.5465,26165.7654,26165.7654,18687.0638,1771422.3176,1771422.3176
603236.SH,20250102,68.54,71.9,68.0,68.68,68.44,0.24,0.3507,157834.57,1100297.663,68.68,6.0321,8.4462,0.85,198.1195,38.6143,4.8469,1.2965,1.0484,0.5387,0.5387,26165.7654,26165.7654,18687.0638,1797064.7677,1797064.7677
603236.SH,20241231,70.53,70.91,67.68,68.44,70.13,-1.69,-2.4098,139735.66,964347.427,68.44,5.3404,7.4777,0.72,197.4271,38.4793,4.83,1.2919,1.0448,1.0553,0.5406,26165.7654,26165.7654,18687.0638,1790784.984,1790784.984
603236.SH,20241230,71.27,72.47,69.48,70.13,71.27,-1.14,-1.5996,147885.31,1048974.498,70.13,5.6519,7.9138,0.68,202.3022,39.4295,4.9493,1.3238,1.0706,1.0299,0.5276,26165.7654,26165.7654,18687.0638,1835005.1275,1835005.1275
603236.SH,20241227,73.41,74.23,70.0,71.27,73.18,-1.91,-2.61,232399.81,1678837.852,71.27,8.8818,12.4364,1.06,205.5908,40.0704,5.0297,1.3454,1.088,1.0134,0.5192,26165.7654,26165.7654,18687.0638,1864834.1001,1864834.1001
603236.SH,20241226,67.86,73.18,67.0,73.18,66.53,6.65,9.9955,241096.06,1701940.854,73.18,9.2142,12.9018,1.08,211.1005,41.1443,5.1645,1.3814,1.1171,0.9869,0.5056,26165.7654,26165.7654,18687.0638,1914810.712,1914810.712
603236.SH,20241225,64.98,67.95,64.15,66.53,65.16,1.37,2.1025,172118.13,1137957.062,66.53,6.578,9.2105,0.67,191.9174,37.4055,4.6952,1.2559,1.0156,1.0856,0.5561,26165.7654,26165.7654,18687.0638,1740808.3721,1740808.3721
603236.SH,20241224,64.39,66.28,63.5,65.16,64.9,0.26,0.4006,171074.43,1103824.639,65.16,6.5381,9.1547,0.65,187.9654,36.6352,4.5985,1.23,0.9947,1.1084,0.5678,26165.7654,26165.7654,18687.0638,1704961.2735,1704961.2735
603236.SH,20241223,65.0,68.0,64.09,64.9,63.37,1.53,2.4144,276851.79,1817616.642,64.9,10.5807,14.8152,1.01,187.2154,36.489,4.5802,1.2251,0.9907,1.1129,0.5701,26165.7654,26165.7654,18687.0638,1698158.1745,1698158.1745
603236.SH,20241220,60.9,65.24,60.45,63.37,61.83,1.54,2.4907,239009.44,1510343.227,63.37,9.1344,12.7901,0.76,182.8018,35.6288,4.4722,1.1962,0.9674,1.1397,0.5839,26165.7654,26165.7654,18687.0638,1658124.5534,1658124.5534
603236.SH,20241219,59.82,62.46,59.68,61.83,61.18,0.65,1.0624,252370.25,1545868.013,61.83,9.6451,13.5051,0.64,178.3594,34.7629,4.3635,1.1672,0.9439,1.1681,0.5984,26165.7654,26165.7654,18687.0638,1617829.2747,1617829.2747
603236.SH,20241218,56.81,62.22,55.84,61.18,56.56,4.62,8.1683,340648.53,2035579.936,61.18,13.0189,18.2291,0.96,176.4844,34.3975,4.3177,1.1549,0.934,1.1805,0.6048,26165.7654,26165.7654,18687.0638,1600821.5272,1600821.5272
603236.SH,20241217,57.4,60.06,56.51,56.56,57.2,-0.64,-1.1189,216026.95,1245385.455,56.56,8.2561,11.5602,0.6,163.1572,31.8,3.9916,1.0677,0.8634,1.277,0.6542,26165.7654,26165.7654,18687.0638,1479935.691,1479935.691
603236.SH,20241216,60.5,60.88,57.0,57.2,61.87,-4.67,-7.5481,327407.09,1917151.445,57.2,12.5128,17.5205,0.97,165.0034,32.1598,4.0368,1.0798,0.8732,1.2627,0.6469,26165.7654,26165.7654,18687.0638,1496681.7809,1496681.7809
603236.SH,20241213,63.26,67.34,61.63,61.87,65.85,-3.98,-6.044,439079.6,2814261.887,61.87,16.7807,23.4964,1.66,178.4748,34.7854,4.3663,1.1679,0.9445,1.1674,0.598,26165.7654,26165.7654,18687.0638,1618875.9053,1618875.9053
603236.SH,20241212,70.0,70.0,60.68,65.85,65.29,0.56,0.8577,635268.78,4131852.577,65.85,24.2786,33.9951,4.35,189.9558,37.0231,4.6472,1.2431,1.0052,1.0968,0.5619,26165.7654,26165.7654,18687.0638,1723015.6516,1723015.6516
603236.SH,20241211,64.0,65.29,63.12,65.29,59.35,5.94,10.0084,156962.58,1017878.475,65.29,5.9988,8.3995,1.23,188.3404,36.7083,4.6077,1.2325,0.9967,1.1062,0.5667,26165.7654,26165.7654,18687.0638,1708362.823,1708362.823
603236.SH,20241210,56.99,59.35,56.0,59.35,53.95,5.4,10.0093,244175.82,1432735.399,59.35,9.3319,13.0666,2.69,171.2054,33.3686,4.1885,1.1204,0.906,1.2169,0.6234,26165.7654,26165.7654,18687.0638,1552938.1765,1552938.1765
603236.SH,20241209,49.74,54.77,49.4,53.95,49.79,4.16,8.3551,213733.1,1127903.452,53.95,8.1684,11.4375,3.49,155.6282,30.3325,3.8074,1.0184,0.8236,1.3387,0.6858,26165.7654,26165.7654,18687.0638,1411643.0433,1411643.0433
603236.SH,20241206,48.69,50.1,48.65,49.79,48.59,1.2,2.4696,72999.53,362659.855,49.79,2.7899,3.9064,1.23,143.628,27.9936,3.5138,0.9399,0.7601,1.4506,0.7431,26165.7654,26165.7654,18687.0638,1302793.4593,1302793.4593
603236.SH,20241205,47.74,48.81,47.68,48.59,47.91,0.68,1.4193,42258.11,204474.189,48.59,1.615,2.2614,0.7,140.1663,27.319,3.4291,0.9172,0.7418,1.4864,0.7615,26165.7654,26165.7654,18687.0638,1271394.5408,1271394.5408
603236.SH,20241204,49.36,49.45,47.68,47.91,49.36,-1.45,-2.9376,65056.22,314937.6,47.91,2.4863,3.4814,1.1,138.2048,26.9366,3.3811,0.9044,0.7314,1.5075,0.7723,26165.7654,26165.7654,18687.0638,1253601.8203,1253601.8203
603236.SH,20241203,50.2,50.38,48.8,49.36,50.4,-1.04,-2.0635,60258.17,297740.047,49.36,2.3029,3.2246,1.02,142.3875,27.7519,3.4835,0.9318,0.7535,1.4632,0.7496,26165.7654,26165.7654,18687.0638,1291542.1801,1291542.1801
603236.SH,20241202,49.6,50.5,49.2,50.4,49.91,0.49,0.9818,65956.6,330254.292,50.4,2.5207,3.5295,1.16,145.3876,28.3366,3.5569,0.9514,0.7694,1.433,0.7341,26165.7654,26165.7654,18687.0638,1318754.5762,1318754.5762
603236.SH,20241129,49.01,50.39,48.68,49.91,49.23,0.68,1.3813,62678.19,311194.035,49.91,2.3954,3.3541,1.11,143.9741,28.0611,3.5223,0.9422,0.7619,1.4471,0.7413,26165.7654,26165.7654,18687.0638,1305933.3511,1305933.3511
603236.SH,20241128,50.0,50.1,49.11,49.23,49.89,-0.66,-1.3229,46095.32,228409.601,49.23,1.7617,2.4667,0.78,142.0125,27.6788,3.4743,0.9293,0.7515,1.4671,0.7516,26165.7654,26165.7654,18687.0638,1288140.6306,1288140.6306
603236.SH,20241127,48.55,49.89,47.48,49.89,48.73,1.16,2.3805,61271.77,297999.468,49.89,2.3417,3.2788,1.06,143.9164,28.0499,3.5209,0.9418,0.7616,1.4477,0.7416,26165.7654,26165.7654,18687.0638,1305410.0358,1305410.0358
603236.SH,20241126,49.0,50.15,48.53,48.73,48.34,0.39,0.8068,59082.24,290768.113,48.73,2.258,3.1617,1.03,140.5702,27.3977,3.439,0.9199,0.7439,1.4821,0.7593,26165.7654,26165.7654,18687.0638,1275057.7479,1275057.7479
603236.SH,20241125,49.31,49.55,47.51,48.34,49.17,-0.83,-1.688,54861.16,265049.277,48.34,2.0967,2.9358,0.9,139.4452,27.1784,3.4115,0.9125,0.7379,1.4941,0.7654,26165.7654,26165.7654,18687.0638,1264853.0994,1264853.0994
603236.SH,20241122,51.33,51.56,49.1,49.17,51.27,-2.1,-4.096,61969.14,312431.494,49.17,2.3683,3.3162,0.96,141.8395,27.6451,3.4701,0.9282,0.7506,1.4689,0.7525,26165.7654,26165.7654,18687.0638,1286570.6847,1286570.6847
603236.SH,20241121,52.0,52.25,50.64,51.27,52.2,-0.93,-1.7816,59455.24,305742.098,51.27,2.2723,3.1816,0.81,147.8973,28.8258,3.6183,0.9678,0.7827,1.4087,0.7217,26165.7654,26165.7654,18687.0638,1341518.7921,1341518.7921
603236.SH,20241120,52.1,52.39,51.58,52.2,52.1,0.1,0.1919,53427.5,278030.098,52.2,2.0419,2.8591,0.6,150.58,29.3486,3.6839,0.9854,0.7969,1.3836,0.7088,26165.7654,26165.7654,18687.0638,1365852.9539,1365852.9539
603236.SH,20241119,51.3,52.5,50.58,52.1,50.99,1.11,2.1769,57736.09,297838.587,52.1,2.2066,3.0896,0.55,150.2916,29.2924,3.6768,0.9835,0.7953,1.3863,0.7102,26165.7654,26165.7654,18687.0638,1363236.3773,1363236.3773
603236.SH,20241118,52.6,52.96,50.7,50.99,52.8,-1.81,-3.428,70770.28,364819.034,50.99,2.7047,3.7871,0.59,147.0896,28.6683,3.5985,0.9625,0.7784,1.4165,0.7256,26165.7654,26165.7654,18687.0638,1334192.3777,1334192.3777
603236.SH,20241115,53.85,55.25,52.8,52.8,54.44,-1.64,-3.0125,80219.37,434016.767,52.8,3.0658,4.2928,0.62,152.3108,29.686,3.7262,0.9967,0.806,1.3679,0.7008,26165.7654,26165.7654,18687.0638,1381552.4131,1381552.4131
603236.SH,20241114,57.5,57.56,54.44,54.44,57.33,-2.89,-5.041,106438.25,591695.791,54.44,4.0678,5.6958,0.86,157.0417,30.608,3.842,1.0277,0.8311,1.3267,0.6796,26165.7654,26165.7654,18687.0638,1424464.2684,1424464.2684
603236.SH,20241113,55.18,57.7,55.05,57.33,55.83,1.5,2.6867,128044.06,726518.838,57.33,4.8936,6.852,1.1,165.3784,32.2329,4.0459,1.0822,0.8752,1.2598,0.6454,26165.7654,26165.7654,18687.0638,1500083.3304,1500083.3304
603236.SH,20241112,56.55,57.66,55.17,55.83,56.16,-0.33,-0.5876,136349.07,770123.801,55.83,5.211,7.2964,1.24,161.0514,31.3895,3.9401,1.0539,0.8523,1.2937,0.6627,26165.7654,26165.7654,18687.0638,1460834.6823,1460834.6823
603236.SH,20241111,53.4,56.21,53.35,56.16,53.89,2.27,4.2123,147108.29,815568.575,56.16,5.5602,7.7512,1.53,163.8095,31.9271,3.8963,1.072,0.8669,1.2719,0.6516,26457.4906,26457.4906,18978.789,1485852.6721,1485852.6721
603236.SH,20241108,52.95,55.18,52.95,53.89,52.66,1.23,2.3357,126772.21,686925.25,53.89,4.7915,6.6797,1.36,157.1883,30.6366,3.7388,1.0286,0.8318,1.3255,0.679,26457.4906,26457.4906,18978.789,1425794.1684,1425794.1684
603236.SH,20241107,52.0,52.76,51.29,52.66,52.29,0.37,0.7076,81521.13,423360.875,52.66,3.0812,4.3561,0.85,153.6006,29.9374,3.6535,1.0051,0.8129,1.3564,0.6949,26457.4906,26457.4906,18714.2141,1393251.455,1393251.455
603236.SH,20241106,53.0,53.65,51.88,52.29,52.83,-0.54,-1.0221,91788.42,484814.304,52.29,3.4693,4.9047,0.99,152.5214,29.727,3.6278,0.9981,0.8071,1.366,0.6998,26457.4906,26457.4906,18714.2141,1383462.1835,1383462.1835
603236.SH,20241105,50.88,53.2,50.65,52.83,50.87,1.96,3.853,102895.4,536964.762,52.83,3.8891,5.4982,1.12,154.0965,30.034,3.6653,1.0084,0.8155,1.352,0.6926,26457.4906,26457.4906,18714.2141,1397749.2284,1397749.2284
603236.SH,20241104,49.8,51.51,49.53,50.87,49.7,1.17,2.3541,77319.7,393946.838,50.87,2.9224,4.1316,0.79,148.3795,28.9197,3.5293,0.971,0.7852,1.4041,0.7193,26457.4906,26457.4906,18714.2141,1345892.5468,1345892.5468
603236.SH,20241101,52.43,52.43,49.7,49.7,52.45,-2.75,-5.2431,113365.73,574220.462,49.7,4.2848,6.0577,1.19,144.9668,28.2546,3.4481,0.9486,0.7672,1.4372,0.7363,26457.4906,26457.4906,18714.2141,1314937.2828,1314937.2828
603236.SH,20241031,52.74,53.35,51.71,52.45,52.72,-0.27,-0.5121,92366.7,485353.688,52.45,3.4911,4.9356,0.94,152.9881,29.818,3.6389,1.0011,0.8096,1.3618,0.6977,26457.4906,26457.4906,18714.2141,1387695.382,1387695.382
603236.SH,20241030,52.1,53.65,51.88,52.72,52.38,0.34,0.6491,76050.24,401058.119,52.72,2.8744,4.0638,0.71,153.7756,29.9715,3.6577,1.0063,0.8138,1.3549,0.6941,26457.4906,26457.4906,18714.2141,1394838.9044,1394838.9044
603236.SH,20241029,52.3,53.7,52.2,52.38,52.3,0.08,0.153,100663.14,533191.488,52.38,3.8047,5.379,0.8,152.7839,29.7782,3.6341,0.9998,0.8085,1.3637,0.6986,26457.4906,26457.4906,18714.2141,1385843.3576,1385843.3576
603236.SH,20241028,53.22,53.45,51.55,52.3,53.2,-0.9,-1.6917,109178.66,568671.886,52.3,4.1266,5.834,0.75,152.5505,29.7327,3.6285,0.9983,0.8073,1.3657,0.6997,26457.4906,26457.4906,18714.2141,1383726.7584,1383726.7584
603236.SH,20241025,53.22,53.71,52.0,53.2,53.46,-0.26,-0.4863,99222.92,524864.97,53.2,3.7503,5.302,0.6,155.1757,30.2443,3.691,1.0155,0.8212,1.3426,0.6878,26457.4906,26457.4906,18714.2141,1407538.4999,1407538.4999
603236.SH,20241024,53.08,54.75,52.44,53.46,52.83,0.63,1.1925,103727.87,556693.243,53.46,3.9205,5.5427,0.59,155.9341,30.3922,3.709,1.0204,0.8252,1.3361,0.6845,26457.4906,26457.4906,18714.2141,1414417.4475,1414417.4475
603236.SH,20241023,53.5,54.4,52.69,52.83,53.96,-1.13,-2.0941,124078.69,664946.418,52.83,4.6897,6.6302,0.74,154.0965,30.034,3.6653,1.0084,0.8155,1.352,0.6926,26457.4906,26457.4906,18714.2141,1397749.2284,1397749.2284
603236.SH,20241022,55.0,55.48,52.77,53.96,57.3,-3.34,-5.829,195701.07,1053130.377,53.96,7.3968,10.4573,1.2,157.3925,30.6764,3.7437,1.03,0.8329,1.3237,0.6781,26457.4906,26457.4906,18714.2141,1427646.1928,1427646.1928
603236.SH,20241021,57.0,58.1,55.55,57.3,55.99,1.31,2.3397,202528.34,1154632.24,57.3,7.6549,10.8222,1.31,167.1347,36.4905,4.1396,1.0937,0.9719,1.2466,0.6386,26457.4906,26457.4906,18714.2141,1516014.2114,1516014.2114
603236.SH,20241018,51.3,56.93,51.3,55.99,51.75,4.24,8.1932,206444.41,1115371.109,55.99,7.8029,11.0314,1.38,163.3137,35.6562,4.045,1.0687,0.9497,1.2757,0.6535,26457.4906,26457.4906,18714.2141,1481354.8987,1481354.8987
603236.SH,20241017,49.59,52.5,49.31,51.75,49.41,2.34,4.7359,149520.06,765771.323,51.75,5.6513,7.9897,1.02,150.9463,32.956,3.7386,0.9878,0.8778,1.3803,0.7071,26457.4906,26457.4906,18714.2141,1369175.1386,1369175.1386
603236.SH,20241016,49.01,50.15,48.5,49.41,50.06,-0.65,-1.2984,83670.22,412405.814,49.41,3.1624,4.4709,0.5,144.1209,31.4659,3.5696,0.9431,0.8381,1.4456,0.7406,26457.4906,26457.4906,18714.2141,1307264.6105,1307264.6105
603236.SH,20241015,48.6,52.29,47.66,50.06,48.79,1.27,2.603,172410.08,870873.323,50.06,6.5165,9.2128,1.02,146.0168,31.8798,3.6165,0.9555,0.8491,1.4269,0.731,26457.4906,26457.4906,18714.2141,1324461.9794,1324461.9794
603236.SH,20241014,49.31,49.31,46.5,48.79,48.72,0.07,0.1437,160308.87,764852.012,48.79,6.0591,8.5662,0.95,142.3124,31.071,3.5248,0.9313,0.8276,1.464,0.75,26457.4906,26457.4906,18714.2141,1290860.9664,1290860.9664
603236.SH,20241011,49.5,50.36,47.3,48.72,47.71,1.01,2.117,179563.52,876330.86,48.72,6.7869,9.595,1.23,142.1083,31.0264,3.5197,0.9299,0.8264,1.4661,0.7511,26457.4906,26457.4906,18714.2141,1289008.942,1289008.942
603236.SH,20241010,48.91,50.09,47.6,47.71,48.3,-0.59,-1.2215,139844.08,680942.213,47.71,5.2856,7.4726,1.06,139.1623,30.3832,3.4468,0.9107,0.8093,1.4971,0.767,26457.4906,26457.4906,18714.2141,1262286.8765,1262286.8765
603236.SH,20241009,52.01,52.2,48.0,48.3,53.24,-4.94,-9.2787,183530.95,921556.627,48.3,6.9368,9.807,1.62,140.8832,30.759,3.4894,0.9219,0.8193,1.4789,0.7576,26457.4906,26457.4906,18714.2141,1277896.796,1277896.796
603236.SH,20241008,53.25,53.25,49.1,53.24,48.41,4.83,9.9773,183357.26,956541.747,53.24,6.9303,9.7978,1.99,155.2924,33.9049,3.8463,1.0162,0.9031,1.3416,0.6873,26457.4906,26457.4906,18714.2141,1408596.7995,1408596.7995
603236.SH,20240930,46.99,48.41,45.5,48.41,44.01,4.4,9.9977,155725.62,741247.99,48.41,5.8859,8.3212,1.94,141.204,30.829,3.4973,0.924,0.8211,1.4755,0.7559,26457.4906,26457.4906,18714.2141,1280807.1199,1280807.1199
603236.SH,20240927,42.14,44.1,42.05,44.01,41.5,2.51,6.0482,65304.39,281107.773,44.01,2.4683,3.4896,0.89,128.37,28.027,3.1795,0.84,0.7465,1.623,0.8314,26457.4906,26457.4906,18714.2141,1164394.1613,1164394.1613
603236.SH,20240926,40.3,41.5,39.47,41.5,40.28,1.22,3.0288,73482.7,296857.334,41.5,2.7774,3.9266,1.12,121.0487,26.4285,2.9981,0.7921,0.7039,1.7212,0.8817,26457.4906,26457.4906,18714.2141,1097985.8599,1097985.8599
603236.SH,20240925,40.51,42.41,40.28,40.54,40.28,0.26,0.6455,88616.84,366232.019,40.54,3.3494,4.7353,1.67,118.2485,25.8172,2.8754,0.7738,0.6876,1.7619,0.2683,26457.4906,26457.4906,18714.2141,1072586.6689,1072586.6689
603236.SH,20240924,39.18,40.59,38.31,40.28,39.3,0.98,2.4936,78048.35,309408.18,40.28,2.95,4.1705,1.82,117.4902,25.6516,2.8569,0.7688,0.6832,1.7733,0.2701,26457.4906,26457.4906,18714.2141,1065707.7214,1065707.7214
603236.SH,20240923,40.9,41.74,39.2,39.3,42.3,-3.0,-7.0922,95422.67,382679.539,39.3,3.6066,5.0989,3.13,114.6317,25.0275,2.7874,0.7501,0.6666,1.8175,0.2768,26457.4906,26457.4906,18714.2141,1039779.3806,1039779.3806
603236.SH,20240920,42.88,43.14,41.85,42.3,42.75,-0.45,-1.0526,29419.76,124713.041,42.3,1.112,1.5721,1.0,123.3822,26.938,3.0002,0.8074,0.7175,1.6886,0.2572,26457.4906,26457.4906,18714.2141,1119151.8524,1119151.8524
603236.SH,20240919,42.4,43.4,41.75,42.75,41.86,0.89,2.1261,35618.36,151797.863,42.75,1.3462,1.9033,1.24,124.6948,27.2246,3.0321,0.816,0.7251,1.6708,0.2545,26457.4906,26457.4906,18714.2141,1131057.7232,1131057.7232
603236.SH,20240918,42.13,42.17,40.7,41.86,42.17,-0.31,-0.7351,27418.92,113513.286,41.86,1.0363,1.4651,0.97,122.0988,26.6578,2.969,0.799,0.71,1.7064,0.2599,26457.4906,26457.4906,18714.2141,1107510.5565,1107510.5565
603236.SH,20240913,42.66,43.19,42.1,42.17,42.8,-0.63,-1.472,26256.53,111829.167,42.17,0.9924,1.403,0.92,123.003,26.8552,2.991,0.8049,0.7153,1.6938,0.258,26457.4906,26457.4906,18714.2141,1115712.3786,1115712.3786
603236.SH,20240912,44.2,44.44,42.8,42.8,43.25,-0.45,-1.0405,33542.02,146031.638,42.8,1.2678,1.7923,1.15,124.8406,27.2564,3.0357,0.8169,0.726,1.6689,0.2542,26457.4906,26457.4906,18714.2141,1132380.5977,1132380.5977
603236.SH,20240911,43.2,43.72,42.86,43.25,43.38,-0.13,-0.2997,24929.46,107940.912,43.25,0.9422,1.3321,0.8,126.1532,27.543,3.0676,0.8255,0.7336,1.6515,0.2515,26457.4906,26457.4906,18714.2141,1144286.4685,1144286.4685
603236.SH,20240910,42.96,43.77,42.09,43.38,42.56,0.82,1.9267,30996.62,132880.654,43.38,1.1716,1.6563,0.92,126.5324,27.6258,3.0768,0.828,0.7358,1.6466,0.2508,26457.4906,26457.4906,18714.2141,1147725.9422,1147725.9422
603236.SH,20240909,42.55,43.07,42.08,42.56,43.06,-0.5,-1.1612,25484.79,108144.188,42.56,0.9632,1.3618,0.61,124.1406,27.1036,3.0186,0.8124,0.7219,1.6783,0.2556,26457.4906,26457.4906,18714.2141,1126030.7999,1126030.7999
603236.SH,20240906,43.58,43.8,42.98,43.06,43.67,-0.61,-1.3968,27654.3,119657.64,43.06,1.0452,1.4777,0.57,125.599,27.422,3.0541,0.8219,0.7304,1.6588,0.2526,26457.4906,26457.4906,18714.2141,1139259.5452,1139259.5452
603236.SH,20240905,43.0,44.2,42.89,43.67,42.99,0.68,1.5818,36727.08,160248.016,43.67,1.3882,1.9625,0.7,127.3782,27.8104,3.0974,0.8336,0.7407,1.6356,0.2491,26457.4906,26457.4906,18714.2141,1155398.6145,1155398.6145
603236.SH,20240904,42.5,43.39,42.11,42.99,42.78,0.21,0.4909,35066.91,150237.115,42.99,1.3254,1.8738,0.62,125.3948,27.3774,3.0491,0.8206,0.7292,1.6615,0.2531,26457.4906,26457.4906,18714.2141,1137407.5209,1137407.5209
603236.SH,20240903,41.5,42.89,41.3,42.78,41.62,1.16,2.7871,44229.64,187378.122,42.78,1.6717,2.3634,0.72,124.7823,27.2437,3.0342,0.8166,0.7256,1.6697,0.2543,26457.4906,26457.4906,18714.2141,1131851.4479,1131851.4479
603236.SH,20240902,43.76,43.79,41.53,41.62,43.7,-2.08,-4.7597,64685.45,274489.204,41.62,2.4449,3.4565,1.17,121.3987,26.5049,2.952,0.7944,0.706,1.7162,0.2614,26457.4906,26457.4906,18714.2141,1101160.7588,1101160.7588
603236.SH,20240830,42.9,44.29,42.77,43.7,42.95,0.75,1.7462,61254.24,268310.239,43.7,2.3152,3.2731,1.22,127.4657,27.8296,3.0995,0.8341,0.7412,1.6345,0.2489,26457.4906,26457.4906,18714.2141,1156192.3392,1156192.3392
603236.SH,20240829,41.8,43.19,41.56,42.95,42.05,0.9,2.1403,58235.49,248045.235,42.95,2.2011,3.1118,1.27,125.2781,27.3519,3.0463,0.8198,0.7285,1.6631,0.2533,26457.4906,26457.4906,18714.2141,1136349.2213,1136349.2213
603236.SH,20240828,40.69,42.7,40.69,42.05,41.38,0.67,1.6191,56678.43,238151.598,42.05,2.1422,3.0286,1.39,122.653,26.7788,2.9825,0.8026,0.7132,1.6987,0.2587,26457.4906,26457.4906,18714.2141,1112537.4797,1112537.4797
603236.SH,20240827,42.12,42.85,41.34,41.38,41.28,0.1,0.2422,66705.85,279209.495,41.38,2.5212,3.5644,1.9,120.6987,26.3521,2.9349,0.7898,0.7019,1.7262,0.2629,26457.4906,26457.4906,18714.2141,1094810.961,1094810.961
603236.SH,20240826,41.57,41.7,40.94,41.28,41.4,-0.12,-0.2899,34004.38,140115.673,41.28,1.2852,1.817,0.86,120.407,38.9531,3.0399,0.7879,0.7441,1.7303,0.2635,26457.4906,26457.4906,18714.2141,1092165.212,1092165.212
603236.SH,20240823,41.03,41.7,41.03,41.4,41.18,0.22,0.5342,35426.76,146656.219,41.4,1.339,1.893,0.9,120.757,39.0663,3.0487,0.7902,0.7462,1.7253,0.2628,26457.4906,26457.4906,18714.2141,1095340.1108,1095340.1108
603236.SH,20240822,41.9,42.03,41.1,41.18,41.86,-0.68,-1.6245,36742.5,152076.241,41.18,1.3887,1.9633,0.92,120.1153,38.8587,3.0325,0.786,0.7422,1.7345,0.2642,26457.4906,26457.4906,18714.2141,1089519.4629,1089519.4629
603236.SH,20240821,41.75,42.6,41.44,41.86,41.72,0.14,0.3356,31138.06,130936.413,41.86,1.1769,1.6639,0.8,122.0988,39.5004,3.0826,0.799,0.7545,1.7064,0.2599,26457.4906,26457.4906,18714.2141,1107510.5565,1107510.5565
603236.SH,20240820,42.25,42.46,41.54,41.72,42.55,-0.83,-1.9506,38399.34,160965.11,41.72,1.4514,2.0519,1.02,121.6904,39.3683,3.0723,0.7963,0.752,1.7121,0.2608,26457.4906,26457.4906,18714.2141,1103806.5078,1103806.5078
603236.SH,20240819,43.0,43.47,42.31,42.55,42.26,0.29,0.6862,55088.8,235671.201,42.55,2.0822,2.9437,1.67,124.1114,40.1515,3.1334,0.8122,0.7669,1.6787,0.2557,26457.4906,26457.4906,18714.2141,1125766.225,1125766.225
603236.SH,20240816,42.16,42.85,42.1,42.26,42.19,0.07,0.1659,35979.67,152794.784,42.26,1.3599,1.9226,1.1,123.2655,39.8779,3.112,0.8066,0.7617,1.6902,0.2574,26457.4906,26457.4906,18714.2141,1118093.5528,1118093.5528
603236.SH,20240815,41.87,42.98,41.61,42.19,41.98,0.21,0.5002,38150.77,161548.974,42.19,1.442,2.0386,1.15,123.0613,39.8118,3.1069,0.8053,0.7605,1.693,0.2579,26457.4906,26457.4906,18714.2141,1116241.5284,1116241.5284
603236.SH,20240814,42.7,42.85,41.98,41.98,42.45,-0.47,-1.1072,26946.5,113921.455,41.98,1.0185,1.4399,0.71,122.4488,39.6136,3.0914,0.8013,0.7567,1.7015,0.2591,26457.4906,26457.4906,18714.2141,1110685.4554,1110685.4554
603236.SH,20240813,41.62,42.65,41.62,42.45,41.62,0.83,1.9942,31527.44,133053.668,42.45,1.1916,1.6847,0.74,123.8197,40.0571,3.126,0.8103,0.7651,1.6827,0.2563,26457.4906,26457.4906,18714.2141,1123120.476,1123120.476
603236.SH,20240812,41.96,42.29,41.46,41.62,42.3,-0.68,-1.6076,32763.25,136927.634,41.62,1.2383,1.7507,0.63,121.3987,39.2739,3.0649,0.7944,0.7502,1.7162,0.2614,26457.4906,26457.4906,18714.2141,1101160.7588,1101160.7588
603236.SH,20240809,42.77,43.16,42.22,42.3,42.24,0.06,0.142,34095.6,145335.427,42.3,1.2887,1.8219,0.56,123.3822,39.9156,3.115,0.8074,0.7624,1.6886,0.2572,26457.4906,26457.4906,18714.2141,1119151.8524,1119151.8524
603236.SH,20240808,42.79,42.81,41.6,42.24,42.81,-0.57,-1.3315,41255.52,173807.708,42.24,1.5593,2.2045,0.61,123.2072,39.859,3.1106,0.8063,0.7614,1.691,0.2575,26457.4906,26457.4906,18714.2141,1117564.4029,1117564.4029
603236.SH,20240807,42.51,43.62,42.2,42.81,42.52,0.29,0.682,49435.71,212857.931,42.81,1.8685,2.6416,0.65,124.8698,40.3968,3.1525,0.8171,0.7716,1.6685,0.2541,26457.4906,26457.4906,18714.2141,1132645.1726,1132645.1726
603236.SH,20240806,42.99,43.29,41.7,42.52,42.4,0.12,0.283,56344.68,238111.548,42.52,2.1296,3.0108,0.71,124.0239,40.1232,3.1312,0.8116,0.7664,1.6799,0.2558,26457.4906,26457.4906,18714.2141,1124972.5003,1124972.5003
603236.SH,20240805,43.72,44.31,42.25,42.4,44.39,-1.99,-4.483,79927.1,345568.78,42.4,3.021,4.2709,0.98,123.6739,40.01,3.1223,0.8093,0.7642,1.6846,0.2566,26457.4906,26457.4906,18714.2141,1121797.6014,1121797.6014
603236.SH,20240802,45.9,45.9,44.33,44.39,46.38,-1.99,-4.2906,76866.49,345995.788,44.39,2.9053,4.1074,1.01,129.4784,41.8878,3.2689,0.8473,0.8001,1.6091,0.2451,26457.4906,26457.4906,18714.2141,1174448.0077,1174448.0077
603236.SH,20240801,46.66,46.95,45.7,46.38,46.42,-0.04,-0.0862,77309.7,358029.383,46.38,2.922,4.1311,1.11,135.2829,43.7656,3.4154,0.8853,0.836,1.5401,0.2346,26457.4906,26457.4906,18714.2141,1227098.414,1227098.414
603236.SH,20240731,44.58,47.07,44.56,46.42,44.93,1.49,3.3163,91699.82,422763.431,46.42,3.4659,4.9,1.45,135.3995,43.8034,3.4184,0.886,0.8367,1.5387,0.2344,26457.4906,26457.4906,18714.2141,1228156.7137,1228156.7137
603236.SH,20240730,45.43,46.2,44.51,44.93,45.4,-0.47,-1.0352,68814.65,311328.788,44.93,2.601,3.6771,1.14,131.0535,42.3973,3.3086,0.8576,0.8098,1.5898,0.2421,26457.4906,26457.4906,18714.2141,1188735.0527,1188735.0527
603236.SH,20240729,46.0,46.65,44.46,45.4,45.94,-0.54,-1.1754,93822.72,425149.858,45.4,3.5462,5.0134,1.74,132.4244,42.8409,3.3433,0.8666,0.8183,1.5733,0.2396,26457.4906,26457.4906,18714.2141,1201170.0732,1201170.0732
603236.SH,20240726,45.6,46.53,45.18,45.94,45.56,0.38,0.8341,50573.37,232267.133,45.94,1.9115,2.7024,0.92,133.9995,43.3504,3.383,0.8769,0.828,1.5548,0.2368,26457.4906,26457.4906,18714.2141,1215457.1182,1215457.1182
603236.SH,20240725,45.65,46.25,45.34,45.56,46.43,-0.87,-1.8738,44470.3,203389.024,45.56,1.6808,2.3763,0.74,132.8911,42.9918,3.355,0.8696,0.8212,1.5678,0.2388,26457.4906,26457.4906,18714.2141,1205403.2717,1205403.2717
603236.SH,20240724,47.54,47.99,46.33,46.43,47.65,-1.22,-2.5603,57544.58,270082.16,46.43,2.175,3.0749,0.88,135.4287,43.8128,3.4191,0.8862,0.8369,1.5384,0.2343,26457.4906,26457.4906,18714.2141,1228421.2886,1228421.2886
603236.SH,20240723,50.0,50.0,47.6,47.65,49.53,-1.88,-3.7957,56684.65,275780.977,47.65,2.1425,3.029,0.78,138.9873,44.964,3.5089,0.9095,0.8589,1.499,0.2283,26457.4906,26457.4906,18714.2141,1260699.4271,1260699.4271
603236.SH,20240722,51.18,51.18,49.23,49.53,50.86,-1.33,-2.615,60414.83,301078.251,49.53,2.2835,3.2283,0.81,144.4709,46.7381,3.6474,0.9454,0.8928,1.4421,0.2196,26457.4906,26457.4906,18714.2141,1310439.5094,1310439.5094
603236.SH,20240719,49.86,51.85,49.71,50.86,50.38,0.48,0.9528,56497.88,288636.547,50.86,2.1354,3.019,0.7,148.3503,47.9931,3.7453,0.9708,0.9167,1.4044,0.2139,26457.4906,26457.4906,18714.2141,1345627.9719,1345627.9719
603236.SH,20240718,51.04,51.18,49.1,50.38,51.18,-0.8,-1.5631,70088.15,351068.425,50.38,2.6491,3.7452,0.71,146.9502,47.5401,3.71,0.9616,0.9081,1.4178,0.2159,26457.4906,26457.4906,18714.2141,1332928.3764,1332928.3764
603236.SH,20240717,52.5,52.9,51.0,51.18,53.17,-1.99,-3.7427,81627.71,424081.065,51.18,3.0852,4.3618,0.79,149.2837,48.295,3.7689,0.9769,0.9225,1.3956,0.2126,26457.4906,26457.4906,18714.2141,1354094.3689,1354094.3689
603236.SH,20240716,51.08,53.18,50.88,53.17,51.1,2.07,4.0509,93830.44,489620.425,53.17,3.5465,5.0139,0.97,155.0882,50.1729,3.9154,1.0149,0.9584,1.3434,0.2046,26457.4906,26457.4906,18714.2141,1406744.7752,1406744.7752
603236.SH,20240715,51.0,52.05,50.53,51.1,51.12,-0.02,-0.0391,69701.56,357223.647,51.1,2.6345,3.7245,0.75,149.0503,48.2196,3.763,0.9754,0.9211,1.3978,0.2129,26457.4906,26457.4906,18714.2141,1351977.7697,1351977.7697
603236.SH,20240712,50.98,51.26,50.23,51.12,51.0,0.12,0.2353,87001.5,442481.29,51.12,3.2884,4.649,0.97,149.1087,48.2384,3.7645,0.9758,0.9214,1.3973,0.2128,26457.4906,26457.4906,18714.2141,1352506.9195,1352506.9195
603236.SH,20240711,49.42,51.79,48.74,51.0,48.69,2.31,4.7443,162396.98,817725.81,51.0,6.138,8.6777,2.44,148.7587,48.1252,3.7556,0.9735,0.9193,1.4006,0.2133,26457.4906,26457.4906,18714.2141,1349332.0206,1349332.0206
603236.SH,20240710,46.5,48.69,46.03,48.69,44.26,4.43,10.009,105076.91,507246.323,48.69,3.9715,5.6148,1.97,142.0208,45.9454,3.5855,0.9294,0.8776,1.467,0.2234,26457.4906,26457.4906,18714.2141,1288215.2173,1288215.2173
603236.SH,20240709,42.32,44.73,41.94,44.26,42.25,2.01,4.7574,58228.95,253377.676,44.26,2.2008,3.1115,1.15,129.0992,41.7651,3.2593,0.8448,0.7978,1.6138,0.2458,26457.4906,26457.4906,18714.2141,1171008.534,1171008.534
603236.SH,20240708,42.54,43.0,41.95,42.25,42.61,-0.36,-0.8449,50557.61,214774.963,42.25,1.9109,2.7016,0.94,123.2363,39.8684,3.1113,0.8064,0.7615,1.6906,0.2575,26457.4906,26457.4906,18714.2141,1117828.9779,1117828.9779
603236.SH,20240705,44.17,44.3,42.05,42.61,44.48,-1.87,-4.2041,71106.89,303199.888,42.61,2.6876,3.7996,1.42,124.2864,40.2081,3.1378,0.8133,0.768,1.6763,0.2553,26457.4906,26457.4906,18714.2141,1127353.6745,1127353.6745
603236.SH,20240704,44.71,46.05,44.3,44.48,44.36,0.12,0.2705,48336.84,218655.77,44.48,1.827,2.5829,1.01,129.7409,41.9727,3.2755,0.849,0.8017,1.6059,0.2446,26457.4906,26457.4906,18714.2141,1176829.1819,1176829.1819
603236.SH,20240703,44.34,45.19,43.16,44.36,44.11,0.25,0.5668,38338.12,169019.086,44.36,1.449,2.0486,0.75,129.3909,41.8595,3.2667,0.8467,0.7996,1.6102,0.2452,26457.4906,26457.4906,18714.2141,1173654.283,1173654.283
603236.SH,20240702,45.11,45.31,43.88,44.11,45.22,-1.11,-2.4547,44346.35,196847.639,44.11,1.6761,2.3697,0.82,128.6617,41.6236,3.2483,0.8419,0.7951,1.6193,0.2466,26457.4906,26457.4906,18714.2141,1167039.9104,1167039.9104
603236.SH,20240701,46.7,46.7,43.8,45.22,46.73,-1.51,-3.2313,68101.92,305248.274,45.22,2.574,3.639,1.22,131.8993,42.671,3.33,0.8631,0.8151,1.5796,0.2406,26457.4906,26457.4906,18714.2141,1196407.7249,1196407.7249
603236.SH,20240628,45.35,47.48,45.18,46.73,45.52,1.21,2.6582,51893.8,241916.216,46.73,1.9614,2.773,0.95,136.3038,44.0959,3.4412,0.892,0.8423,1.5285,0.2328,26457.4906,26457.4906,18714.2141,1236358.5357,1236358.5357
603236.SH,20240627,45.91,46.39,45.49,45.52,46.35,-0.83,-1.7907,35588.98,163271.497,45.52,1.3451,1.9017,0.64,132.7744,42.9541,3.3521,0.8689,0.8205,1.5692,0.239,26457.4906,26457.4906,18714.2141,1204344.9721,1204344.9721
603236.SH,20240626,46.0,46.58,44.76,46.35,45.67,0.68,1.4889,56910.44,258886.771,46.35,2.151,3.041,1.08,135.1954,43.7373,3.4132,0.8847,0.8354,1.5411,0.2347,26457.4906,26457.4906,18714.2141,1226304.6893,1226304.6893
603236.SH,20240625,46.93,47.27,45.4,45.67,46.7,-1.03,-2.2056,59097.34,272331.703,45.67,2.2337,3.1579,1.15,133.2119,43.0956,3.3631,0.8717,0.8232,1.564,0.2382,26457.4906,26457.4906,18714.2141,1208313.5957,1208313.5957
603236.SH,20240624,50.0,50.32,46.64,46.7,49.95,-3.25,-6.5065,75112.52,359764.948,46.7,2.839,4.0137,1.49,136.2163,44.0676,3.439,0.8914,0.8417,1.5295,0.2329,26457.4906,26457.4906,18714.2141,1235564.811,1235564.811
603236.SH,20240621,48.5,50.76,48.5,50.06,48.98,1.08,2.205,47571.8,236298.113,50.06,1.798,2.542,0.91,146.0168,47.2382,3.6571,0.9555,0.9023,1.4269,,26457.4906,26457.4906,18714.2141,1324461.9794,1324461.9794
603236.SH,20240620,49.95,50.3,48.89,48.98,49.93,-0.95,-1.9027,41041.41,202598.937,48.98,1.5512,2.1931,0.78,142.8666,46.2191,3.5782,0.9349,0.8828,1.4583,,26457.4906,26457.4906,18714.2141,1295887.8896,1295887.8896
603236.SH,20240619,51.03,51.28,49.85,49.93,50.9,-0.97,-1.9057,41538.52,208727.646,49.93,1.57,2.2196,0.81,145.6376,47.1155,3.6476,0.953,0.9,1.4306,,26457.4906,26457.4906,18714.2141,1321022.5057,1321022.5057
603236.SH,20240618,49.8,51.28,49.63,50.9,50.02,0.88,1.7593,52778.18,267596.566,50.9,1.9948,2.8202,1.1,148.467,48.0308,3.7185,0.9716,0.9174,1.4033,,26457.4906,26457.4906,18714.2141,1346686.2715,1346686.2715
603236.SH,20240617,49.58,50.78,49.13,50.02,49.1,0.92,1.8737,68292.35,340497.304,50.02,2.5812,3.6492,1.49,145.9002,47.2004,3.6542,0.9548,0.9016,1.428,,26457.4906,26457.4906,18714.2141,1323403.6798,1323403.6798
603236.SH,20240614,48.04,49.59,47.2,49.1,47.81,1.29,2.6982,56651.61,276000.37,49.1,2.1412,3.0272,1.17,143.2167,46.3323,3.587,0.9372,0.885,1.4548,1.4548,26457.4906,26457.4906,18714.2141,1299062.7885,1299062.7885
603236.SH,20240613,47.19,48.6,47.19,47.81,47.17,0.64,1.3568,45256.3,217209.151,47.81,1.7105,2.4183,0.85,139.4539,45.115,3.4927,0.9126,0.8618,1.494,1.494,26457.4906,26457.4906,18714.2141,1264932.6256,1264932.6256
603236.SH,20240612,46.88,47.9,46.85,47.17,47.0,0.17,0.3617,33733.7,160109.294,47.17,1.275,1.8026,0.59,137.5872,44.5111,3.446,0.9004,0.8502,1.5143,1.5143,26457.4906,26457.4906,18714.2141,1247999.8316,1247999.8316
603236.SH,20240611,46.19,47.1,45.5,47.0,46.49,0.51,1.097,35892.57,166796.18,47.0,1.3566,1.9179,0.58,137.0913,44.3507,3.4336,0.8971,0.8472,1.5198,1.5198,26457.4906,26457.4906,18714.2141,1243502.0582,1243502.0582
603236.SH,20240607,47.76,47.88,45.56,46.49,47.57,-1.08,-2.2703,56994.96,264447.751,46.49,2.1542,3.0455,0.88,135.6037,43.8694,3.3963,0.8874,0.838,1.5364,1.5364,26457.4906,26457.4906,18714.2141,1230008.738,1230008.738
603236.SH,20240606,48.45,48.45,46.6,47.57,48.38,-0.81,-1.6742,69319.78,329664.049,47.57,2.62,3.7041,1.1,138.7539,44.8885,3.4752,0.908,0.8574,1.5015,1.5015,26457.4906,26457.4906,18714.2141,1258582.8278,1258582.8278
603236.SH,20240605,47.7,48.68,47.4,48.38,47.43,0.95,2.003,71100.86,342421.746,48.38,2.6874,3.7993,1.26,141.1165,45.6529,3.5344,0.9235,0.872,1.4764,1.4764,26457.4906,26457.4906,18714.2141,1280013.3952,1280013.3952
603236.SH,20240604,46.7,47.52,46.2,47.43,46.88,0.55,1.1732,50687.06,238399.313,47.43,1.9158,2.7085,0.88,138.3455,44.7564,3.465,0.9053,0.8549,1.506,1.506,26457.4906,26457.4906,18714.2141,1254878.7792,1254878.7792
603236.SH,20240603,46.55,47.8,46.36,46.88,46.63,0.25,0.5361,61100.71,287726.347,46.88,2.3094,3.2649,1.1,136.7413,44.2374,3.4248,0.8948,0.845,1.5236,1.5236,26457.4906,26457.4906,18714.2141,1240327.1593,1240327.1593
603236.SH,20240531,45.7,47.81,45.67,46.63,45.79,0.84,1.8345,72743.22,342131.057,46.63,2.7494,3.8871,1.37,136.0121,44.0015,3.4065,0.89,0.8405,1.5318,1.5318,26457.4906,26457.4906,18714.2141,1233712.7867,1233712.7867
603236.SH,20240530,44.6,46.36,44.03,45.79,44.88,0.91,2.0276,60177.22,273501.924,45.79,2.2745,3.2156,1.14,133.5619,43.2089,3.3452,0.874,0.8253,1.5599,1.5599,26457.4906,26457.4906,18714.2141,1211488.4946,1211488.4946
603236.SH,20240529,45.13,45.5,44.43,44.88,45.03,-0.15,-0.3331,37984.93,170756.221,44.88,1.4357,2.0297,0.65,130.9076,42.3502,3.2787,0.8566,0.8089,1.5915,1.5915,26457.4906,26457.4906,18714.2141,1187412.1781,1187412.1781
603236.SH,20240528,46.15,46.48,44.85,45.03,46.27,-1.24,-2.6799,56693.08,258986.75,45.03,2.1428,3.0294,0.96,131.3451,42.4917,3.2897,0.8595,0.8116,1.5862,1.5862,26457.4906,26457.4906,18714.2141,1191380.8017,1191380.8017
603236.SH,20240527,45.92,46.27,45.31,46.27,45.92,0.35,0.7622,50907.43,233320.707,46.27,1.9241,2.7203,0.71,134.962,43.6618,3.3802,0.8832,0.834,1.5437,1.5437,26457.4906,26457.4906,18714.2141,1224188.0901,1224188.0901
603236.SH,20240524,46.69,47.7,45.8,45.92,47.0,-1.08,-2.2979,59789.39,278640.097,45.92,2.2598,3.1949,0.75,133.9411,43.3315,3.3547,0.8765,0.8277,1.5555,1.5555,26457.4906,26457.4906,18714.2141,1214927.9684,1214927.9684
603236.SH,20240523,47.4,48.29,46.9,47.0,47.66,-0.66,-1.3848,59267.79,281102.077,47.0,2.2401,3.167,0.62,137.0913,44.3507,3.4336,0.8971,0.8472,1.5198,1.5198,26457.4906,26457.4906,18714.2141,1243502.0582,1243502.0582
603236.SH,20240522,48.88,48.88,47.46,47.66,48.76,-1.1,-2.2559,66226.83,316985.355,47.66,2.5031,3.5389,0.65,139.0164,44.9735,3.4818,0.9097,0.859,1.4987,1.4987,26457.4906,26457.4906,18714.2141,1260964.002,1260964.002
603236.SH,20240521,49.1,49.1,48.0,48.76,49.13,-0.37,-0.7531,59122.66,286804.962,48.76,2.2346,3.1592,0.54,142.2249,46.0115,3.5622,0.9307,0.8789,1.4649,1.4649,26457.4906,26457.4906,18714.2141,1290067.2417,1290067.2417
603236.SH,20240520,47.2,49.67,46.54,49.13,47.68,1.45,3.0411,112869.09,548665.747,49.13,4.2661,6.0312,1.09,143.3042,46.3606,3.5892,0.9378,0.8855,1.4539,1.4539,26457.4906,26457.4906,18714.2141,1299856.5132,1299856.5132
603236.SH,20240517,46.83,48.2,45.97,47.68,47.48,0.2,0.4212,102854.42,483336.819,47.68,3.8875,5.4961,0.93,139.0748,44.9923,3.4833,0.9101,0.8594,1.4981,1.4981,26457.4906,26457.4906,18714.2141,1261493.1518,1261493.1518
603236.SH,20240516,45.22,47.78,45.18,47.48,45.2,2.28,5.0442,136787.42,637090.926,47.48,5.1701,7.3093,1.37,138.4914,44.8036,3.4686,0.9063,0.8558,1.5044,1.5044,26457.4906,26457.4906,18714.2141,1256201.6537,1256201.6537
603236.SH,20240515,44.0,46.73,43.68,45.2,44.28,0.92,2.0777,98750.52,446874.011,45.2,3.7324,5.2768,1.09,131.841,42.6521,3.3021,0.8628,0.8147,1.5803,1.5803,26457.4906,26457.4906,18714.2141,1195878.5751,1195878.5751
603236.SH,20240514,43.8,45.31,43.68,44.28,44.01,0.27,0.6135,94985.95,423948.459,44.28,3.5901,5.0756,1.12,129.1575,41.784,3.2349,0.8452,0.7981,1.6131,1.6131,26457.4906,26457.4906,18714.2141,1171537.6838,1171537.6838
603236.SH,20240513,43.64,44.3,42.72,44.01,44.09,-0.08,-0.1814,86604.27,378011.631,44.01,3.2733,4.6277,1.03,128.37,41.5292,3.2151,0.84,0.7933,1.623,1.623,26457.4906,26457.4906,18714.2141,1164394.1613,1164394.1613
603236.SH,20240510,42.18,45.1,41.32,44.09,42.34,1.75,4.1332,134751.02,583655.292,44.09,5.0931,7.2005,1.95,128.6033,41.6047,3.221,0.8416,0.7947,1.6201,1.6201,26457.4906,26457.4906,18714.2141,1166510.7606,1166510.7606
603236.SH,20240509,40.2,42.58,40.13,42.34,40.33,2.01,4.9839,82425.54,343658.961,42.34,3.1154,4.4044,1.21,123.4989,39.9533,3.0931,0.8082,0.7632,1.687,1.687,26457.4906,26457.4906,18714.2141,1120210.152,1120210.152
603236.SH,20240508,41.46,41.68,40.26,40.33,41.75,-1.42,-3.4012,55632.04,226729.458,40.33,2.1027,2.9727,0.74,117.636,38.0566,2.9463,0.7698,0.7269,1.7711,1.7711,26457.4906,26457.4906,18714.2141,1067030.5959,1067030.5959
603236.SH,20240507,42.08,42.47,41.26,41.75,41.9,-0.15,-0.358,64065.82,267901.225,41.75,2.4215,3.4234,0.88,121.7779,39.3966,3.05,0.7969,0.7525,1.7109,1.7109,26457.4906,26457.4906,18714.2141,1104600.2326,1104600.2326
603236.SH,20240506,41.1,42.36,40.79,41.9,40.31,1.59,3.9444,82170.85,342488.481,41.9,3.1058,4.3908,1.11,122.2154,39.5381,3.061,0.7998,0.7552,1.7047,1.7047,26457.4906,26457.4906,18714.2141,1108568.8561,1108568.8561
603236.SH,20240430,41.5,41.63,40.31,40.31,41.0,-0.69,-1.6829,61747.59,252198.633,40.31,2.3338,3.2995,0.69,117.5777,38.0378,2.9448,0.7694,0.7266,1.772,1.772,26457.4906,26457.4906,18714.2141,1066501.4461,1066501.4461
603236.SH,20240429,40.39,41.4,40.37,41.0,39.99,1.01,2.5256,76209.6,312142.174,41.0,2.8805,4.0723,0.8,119.5903,38.6889,2.9952,0.7826,0.739,1.7422,1.7422,26457.4906,26457.4906,18714.2141,1084757.1146,1084757.1146
603236.SH,20240426,37.88,40.08,37.88,39.99,38.19,1.8,4.7133,92714.65,365282.239,39.99,3.5043,4.9542,0.92,116.6443,37.7358,2.9215,0.7633,0.7208,1.7862,1.7862,26457.4906,26457.4906,18714.2141,1058035.0491,1058035.0491
603236.SH,20240425,38.27,39.17,37.91,38.19,38.75,-0.56,-1.4452,53238.22,204764.327,38.19,2.0122,2.8448,0.51,111.394,36.0373,2.79,0.729,0.6884,1.8703,1.8703,26457.4906,26457.4906,18714.2141,1010411.566,1010411.566
603236.SH,20240424,37.25,39.18,37.25,38.75,37.54,1.21,3.2232,86794.04,333580.478,38.75,3.2805,4.6379,0.85,113.0274,36.5657,2.8309,0.7396,0.6984,1.8433,1.8433,26457.4906,26457.4906,18714.2141,1025227.7608,1025227.7608
603236.SH,20240423,39.61,39.85,36.8,37.54,40.26,-2.72,-6.7561,138939.29,526398.315,37.54,5.2514,7.4243,1.54,109.498,35.4239,2.7425,0.7165,0.6766,1.9027,1.9027,26457.4906,26457.4906,18714.2141,993214.1971,993214.1971
603236.SH,20240422,41.2,41.23,38.8,40.26,41.8,-1.54,-3.6842,104620.37,418266.32,40.26,3.9543,5.5904,1.22,17.1026,62.9255,3.037,0.7485,0.7576,1.7742,1.7742,26457.4906,26457.4906,18714.2141,1065178.5716,1065178.5716
603236.SH,20240419,38.89,41.88,38.31,41.8,38.97,2.83,7.262,120793.2,491035.276,41.8,4.5656,6.4546,1.71,17.7567,65.3325,3.1532,0.7772,0.7865,1.7088,1.7088,26457.4906,26457.4906,18714.2141,1105923.1071,1105923.1071
603236.SH,20240418,37.9,39.6,37.0,38.97,38.44,0.53,1.3788,67409.01,259190.721,38.97,2.5478,3.602,1.06,16.5546,60.9093,2.9397,0.7245,0.7333,1.8329,1.8329,26457.4906,26457.4906,18714.2141,1031048.4087,1031048.4087
603236.SH,20240417,38.36,39.5,37.6,38.44,36.9,1.54,4.1734,77773.93,298498.534,38.44,2.9396,4.1559,1.43,16.3294,60.0809,2.8997,0.7147,0.7233,1.8582,1.8582,26457.4906,26457.4906,18714.2141,1017025.9387,1017025.9387
603236.SH,20240416,39.0,40.17,36.67,36.9,39.31,-2.41,-6.1308,80551.59,305176.9,36.9,3.0446,4.3043,1.81,15.6752,57.6739,2.7836,0.6861,0.6943,1.9357,1.9357,26457.4906,26457.4906,18714.2141,976281.4031,976281.4031
603236.SH,20240415,38.39,41.01,38.32,39.31,38.43,0.88,2.2899,82277.13,325513.508,39.31,3.1098,4.3965,2.39,16.699,61.4407,2.9654,0.7309,0.7397,1.8171,1.8171,26457.4906,26457.4906,18714.2141,1040043.9555,1040043.9555
603236.SH,20240412,37.79,39.33,37.72,38.43,37.8,0.63,1.6667,46130.57,178190.035,38.43,1.7436,2.465,1.47,16.3252,60.0653,2.899,0.7145,0.7231,1.8587,1.8587,26457.4906,26457.4906,18714.2141,1016761.3638,1016761.3638
603236.SH,20240411,37.32,38.69,37.1,37.8,37.32,0.48,1.2862,30999.79,117676.936,37.8,1.1717,1.6565,0.94,16.0575,59.0806,2.8515,0.7028,0.7113,1.8896,1.8896,26457.4906,26457.4906,18714.2141,1000093.1447,1000093.1447
603236.SH,20240410,38.37,38.69,37.08,37.32,38.8,-1.48,-3.8144,32015.85,120630.571,37.32,1.2101,1.7108,0.84,15.8536,58.3304,2.8153,0.6939,0.7022,1.9139,1.9139,26457.4906,26457.4906,18714.2141,987393.5492,987393.5492
603236.SH,20240409,37.91,39.02,37.91,38.8,37.91,0.89,2.3477,30746.07,118862.804,38.8,1.1621,1.6429,0.68,16.4823,60.6436,2.9269,0.7214,0.7301,1.8409,1.8409,26457.4906,26457.4906,18714.2141,1026550.6353,1026550.6353
603236.SH,20240408,39.3,39.3,37.91,37.91,39.21,-1.3,-3.3155,32237.62,124246.545,37.91,1.2185,1.7226,0.69,16.1043,59.2525,2.8598,0.7048,0.7133,1.8842,1.8842,26457.4906,26457.4906,18714.2141,1003003.4686,1003003.4686
603236.SH,20240403,39.61,39.66,38.72,39.21,39.78,-0.57,-1.4329,31383.18,122844.409,39.21,1.1862,1.677,0.63,16.6565,61.2844,2.9578,0.729,0.7378,1.8217,1.8217,26457.4906,26457.4906,18714.2141,1037398.2064,1037398.2064
603236.SH,20240402,40.59,40.74,39.53,39.78,40.7,-0.92,-2.2604,39104.38,155941.338,39.78,1.478,2.0896,0.77,16.8986,62.1753,3.0008,0.7396,0.7485,1.7956,1.7956,26457.4906,26457.4906,18714.2141,1052478.9761,1052478.9761
603236.SH,20240401,40.93,41.31,40.2,40.7,40.93,-0.23,-0.5619,58037.86,235709.035,40.7,2.1936,3.1013,1.23,17.2895,63.6132,3.0702,0.7567,0.7658,1.755,1.755,26457.4906,26457.4906,18714.2141,1076819.8674,1076819.8674
603236.SH,20240329,38.85,41.32,38.32,40.93,38.85,2.08,5.3539,65746.6,263524.194,40.93,2.485,3.5132,1.55,17.3872,63.9727,3.0876,0.761,0.7702,1.7451,1.7451,26457.4906,26457.4906,18714.2141,1082905.0903,1082905.0903
603236.SH,20240328,38.1,39.58,37.94,38.85,37.92,0.93,2.4525,38330.98,148847.407,38.85,1.4488,2.0482,0.9,16.5036,60.7217,2.9307,0.7223,0.731,1.8386,1.8386,26457.4906,26457.4906,18714.2141,1027873.5098,1027873.5098
603236.SH,20240327,40.25,40.68,37.78,37.92,40.36,-2.44,-6.0456,47356.95,184220.778,37.92,1.7899,2.5305,1.15,16.1085,59.2681,2.8605,0.705,0.7135,1.8837,1.8837,26457.4906,26457.4906,18714.2141,1003268.0436,1003268.0436
603236.SH,20240326,40.81,41.5,39.84,40.36,40.81,-0.45,-1.1027,43182.72,175700.611,40.36,1.6322,2.3075,1.03,17.145,63.0818,3.0446,0.7504,0.7594,1.7698,1.7698,26457.4906,26457.4906,18714.2141,1067824.3206,1067824.3206
603236.SH,20240325,42.22,42.38,40.8,40.81,42.25,-1.44,-3.4083,41990.76,174883.956,40.81,1.5871,2.2438,1.0,17.3362,63.7851,3.0785,0.7588,0.7679,1.7503,1.7503,26457.4906,26457.4906,18714.2141,1079730.1914,1079730.1914
603236.SH,20240322,42.69,43.28,42.1,42.25,43.06,-0.81,-1.8811,41453.3,176548.55,42.25,1.5668,2.2151,1.0,17.9479,66.0358,3.1872,0.7855,0.795,1.6906,1.6906,26457.4906,26457.4906,18714.2141,1117828.9779,1117828.9779
603236.SH,20240321,43.93,44.06,42.91,43.06,43.68,-0.62,-1.4194,38643.35,167625.307,43.06,1.4606,2.0649,0.94,18.292,67.3018,3.2483,0.8006,0.8102,1.6588,1.6588,26457.4906,26457.4906,18714.2141,1139259.5452,1139259.5452
603236.SH,20240320,43.31,44.24,43.01,43.68,43.44,0.24,0.5525,39979.21,174579.958,43.68,1.5111,2.1363,0.92,18.5554,68.2709,3.295,0.8121,0.8219,1.6353,1.6353,26457.4906,26457.4906,18714.2141,1155663.1894,1155663.1894
603236.SH,20240319,43.45,44.11,43.09,43.44,43.45,-0.01,-0.023,48352.72,211021.786,43.44,1.8276,2.5837,1.1,18.4534,67.8958,3.2769,0.8077,0.8174,1.6443,1.6443,26457.4906,26457.4906,18714.2141,1149313.3917,1149313.3917
603236.SH,20240318,42.9,43.48,42.5,43.45,42.88,0.57,1.3293,42082.28,181353.231,43.45,1.5906,2.2487,0.93,18.4577,67.9114,3.2777,0.8078,0.8176,1.6439,1.6439,26457.4906,26457.4906,18714.2141,1149577.9666,1149577.9666
603236.SH,20240315,42.15,42.92,41.63,42.88,42.16,0.72,1.7078,38930.64,164686.93,42.88,1.4714,2.0803,0.84,18.2155,67.0205,3.2347,0.7972,0.8069,1.6658,1.6658,26457.4906,26457.4906,18714.2141,1134497.1969,1134497.1969
603236.SH,20240314,42.38,42.84,41.61,42.16,42.81,-0.65,-1.5183,36668.68,154768.606,42.16,1.3859,1.9594,0.7,17.9097,65.8952,3.1804,0.7839,0.7933,1.6942,1.6942,26457.4906,26457.4906,18714.2141,1115447.8037,1115447.8037
603236.SH,20240313,42.85,43.7,42.4,42.81,42.41,0.4,0.9432,52414.0,225198.089,42.81,1.9811,2.8008,1.03,18.1858,66.9111,3.2294,0.7959,0.8055,1.6685,1.6685,26457.4906,26457.4906,18714.2141,1132645.1726,1132645.1726
603236.SH,20240312,42.4,43.26,42.08,42.41,42.39,0.02,0.0472,49191.56,209452.841,42.41,1.8593,2.6286,0.92,18.0159,66.2859,3.1992,0.7885,0.798,1.6842,1.6842,26457.4906,26457.4906,18714.2141,1122062.1763,1122062.1763
603236.SH,20240311,41.08,42.43,40.6,42.39,41.41,0.98,2.3666,49772.06,208019.463,42.39,1.8812,2.6596,0.82,18.0074,66.2547,3.1977,0.7881,0.7976,1.685,1.685,26457.4906,26457.4906,18714.2141,1121533.0265,1121533.0265
603236.SH,20240308,40.46,41.55,40.27,41.41,40.33,1.08,2.6779,43550.93,178578.88,41.41,1.6461,2.3272,0.61,17.5911,64.7229,3.1238,0.7699,0.7792,1.7249,1.7249,26457.4906,26457.4906,18714.2141,1095604.6857,1095604.6857
603236.SH,20240307,41.81,42.24,40.3,40.33,41.98,-1.65,-3.9304,65873.97,270150.02,40.33,2.4898,3.52,0.93,17.1323,63.0349,3.0423,0.7498,0.7589,1.7711,1.7711,26457.4906,26457.4906,18714.2141,1067030.5959,1067030.5959
603236.SH,20240306,41.78,42.4,40.73,41.98,41.86,0.12,0.2867,45566.91,189566.553,41.98,1.7223,2.4349,0.55,17.8332,65.6138,3.1668,0.7805,0.7899,1.7015,1.7015,26457.4906,26457.4906,18714.2141,1110685.4554,1110685.4554
603236.SH,20240305,41.96,42.54,41.3,41.86,42.89,-1.03,-2.4015,63438.73,266607.589,41.86,2.3978,3.3899,0.72,17.7822,65.4263,3.1577,0.7783,0.7877,1.7064,1.7064,26457.4906,26457.4906,18714.2141,1107510.5565,1107510.5565
603236.SH,20240304,43.12,43.87,42.3,42.89,42.87,0.02,0.0467,85027.75,365201.483,42.89,3.2137,4.5435,0.94,18.2198,67.0361,3.2354,0.7974,0.807,1.6654,1.6654,26457.4906,26457.4906,18714.2141,1134761.7718,1134761.7718
603236.SH,20240301,40.52,43.11,40.52,42.87,40.68,2.19,5.3835,94526.43,398703.555,42.87,3.5728,5.051,1.03,18.2113,67.0049,3.2339,0.7971,0.8067,1.6662,1.6662,26457.4906,26457.4906,18714.2141,1134232.622,1134232.622
603236.SH,20240229,38.9,40.99,38.9,40.68,39.09,1.59,4.0675,67346.5,270789.152,40.68,2.5455,3.5987,0.77,17.281,63.582,3.0687,0.7563,0.7655,1.7559,1.7559,26457.4906,26457.4906,18714.2141,1076290.7176,1076290.7176
603236.SH,20240228,41.68,42.75,38.89,39.09,41.66,-2.57,-6.169,104974.29,434129.936,39.09,3.9677,5.6093,1.37,16.6055,61.0968,2.9488,0.7268,0.7355,1.8273,1.8273,26457.4906,26457.4906,18714.2141,1034223.3076,1034223.3076
603236.SH,20240227,39.01,41.66,38.88,41.66,39.53,2.13,5.3883,90420.32,365662.41,41.66,3.4176,4.8316,1.35,17.6973,65.1137,3.1426,0.7746,0.7839,1.7146,1.7146,26457.4906,26457.4906,18714.2141,1102219.0584,1102219.0584
603236.SH,20240226,39.89,40.5,38.88,39.53,40.42,-0.89,-2.2019,95137.98,376439.255,39.53,3.5959,5.0837,1.58,16.7924,61.7845,2.982,0.735,0.7438,1.8069,1.8069,26457.4906,26457.4906,18714.2141,1045864.6034,1045864.6034
603236.SH,20240223,38.28,41.5,37.78,40.42,38.15,2.27,5.9502,102089.9,403590.752,40.42,3.8586,5.4552,1.9,17.1705,63.1756,3.0491,0.7515,0.7606,1.7672,1.7672,26457.4906,26457.4906,18714.2141,1069411.7701,1069411.7701
603236.SH,20240222,37.68,38.4,37.3,38.15,37.2,0.95,2.5538,44170.57,167295.742,38.15,1.6695,2.3603,0.72,16.2062,59.6276,2.8779,0.7093,0.7178,1.8723,1.8723,26457.4906,26457.4906,18714.2141,1009353.2664,1009353.2664
603236.SH,20240221,36.87,38.59,36.6,37.2,37.36,-0.16,-0.4283,52412.32,197346.511,37.2,1.981,2.8007,0.78,15.8027,58.1428,2.8062,0.6916,0.7,1.9201,1.9201,26457.4906,26457.4906,18714.2141,984218.6503,984218.6503
603236.SH,20240220,36.83,37.46,36.2,37.36,37.15,0.21,0.5653,40301.65,148260.883,37.36,1.5233,2.1535,0.53,15.8706,58.3929,2.8183,0.6946,0.703,1.9119,1.9119,26457.4906,26457.4906,18714.2141,988451.8488,988451.8488
603236.SH,20240219,37.5,37.66,36.17,37.15,36.63,0.52,1.4196,63026.18,232102.532,37.15,2.3822,3.3678,0.82,15.7814,58.0646,2.8024,0.6907,0.699,1.9227,1.9227,26457.4906,26457.4906,18714.2141,982895.7758,982895.7758
603236.SH,20240208,34.79,37.2,34.5,36.63,34.21,2.42,7.074,69324.63,251722.971,36.63,2.6202,3.7044,0.93,15.5605,57.2519,2.7632,0.681,0.6892,1.95,1.95,26457.4906,26457.4906,18714.2141,969137.8807,969137.8807
603236.SH,20240207,32.67,35.02,32.31,34.21,32.73,1.48,4.5218,82866.04,282135.559,34.21,3.132,4.428,1.14,14.5325,53.4695,2.5806,0.636,0.6437,2.0879,2.0879,26457.4906,26457.4906,18714.2141,905110.7534,905110.7534
603236.SH,20240206,30.2,32.99,29.78,32.73,30.7,2.03,6.6124,81488.3,256464.019,32.73,3.08,4.3544,1.23,13.9038,51.1563,2.469,0.6085,0.6159,2.1824,2.1824,26457.4906,26457.4906,18714.2141,865953.6673,865953.6673
603236.SH,20240205,33.43,33.6,30.29,30.7,33.66,-2.96,-8.7938,80495.12,253862.932,30.7,3.0424,4.3013,1.31,13.0414,47.9834,2.3159,0.5708,0.5777,2.3267,2.3267,26457.4906,26457.4906,18714.2141,812244.9614,812244.9614
603236.SH,20240202,35.37,35.67,32.2,33.66,34.72,-1.06,-3.053,70923.02,241283.37,33.66,2.6806,3.7898,1.22,14.2989,52.6099,2.5392,0.6258,0.6334,2.1221,2.1221,26457.4906,26457.4906,18714.2141,890559.1336,890559.1336
603236.SH,20240201,34.62,35.68,34.04,34.72,34.68,0.04,0.1153,55312.14,192524.113,34.72,2.0906,2.9556,0.99,14.7491,54.2666,2.6191,0.6455,0.6533,2.0573,2.0573,26457.4906,26457.4906,18714.2141,918604.0736,918604.0736
603236.SH,20240131,37.13,37.48,34.62,34.68,37.16,-2.48,-6.6738,74849.62,266292.862,34.68,2.8291,3.9996,1.47,14.7322,54.2041,2.6161,0.6448,0.6526,2.0596,2.0596,26457.4906,26457.4906,18714.2141,917545.774,917545.774
603236.SH,20240130,38.8,39.1,37.13,37.16,38.93,-1.77,-4.5466,49546.87,188391.422,37.16,1.8727,2.6476,1.0,15.7857,58.0803,2.8032,0.6909,0.6992,1.9222,1.9222,26457.4906,26457.4906,18714.2141,983160.3507,983160.3507
603236.SH,20240129,40.89,41.12,38.84,38.93,40.85,-1.92,-4.7001,56665.87,224235.07,38.93,2.1418,3.028,1.17,16.5376,60.8467,2.9367,0.7238,0.7325,1.8348,1.8348,26457.4906,26457.4906,18714.2141,1029990.1091,1029990.1091
603236.SH,20240126,42.8,43.3,40.73,40.85,42.38,-1.53,-3.6102,54697.96,228561.518,40.85,2.0674,2.9228,1.26,17.3532,63.8477,3.0815,0.7595,0.7687,1.7486,1.7486,26457.4906,26457.4906,18714.2141,1080788.491,1080788.491
603236.SH,20240125,41.27,42.46,40.68,42.38,41.07,1.31,3.1897,43474.29,181253.855,42.38,1.6432,2.3231,0.97,18.0031,66.239,3.197,0.7879,0.7974,1.6854,1.6854,26457.4906,26457.4906,18714.2141,1121268.4516,1121268.4516
603236.SH,20240124,41.27,41.8,39.26,41.07,41.08,-0.01,-0.0243,49536.51,199965.609,41.07,1.8723,2.647,1.22,17.4466,64.1915,3.0981,0.7636,0.7728,1.7392,1.7392,26457.4906,26457.4906,18714.2141,1086609.1389,1086609.1389
603236.SH,20240123,41.0,41.56,40.36,41.08,40.94,0.14,0.342,42511.07,174625.854,41.08,1.6068,2.2716,1.01,17.4509,64.2072,3.0989,0.7638,0.773,1.7388,1.7388,26457.4906,26457.4906,18714.2141,1086873.7138,1086873.7138
603236.SH,20240122,43.5,44.12,40.56,40.94,43.57,-2.63,-6.0363,51329.32,216478.113,40.94,1.9401,2.7428,1.24,17.3914,63.9883,3.0883,0.7612,0.7703,1.7447,1.7447,26457.4906,26457.4906,18714.2141,1083169.6652,1083169.6652
603236.SH,20240119,44.16,44.8,43.57,43.57,44.04,-0.47,-1.0672,29686.14,130863.061,43.57,1.122,1.5863,0.74,18.5087,68.099,3.2867,0.8101,0.8198,1.6394,1.6394,26457.4906,26457.4906,18714.2141,1152752.8654,1152752.8654
603236.SH,20240118,43.32,44.34,42.86,44.04,44.03,0.01,0.0227,51507.03,223807.147,44.04,1.9468,2.7523,1.39,18.7083,68.8336,3.3222,0.8188,0.8287,1.6219,1.6219,26457.4906,26457.4906,18714.2141,1165187.886,1165187.886
603236.SH,20240117,45.12,45.33,44.01,44.03,45.13,-1.1,-2.4374,27618.7,123180.652,44.03,1.0439,1.4758,0.72,18.7041,68.8179,3.3214,0.8186,0.8285,1.6223,1.6223,26457.4906,26457.4906,18714.2141,1164923.3111,1164923.3111
603236.SH,20240116,46.0,46.0,44.33,45.13,45.92,-0.79,-1.7204,49942.95,224218.233,45.13,1.8877,2.6687,1.42,19.1713,70.5372,3.4044,0.8391,0.8492,1.5827,1.5827,26457.4906,26457.4906,18714.2141,1194026.5508,1194026.5508
603236.SH,20240115,46.88,46.98,45.35,45.92,47.08,-1.16,-2.4639,48971.03,225220.276,45.92,1.8509,2.6168,1.33,19.5069,71.772,3.464,0.8538,0.8641,1.5555,1.5555,26457.4906,26457.4906,18714.2141,1214927.9684,1214927.9684
603236.SH,20240112,47.84,47.84,46.67,47.08,47.84,-0.76,-1.5886,22857.2,107922.193,47.08,0.8639,1.2214,0.47,19.9997,73.585,3.5515,0.8753,0.8859,1.5172,1.5172,26457.4906,26457.4906,18714.2141,1245618.6574,1245618.6574
603236.SH,20240111,46.27,48.29,46.01,47.84,46.27,1.57,3.3931,35628.22,168599.549,47.84,1.3466,1.9038,0.75,20.3226,74.7729,3.6088,0.8895,0.9002,1.4931,1.4931,26457.4906,26457.4906,18714.2141,1265726.3503,1265726.3503
603236.SH,20240110,46.14,47.08,45.04,46.27,46.41,-0.14,-0.3017,34250.31,158329.65,46.27,1.2945,1.8302,0.7,19.6556,72.319,3.4904,0.8603,0.8706,1.5437,1.5437,26457.4906,26457.4906,18714.2141,1224188.0901,1224188.0901
603236.SH,20240109,46.84,47.74,46.12,46.41,46.8,-0.39,-0.8333,34735.09,162825.62,46.41,1.3129,1.8561,0.72,19.7151,72.5378,3.501,0.8629,0.8733,1.5391,1.5391,26457.4906,26457.4906,18714.2141,1227892.1387,1227892.1387
603236.SH,20240108,46.12,48.08,46.09,46.8,47.62,-0.82,-1.722,55976.88,264415.83,46.8,2.1157,2.9911,1.24,19.8808,73.1474,3.5304,0.8701,0.8806,1.5263,1.5263,26457.4906,26457.4906,18714.2141,1238210.5601,1238210.5601
603236.SH,20240105,51.74,51.74,47.22,47.62,51.61,-3.99,-7.7311,84399.08,413431.329,47.62,3.19,4.5099,1.99,20.2291,74.429,3.5922,0.8854,0.896,1.5,1.5,26457.4906,26457.4906,18714.2141,1259905.7024,1259905.7024
603236.SH,20240104,51.27,52.5,50.72,51.61,51.29,0.32,0.6239,29378.48,151473.027,51.61,1.1104,1.5698,0.71,21.9241,80.6653,3.8932,0.9596,0.9711,1.384,1.384,26457.4906,26457.4906,18714.2141,1365471.0899,1365471.0899
603236.SH,20240103,52.8,52.8,50.71,51.29,52.81,-1.52,-2.8782,41290.37,212570.692,51.29,1.5606,2.2064,1.06,21.7881,80.1652,3.8691,0.9536,0.9651,1.3926,1.3926,26457.4906,26457.4906,18714.2141,1357004.6929,1357004.6929
603236.SH,20240102,53.9,54.17,52.8,52.81,53.75,-0.94,-1.7488,30413.07,162222.993,52.81,1.1495,1.6251,0.8,22.4338,82.5409,3.9838,0.9819,0.9937,1.3526,1.3526,26457.4906,26457.4906,18714.2141,1397220.0786,1397220.0786
603236.SH,20231229,53.99,54.49,53.35,53.75,54.23,-0.48,-0.8851,39456.97,212691.275,53.75,1.4913,2.1084,1.12,22.8331,84.0101,4.0547,0.9993,1.0114,0.7565,1.3289,26457.4906,26457.4906,18714.2141,1422090.1198,1422090.1198
603236.SH,20231228,50.99,54.86,50.4,54.23,50.71,3.52,6.9414,72043.34,384362.264,54.23,2.723,3.8497,2.7,23.037,84.7603,4.0909,1.0083,1.0204,0.7498,1.3171,26457.4906,26457.4906,18714.2141,1434789.7152,1434789.7152
603236.SH,20231227,50.61,50.96,49.94,50.71,50.87,-0.16,-0.3145,24694.03,124554.477,50.71,0.9333,1.3195,0.92,21.5417,79.2586,3.8253,0.9428,0.9542,0.8018,1.4086,26457.4906,26457.4906,18714.2141,1341659.3483,1341659.3483
603236.SH,20231226,51.0,51.3,49.7,50.87,51.11,-0.24,-0.4696,28726.4,144880.53,50.87,1.0858,1.535,1.1,21.6097,79.5087,3.8374,0.9458,0.9572,0.7993,1.4041,26457.4906,26457.4906,18714.2141,1345892.5468,1345892.5468
603236.SH,20231225,50.45,51.35,50.04,51.11,50.58,0.53,1.0478,25204.51,128024.246,51.11,0.9526,1.3468,0.93,21.7117,79.8838,3.8555,0.9503,0.9617,0.7955,1.3975,26457.4906,26457.4906,18714.2141,1352242.3446,1352242.3446
603236.SH,20231222,50.69,50.99,49.98,50.58,50.91,-0.33,-0.6482,26151.22,131907.306,50.58,0.9884,1.3974,1.0,21.4865,79.0554,3.8155,0.9404,0.9517,0.8039,1.4122,26457.4906,26457.4906,18714.2141,1338219.8745,1338219.8745
603236.SH,20231221,50.15,51.26,49.67,50.91,50.29,0.62,1.2328,28638.81,144509.629,50.91,1.0824,1.5303,1.16,21.6267,79.5712,3.8404,0.9465,0.9579,0.7987,1.403,26457.4906,26457.4906,18714.2141,1346950.8464,1346950.8464
603236.SH,20231220,51.7,51.72,50.14,50.29,51.7,-1.41,-2.7273,25704.32,130032.401,50.29,0.9715,1.3735,0.97,21.3633,78.6022,3.7937,0.935,0.9463,0.8085,1.4203,26457.4906,26457.4906,18714.2141,1330547.2023,1330547.2023
603236.SH,20231219,50.01,52.19,50.01,51.7,50.46,1.24,2.4574,25327.38,130287.782,51.7,0.9573,1.3534,0.89,21.9623,80.806,3.9,0.9612,0.9728,0.7864,1.3816,26457.4906,26457.4906,18714.2141,1367852.264,1367852.264
603236.SH,20231218,51.44,51.44,50.28,50.46,51.71,-1.25,-2.4173,29310.71,148753.846,50.46,1.1078,1.5662,1.0,21.4355,78.8679,3.8065,0.9382,0.9495,0.8058,1.4155,26457.4906,26457.4906,18714.2141,1335044.9757,1335044.9757
603236.SH,20231215,52.3,52.64,51.6,51.71,52.22,-0.51,-0.9766,21576.46,112258.734,51.71,0.8155,1.1529,0.66,21.9665,80.8216,3.9008,0.9614,0.973,0.7863,1.3813,26457.4906,26457.4906,18714.2141,1368116.8389,1368116.8389
603236.SH,20231214,53.1,53.27,52.18,52.22,52.54,-0.32,-0.6091,21638.24,114016.91,52.22,0.8178,1.1562,0.64,22.1832,81.6187,3.9392,0.9709,0.9826,0.7786,1.3678,26457.4906,26457.4906,18714.2141,1381610.1591,1381610.1591
603236.SH,20231213,52.98,54.23,52.43,52.54,52.72,-0.18,-0.3414,34450.3,183336.219,52.54,1.3021,1.8409,1.05,22.3191,82.1189,3.9634,0.9768,0.9886,0.7739,1.3595,26457.4906,26457.4906,18714.2141,1390076.5561,1390076.5561
603236.SH,20231212,52.55,53.55,52.4,52.72,52.55,0.17,0.3235,36011.78,190555.368,52.72,1.3611,1.9243,1.11,22.3956,82.4002,3.977,0.9802,0.992,0.7712,1.3549,26457.4906,26457.4906,18714.2141,1394838.9044,1394838.9044
603236.SH,20231211,52.28,52.77,51.02,52.55,52.12,0.43,0.825,33113.12,171524.204,52.55,1.2516,1.7694,1.04,22.3234,82.1345,3.9641,0.977,0.9888,0.7737,1.3592,26457.4906,26457.4906,18714.2141,1390341.131,1390341.131
603236.SH,20231208,51.2,52.78,51.1,52.12,51.06,1.06,2.076,38444.03,200335.291,52.12,1.453,2.0543,1.26,22.1407,81.4624,3.9317,0.969,0.9807,0.7801,1.3705,26457.4906,26457.4906,18714.2141,1378964.4101,1378964.4101
603236.SH,20231207,50.4,51.49,50.27,51.06,50.61,0.45,0.8892,25954.19,131931.371,51.06,0.981,1.3869,0.84,21.6904,79.8057,3.8517,0.9493,0.9608,0.7963,1.3989,26457.4906,26457.4906,18714.2141,1350919.47,1350919.47
603236.SH,20231206,50.36,51.3,50.0,50.61,50.5,0.11,0.2178,30418.93,153954.489,50.61,1.1497,1.6254,0.85,21.4993,79.1023,3.8178,0.941,0.9523,0.8034,1.4114,26457.4906,26457.4906,18714.2141,1339013.5993,1339013.5993
603236.SH,20231205,51.61,51.92,50.49,50.5,51.93,-1.43,-2.7537,34086.31,173627.116,50.5,1.2883,1.8214,0.99,21.4525,78.9304,3.8095,0.9389,0.9502,0.8051,1.4144,26457.4906,26457.4906,18714.2141,1336103.2753,1336103.2753
603236.SH,20231204,52.83,52.93,51.72,51.93,52.84,-0.91,-1.7222,29722.77,154909.877,51.93,1.1234,1.5882,0.82,22.06,81.1655,3.9174,0.9655,0.9771,0.783,1.3755,26457.4906,26457.4906,18714.2141,1373937.4869,1373937.4869
603236.SH,20231201,52.0,53.0,51.4,52.84,52.07,0.77,1.4788,31983.16,167099.019,52.84,1.2089,1.709,0.91,22.4466,82.5878,3.986,0.9824,0.9943,0.7695,1.3518,26457.4906,26457.4906,18714.2141,1398013.8033,1398013.8033
603236.SH,20231130,52.66,52.8,51.57,52.07,52.66,-0.59,-1.1204,28448.72,148274.746,52.07,1.0753,1.5202,0.75,22.1195,81.3843,3.9279,0.9681,0.9798,0.7809,1.3718,26457.4906,26457.4906,18714.2141,1377641.5355,1377641.5355
603236.SH,20231129,52.5,54.85,52.43,52.66,52.61,0.05,0.095,54820.56,293384.943,52.66,2.072,2.9294,1.54,22.3701,82.3064,3.9724,0.9791,0.9909,0.7721,1.3564,26457.4906,26457.4906,18714.2141,1393251.455,1393251.455
603236.SH,20231128,52.67,53.14,51.95,52.61,52.7,-0.09,-0.1708,26965.78,141475.548,52.61,1.0192,1.4409,0.7,22.3489,82.2283,3.9687,0.9781,0.9899,0.7728,1.3577,26457.4906,26457.4906,18714.2141,1391928.5805,1391928.5805
603236.SH,20231127,51.64,53.9,51.62,52.7,52.09,0.61,1.1711,38407.6,202846.454,52.7,1.4517,2.0523,0.98,22.3871,82.369,3.9755,0.9798,0.9916,0.7715,1.3554,26457.4906,26457.4906,18714.2141,1394309.7546,1394309.7546
603236.SH,20231124,53.11,53.35,51.9,52.09,53.05,-0.96,-1.8096,28012.48,146304.695,52.09,1.0588,1.4969,0.67,22.128,81.4155,3.9294,0.9685,0.9802,0.7806,1.3713,26457.4906,26457.4906,18714.2141,1378170.6854,1378170.6854
603236.SH,20231123,52.15,53.3,51.51,53.05,52.16,0.89,1.7063,41704.86,218543.956,53.05,1.5763,2.2285,0.97,22.5358,82.916,4.0019,0.9863,0.9982,0.7664,1.3464,26457.4906,26457.4906,18714.2141,1403569.8763,1403569.8763
603236.SH,20231122,53.16,53.75,52.11,52.16,53.8,-1.64,-3.0483,42370.36,223908.546,52.16,1.6015,2.2641,0.84,22.1577,81.525,3.9347,0.9698,0.9815,0.7795,1.3694,26457.4906,26457.4906,18714.2141,1380022.7097,1380022.7097
603236.SH,20231121,55.25,55.25,53.66,53.8,54.98,-1.18,-2.1462,43414.06,235423.277,53.8,1.6409,2.3198,0.73,22.8544,84.0882,4.0584,1.0003,1.0123,0.7557,1.3277,26457.4906,26457.4906,18714.2141,1423412.9943,1423412.9943
603236.SH,20231120,55.12,55.35,54.12,54.98,55.12,-0.14,-0.254,39833.45,217842.817,54.98,1.5056,2.1285,0.59,23.3556,85.9325,4.1474,1.0222,1.0345,0.7395,1.2992,26457.4906,26457.4906,18714.2141,1454632.8332,1454632.8332
603236.SH,20231117,54.5,55.43,54.44,55.12,54.81,0.31,0.5656,42057.3,231037.078,55.12,1.5896,2.2473,0.62,23.4151,86.1514,4.158,1.0248,1.0372,0.7377,1.2959,26457.4906,26457.4906,18714.2141,1458336.8819,1458336.8819
603236.SH,20231116,55.75,55.99,54.75,54.81,55.88,-1.07,-1.9148,47296.37,260994.702,54.81,1.7876,2.5273,0.67,23.2834,85.6668,4.1346,1.0191,1.0313,0.7418,1.3032,26457.4906,26457.4906,18714.2141,1450135.0598,1450135.0598
603236.SH,20231115,56.58,57.38,55.22,55.88,55.7,0.18,0.3232,79810.34,447287.005,55.88,3.0165,4.2647,1.08,23.738,87.3392,4.2153,1.0389,1.0515,0.7276,1.2782,26457.4906,26457.4906,18714.2141,1478444.5747,1478444.5747
603236.SH,20231114,53.42,56.39,53.3,55.7,53.7,2.0,3.7244,87552.43,482132.614,55.7,3.3092,4.6784,1.23,23.6615,87.0579,4.2018,1.0356,1.0481,0.73,1.2824,26457.4906,26457.4906,18714.2141,1473682.2264,1473682.2264
603236.SH,20231113,52.26,54.13,51.4,53.7,51.43,2.27,4.4138,83629.4,443292.3,53.7,3.1609,4.4688,1.19,22.8119,83.9319,4.0509,0.9984,1.0104,0.7572,1.3301,26457.4906,26457.4906,18714.2141,1420767.2452,1420767.2452
603236.SH,20231110,50.8,51.79,50.6,51.43,51.23,0.2,0.3904,42992.94,220311.848,51.43,1.625,2.2973,0.59,21.8476,80.384,3.8796,0.9562,0.9677,0.7906,1.3889,26457.4906,26457.4906,18714.2141,1360708.7416,1360708.7416
603236.SH,20231109,51.96,52.86,50.8,51.23,52.19,-0.96,-1.8394,58378.28,301330.074,51.23,2.2065,3.1195,0.8,21.7626,80.0714,3.8646,0.9525,0.964,0.7937,1.3943,26457.4906,26457.4906,18714.2141,1355417.2434,1355417.2434
603236.SH,20231108,51.41,54.43,51.17,52.19,51.43,0.76,1.4777,98500.02,517103.386,52.19,3.723,5.2634,1.58,22.1704,81.5718,3.937,0.9703,0.982,0.7791,1.3686,26457.4906,26457.4906,18714.2141,1380816.4344,1380816.4344
603236.SH,20231107,50.17,51.78,49.85,51.43,50.27,1.16,2.3075,73605.19,376196.449,51.43,2.782,3.9331,1.24,21.8476,80.384,3.8796,0.9562,0.9677,0.7906,1.3889,26457.4906,26457.4906,18714.2141,1360708.7416,1360708.7416
603236.SH,20231106,49.35,50.71,48.93,50.27,48.64,1.63,3.3512,77251.21,385502.15,50.27,2.9198,4.1279,1.15,21.3548,78.5709,3.7921,0.9346,0.9459,0.8088,1.4209,26457.4906,26457.4906,18714.2141,1330018.0525,1330018.0525
603236.SH,20231103,47.67,49.0,47.65,48.64,47.65,0.99,2.0776,54370.59,264126.118,48.64,2.055,2.9053,0.64,20.6624,76.0233,3.6692,0.9043,0.9152,0.8359,1.4685,26457.4906,26457.4906,18714.2141,1286892.3428,1286892.3428
603236.SH,20231102,47.7,49.23,47.65,47.65,48.08,-0.43,-0.8943,59501.16,287202.588,47.65,2.2489,3.1795,0.74,20.2418,74.4759,3.5945,0.8859,0.8966,0.8533,1.499,26457.4906,26457.4906,18714.2141,1260699.4271,1260699.4271
603236.SH,20231101,47.96,48.9,47.48,48.08,47.91,0.17,0.3548,47055.76,226719.751,48.08,1.7785,2.5144,0.59,20.4245,75.148,3.6269,0.8939,0.9047,0.8457,1.4856,26457.4906,26457.4906,18714.2141,1272076.148,1272076.148
603236.SH,20231031,48.15,48.81,47.61,47.91,48.28,-0.37,-0.7664,59425.57,285837.439,47.91,2.2461,3.1754,0.75,20.3523,74.8823,3.6141,0.8908,0.9015,0.8487,1.4909,26457.4906,26457.4906,18714.2141,1267578.3746,1267578.3746
603236.SH,20231030,47.3,49.38,47.06,48.28,47.43,0.85,1.7921,116678.64,565463.968,48.28,4.41,6.2348,1.68,20.5095,75.4606,3.642,0.8976,0.9085,0.8422,1.4795,26457.4906,26457.4906,18714.2141,1277367.6462,1277367.6462
603236.SH,20231027,48.77,48.8,46.3,47.43,46.29,1.14,2.4627,140880.83,666403.583,47.43,5.3248,7.528,2.81,20.1484,74.1321,3.5779,0.8818,0.8925,0.8572,1.506,26457.4906,26457.4906,18714.2141,1254878.7792,1254878.7792
603236.SH,20231026,44.9,46.29,44.9,46.29,42.08,4.21,10.0048,35967.48,165203.293,46.29,1.3594,1.9219,0.7,19.6641,72.3503,3.4919,0.8606,0.871,0.8784,1.5431,26457.4906,26457.4906,18714.2141,1224717.2399,1224717.2399
603236.SH,20231025,41.85,42.9,41.56,42.08,41.67,0.41,0.9839,45009.89,189855.541,42.08,1.7012,2.4051,0.91,17.8757,48.251,3.244,0.7824,0.7922,0.9662,1.6974,26457.4906,26457.4906,18714.2141,1113331.2044,1113331.2044
603236.SH,20231024,41.6,42.82,40.66,41.67,41.67,0.0,0.0,60178.05,250495.33,41.67,2.2745,3.2156,1.37,17.7015,47.7809,3.2124,0.7747,0.7845,0.9757,1.7141,26457.4906,26457.4906,18714.2141,1102483.6333,1102483.6333
603236.SH,20231023,43.19,44.18,41.25,41.67,43.56,-1.89,-4.3388,65366.39,275940.216,41.67,2.4706,3.4929,1.59,17.7015,47.7809,3.2124,0.7747,0.7845,0.9757,1.7141,26457.4906,26457.4906,18714.2141,1102483.6333,1102483.6333
603236.SH,20231020,44.86,45.6,43.5,43.56,45.33,-1.77,-3.9047,43726.06,193272.09,43.56,1.6527,2.3365,0.89,18.5044,49.948,3.3581,0.8099,0.8201,0.9334,1.6398,26457.4906,26457.4906,18714.2141,1152488.2905,1152488.2905
603236.SH,20231019,45.35,46.77,45.08,45.33,45.57,-0.24,-0.5267,41271.0,188940.2,45.33,1.5599,2.2053,0.86,19.2563,51.9776,3.4946,0.8428,0.8534,0.897,1.5757,26457.4906,26457.4906,18714.2141,1199318.0489,1199318.0489
603236.SH,20231018,46.6,47.1,45.33,45.57,46.47,-0.9,-1.9367,35768.58,164179.065,45.57,1.3519,1.9113,0.71,19.3583,52.2528,3.5131,0.8473,0.8579,0.8922,1.5674,26457.4906,26457.4906,18714.2141,1205667.8466,1205667.8466
603236.SH,20231017,46.79,47.42,45.99,46.47,46.8,-0.33,-0.7051,33227.56,154673.568,46.47,1.2559,1.7755,0.64,19.7406,53.2848,3.5825,0.864,0.8749,0.875,1.5371,26457.4906,26457.4906,18714.2141,1229479.5882,1229479.5882
603236.SH,20231016,48.0,48.25,46.32,46.8,48.25,-1.45,-3.0052,50941.55,239478.296,46.8,1.9254,2.7221,1.03,19.8808,53.6632,3.6079,0.8701,0.8811,0.8688,1.5263,26457.4906,26457.4906,18714.2141,1238210.5601,1238210.5601
603236.SH,20231013,47.1,49.68,46.69,48.25,47.23,1.02,2.1596,84494.51,409151.347,48.25,3.1936,4.515,2.09,20.4967,55.3258,3.7197,0.8971,0.9084,0.8427,1.4804,26457.4906,26457.4906,18714.2141,1276573.9215,1276573.9215
603236.SH,20231012,47.09,47.67,46.7,47.23,47.0,0.23,0.4894,36060.71,170227.626,47.23,1.363,1.9269,0.93,20.0634,54.1562,3.641,0.8781,0.8892,0.8609,1.5124,26457.4906,26457.4906,18714.2141,1249587.281,1249587.281
603236.SH,20231011,46.58,47.6,45.79,47.0,46.33,0.67,1.4461,47049.32,220336.973,47.0,1.7783,2.5141,1.33,19.9657,53.8925,3.6233,0.8738,0.8848,0.8651,1.5198,26457.4906,26457.4906,18714.2141,1243502.0582,1243502.0582
603236.SH,20231010,45.6,46.78,45.54,46.33,45.54,0.79,1.7347,39962.47,184717.96,46.33,1.5104,2.1354,1.11,19.6811,53.1243,3.5717,0.8614,0.8722,0.8776,1.5417,26457.4906,26457.4906,18714.2141,1225775.5395,1225775.5395
603236.SH,20231009,45.5,46.0,44.96,45.54,45.66,-0.12,-0.2628,39717.24,180083.872,45.54,1.5012,2.1223,1.08,19.3455,52.2184,3.5108,0.8467,0.8574,0.8928,1.5685,26457.4906,26457.4906,18714.2141,1204874.1219,1204874.1219
603236.SH,20230928,44.97,45.89,44.95,45.66,44.68,0.98,2.1934,39794.16,181117.969,45.66,1.5041,2.1264,1.14,19.3965,52.356,3.52,0.8489,0.8596,0.8905,1.5644,26457.4906,26457.4906,18714.2141,1208049.0208,1208049.0208
603236.SH,20230927,44.8,45.64,44.55,44.68,44.85,-0.17,-0.379,27708.2,124696.137,44.68,1.0473,1.4806,0.77,18.9802,51.2323,3.4445,0.8307,0.8412,0.91,1.5987,26457.4906,26457.4906,18714.2141,1182120.68,1182120.68
603236.SH,20230926,45.15,45.78,44.6,44.85,45.36,-0.51,-1.1243,29979.86,135185.607,44.85,1.1331,1.602,0.81,19.0524,51.4272,3.4576,0.8339,0.8444,0.9066,1.5926,26457.4906,26457.4906,18714.2141,1186618.4534,1186618.4534
603236.SH,20230925,46.38,46.38,44.74,45.36,46.05,-0.69,-1.4984,42075.21,190473.466,45.36,1.5903,2.2483,1.19,19.269,52.012,3.4969,0.8434,0.854,0.8964,1.5747,26457.4906,26457.4906,18714.2141,1200111.7736,1200111.7736
603236.SH,20230922,44.6,46.23,44.59,46.05,44.89,1.16,2.5841,45141.96,206028.402,46.05,1.7062,2.4122,1.27,19.5622,52.8032,3.5501,0.8562,0.867,0.8829,1.5511,26457.4906,26457.4906,18714.2141,1218367.4421,1218367.4421
603236.SH,20230921,45.01,45.67,44.64,44.89,45.1,-0.21,-0.4656,29358.58,132258.263,44.89,1.1097,1.5688,0.76,19.0694,51.4731,3.4606,0.8346,0.8451,0.9058,1.5912,26457.4906,26457.4906,18714.2141,1187676.753,1187676.753
603236.SH,20230920,45.2,46.1,44.95,45.1,45.16,-0.06,-0.1329,34210.78,155613.146,45.1,1.293,1.8281,0.9,19.1586,51.7139,3.4768,0.8385,0.8491,0.9015,1.5838,26457.4906,26457.4906,18714.2141,1193232.8261,1193232.8261
603236.SH,20230919,45.8,46.3,45.11,45.16,46.06,-0.9,-1.954,35356.07,161035.508,45.16,1.3363,1.8893,0.97,19.1841,51.7827,3.4815,0.8396,0.8502,0.9003,1.5817,26457.4906,26457.4906,18714.2141,1194820.2755,1194820.2755
603236.SH,20230918,45.95,47.26,45.76,46.06,46.26,-0.2,-0.4323,33416.25,155288.317,46.06,1.263,1.7856,0.89,19.5664,52.8147,3.5508,0.8564,0.8671,0.8827,1.5508,26457.4906,26457.4906,18714.2141,1218632.017,1218632.017
603236.SH,20230915,47.13,47.64,46.05,46.26,47.13,-0.87,-1.846,45932.59,213887.691,46.26,1.7361,2.4544,1.3,19.6514,53.044,3.5663,0.8601,0.8709,0.8789,1.5441,26457.4906,26457.4906,18714.2141,1223923.5152,1223923.5152
603236.SH,20230914,47.4,48.56,46.91,47.13,47.12,0.01,0.0212,43188.56,205700.404,47.13,1.6324,2.3078,1.19,20.0209,54.0416,3.6333,0.8763,0.8873,0.8627,1.5156,26457.4906,26457.4906,18714.2141,1246941.532,1246941.532
603236.SH,20230913,48.0,48.14,46.56,47.12,48.31,-1.19,-2.4633,32175.25,151634.669,47.12,1.2161,1.7193,0.86,20.0167,54.0301,3.6326,0.8761,0.8871,0.8629,1.5159,26457.4906,26457.4906,18714.2141,1246676.9571,1246676.9571
603236.SH,20230912,48.3,48.51,47.76,48.31,48.14,0.17,0.3531,27433.03,132086.644,48.31,1.0369,1.4659,0.73,20.5222,55.3946,3.7243,0.8982,0.9095,0.8416,1.4785,26457.4906,26457.4906,18714.2141,1278161.3709,1278161.3709
603236.SH,20230911,47.63,48.56,47.5,48.14,47.35,0.79,1.6684,39713.67,190500.071,48.14,1.501,2.1221,1.06,20.45,55.1997,3.7112,0.895,0.9063,0.8446,1.4838,26457.4906,26457.4906,18714.2141,1273663.5975,1273663.5975
603236.SH,20230908,46.64,47.99,46.3,47.35,47.01,0.34,0.7233,34690.68,164067.091,47.35,1.3112,1.8537,0.99,20.1144,54.2938,3.6503,0.8804,0.8914,0.8587,1.5085,26457.4906,26457.4906,18714.2141,1252762.1799,1252762.1799
603236.SH,20230907,48.48,48.48,46.98,47.01,48.69,-1.68,-3.4504,46779.6,221902.538,47.01,1.7681,2.4997,1.41,19.97,53.904,3.6241,0.874,0.885,0.8649,1.5194,26457.4906,26457.4906,18714.2141,1243766.6331,1243766.6331
603236.SH,20230906,47.44,48.81,47.04,48.69,47.66,1.03,2.1611,38219.02,184030.075,48.69,1.4445,2.0422,1.04,20.6836,55.8303,3.7536,0.9053,0.9167,0.8351,1.467,26457.4906,26457.4906,18714.2141,1288215.2173,1288215.2173
603236.SH,20230905,47.8,48.5,47.44,47.66,48.1,-0.44,-0.9148,28424.96,135986.642,47.66,1.0744,1.5189,0.63,20.2461,54.6493,3.6742,0.8861,0.8973,0.8531,1.4987,26457.4906,26457.4906,18714.2141,1260964.002,1260964.002
603236.SH,20230904,47.0,48.11,46.65,48.1,46.65,1.45,3.1083,38950.54,184636.701,48.1,1.4722,2.0813,0.78,20.433,55.1538,3.7081,0.8943,0.9056,0.8453,1.485,26457.4906,26457.4906,18714.2141,1272605.2979,1272605.2979
603236.SH,20230901,47.58,47.74,46.45,46.65,47.3,-0.65,-1.3742,22716.9,106433.98,46.65,0.8586,1.2139,0.43,19.817,53.4912,3.5963,0.8673,0.8783,0.8716,1.5312,26457.4906,26457.4906,18714.2141,1234241.9365,1234241.9365
603236.SH,20230831,47.1,47.74,46.5,47.3,47.46,-0.16,-0.3371,38078.05,179355.787,47.3,1.4392,2.0347,0.72,20.0932,54.2365,3.6464,0.8794,0.8905,0.8596,1.5101,26457.4906,26457.4906,18714.2141,1251439.3054,1251439.3054
603236.SH,20230830,46.4,48.13,46.4,47.46,46.18,1.28,2.7718,54753.23,259233.009,47.46,2.0695,2.9258,1.07,20.1611,54.42,3.6588,0.8824,0.8935,0.8567,1.505,26457.4906,26457.4906,18714.2141,1255672.5039,1255672.5039
603236.SH,20230829,43.65,46.66,43.4,46.18,43.81,2.37,5.4097,71968.25,327443.314,46.18,2.7201,3.8456,1.49,19.6174,52.9523,3.5601,0.8586,0.8694,0.8805,1.5467,26457.4906,26457.4906,18714.2141,1221806.9159,1221806.9159
603236.SH,20230828,46.0,46.02,43.62,43.81,43.59,0.22,0.5047,63207.85,284752.42,43.81,2.389,3.3775,1.35,18.6106,50.2347,3.3774,0.8145,0.8248,0.9281,1.6304,26457.4906,26457.4906,18714.2141,1159102.6632,1159102.6632
603236.SH,20230825,44.33,44.4,43.36,43.59,44.66,-1.07,-2.3959,38264.31,167795.549,43.59,1.4463,2.0447,0.82,18.5171,49.9824,3.3604,0.8104,0.8206,0.9328,1.6386,26457.4906,26457.4906,18714.2141,1153282.0153,1153282.0153
603236.SH,20230824,44.74,45.67,44.48,44.66,44.61,0.05,0.1121,37350.14,167982.934,44.66,1.4117,1.9958,0.76,18.9717,51.2093,3.4429,0.8303,0.8408,0.9104,1.5994,26457.4906,26457.4906,18714.2141,1181591.5302,1181591.5302
603236.SH,20230823,45.8,45.9,44.58,44.61,45.33,-0.72,-1.5884,45890.67,207268.018,44.61,1.7345,2.4522,0.87,18.9504,51.152,3.4391,0.8294,0.8398,0.9114,1.6012,26457.4906,26457.4906,18714.2141,1180268.6557,1180268.6557
603236.SH,20230822,44.99,45.81,44.06,45.33,44.51,0.82,1.8423,57152.09,256452.793,45.33,2.1601,3.0539,0.98,19.2563,51.9776,3.4946,0.8428,0.8534,0.897,1.5757,26457.4906,26457.4906,18714.2141,1199318.0489,1199318.0489
603236.SH,20230821,45.78,46.68,44.51,44.51,45.97,-1.46,-3.176,55975.49,253019.355,44.51,2.1157,2.9911,0.93,18.908,51.0373,3.4314,0.8275,0.838,0.9135,1.6048,26457.4906,26457.4906,18714.2141,1177622.9066,1177622.9066
603236.SH,20230818,47.14,47.58,45.97,45.97,47.11,-1.14,-2.4199,37684.46,175954.889,45.97,1.4243,2.0137,0.62,19.5282,52.7115,3.5439,0.8547,0.8655,0.8845,1.5538,26457.4906,26457.4906,18714.2141,1216250.8429,1216250.8429
603236.SH,20230817,45.99,47.75,45.46,47.11,46.0,1.11,2.413,49349.69,230646.537,47.11,1.8652,2.637,0.83,20.0125,54.0186,3.6318,0.8759,0.8869,0.8631,1.5162,26457.4906,26457.4906,18714.2141,1246412.3822,1246412.3822
603236.SH,20230816,47.55,47.9,45.82,46.0,47.57,-1.57,-3.3004,64331.65,299679.479,46.0,2.4315,3.4376,1.01,19.5409,52.7459,3.5462,0.8553,0.866,0.8839,1.5528,26457.4906,26457.4906,18714.2141,1217044.5676,1217044.5676
603236.SH,20230815,48.5,48.92,46.0,47.57,50.48,-2.91,-5.7647,85353.72,405986.44,47.57,3.2261,4.5609,1.64,20.2079,54.5461,3.6673,0.8844,0.8956,0.8547,1.5015,26457.4906,26457.4906,18714.2141,1258582.8278,1258582.8278
603236.SH,20230814,51.09,51.24,49.0,50.48,51.25,-0.77,-1.5024,65575.83,326654.759,50.48,2.4785,3.5041,1.46,21.444,36.6615,3.9143,0.9385,0.9334,0.8055,1.415,26457.4906,26457.4906,18714.2141,1335574.1255,1335574.1255
603236.SH,20230811,52.96,53.41,51.2,51.25,52.96,-1.71,-3.2289,41066.43,213233.584,51.25,1.5522,2.1944,0.91,21.7711,37.2207,3.974,0.9529,0.9476,0.7934,1.3937,26457.4906,26457.4906,18714.2141,1355946.3933,1355946.3933
603236.SH,20230810,52.94,53.89,52.4,52.96,52.94,0.02,0.0378,40525.6,214898.178,52.96,1.5317,2.1655,0.9,22.4975,38.4626,4.1066,0.9847,0.9792,0.7677,1.3487,26457.4906,26457.4906,18714.2141,1401188.7022,1401188.7022
603236.SH,20230809,56.0,56.02,52.88,52.94,56.21,-3.27,-5.8175,87250.71,472103.164,52.94,3.2978,4.6623,2.57,22.4891,38.4481,4.105,0.9843,0.9788,0.768,1.3492,26457.4906,26457.4906,18714.2141,1400659.5524,1400659.5524
603236.SH,20230808,56.85,57.0,56.0,56.21,56.9,-0.69,-1.2127,26102.08,146855.071,56.21,0.9866,1.3948,0.7,23.8782,40.823,4.3586,1.0451,1.0393,0.7233,1.2707,26457.4906,26457.4906,18714.2141,1487175.5466,1487175.5466
603236.SH,20230807,57.6,58.1,56.76,56.9,57.77,-0.87,-1.506,29178.2,167246.402,56.9,1.1028,1.5591,0.63,24.1713,41.3241,4.4121,1.0579,1.0521,0.7146,1.2553,26457.4906,26457.4906,18714.2141,1505431.2151,1505431.2151
603236.SH,20230804,57.1,58.52,56.9,57.77,57.01,0.76,1.3331,43673.53,251935.169,57.77,1.6507,2.3337,0.93,24.5408,41.9559,4.4796,1.0741,1.0682,0.7038,1.2364,26457.4906,26457.4906,18714.2141,1528449.232,1528449.232
603236.SH,20230803,56.7,57.23,55.8,57.01,57.13,-0.12,-0.21,40007.92,226401.015,57.01,1.5122,2.1378,0.78,24.218,41.404,4.4206,1.06,1.0541,0.7132,1.2529,26457.4906,26457.4906,18714.2141,1508341.5391,1508341.5391
603236.SH,20230802,56.83,57.39,56.52,57.13,56.83,0.3,0.5279,30814.22,175817.044,57.13,1.1647,1.6466,0.56,24.269,41.4911,4.4299,1.0622,1.0563,0.7117,1.2503,26457.4906,26457.4906,18714.2141,1511516.438,1511516.438
603236.SH,20230801,57.19,57.66,56.6,56.83,57.2,-0.37,-0.6469,42609.48,242753.439,56.83,1.6105,2.2769,0.71,24.1415,41.2733,4.4067,1.0566,1.0508,0.7155,1.2569,26457.4906,26457.4906,18714.2141,1503579.1908,1503579.1908
603236.SH,20230731,59.5,59.5,56.74,57.2,59.0,-1.8,-3.0508,74579.4,429042.973,57.2,2.8188,3.9852,1.44,24.2987,41.542,4.4354,1.0635,1.0576,0.7108,1.2488,26457.4906,26457.4906,18714.2141,1513368.4623,1513368.4623
603236.SH,20230728,59.52,60.39,58.93,59.0,59.72,-0.72,-1.2056,48038.92,285797.393,59.0,1.8157,2.567,0.99,25.0634,42.8492,4.5749,1.097,1.0909,0.6891,1.2107,26457.4906,26457.4906,18714.2141,1560991.9454,1560991.9454
603236.SH,20230727,60.43,62.21,59.0,59.72,60.19,-0.47,-0.7809,60172.63,363764.795,59.72,2.2743,3.2153,1.31,25.3692,43.3721,4.6308,1.1103,1.1042,0.6808,1.1961,26457.4906,26457.4906,18714.2141,1580041.3386,1580041.3386
603236.SH,20230726,60.15,61.08,58.95,60.19,60.15,0.04,0.0665,48576.09,292064.491,60.19,1.836,2.5957,1.04,25.5689,43.7135,4.6672,1.1191,1.1129,0.6755,1.1867,26457.4906,26457.4906,18714.2141,1592476.3592,1592476.3592
603236.SH,20230725,58.0,61.13,57.04,60.15,57.17,2.98,5.2125,67438.78,400027.545,60.15,2.5489,3.6036,1.56,25.5519,43.6844,4.6641,1.1183,1.1122,0.676,1.1875,26457.4906,26457.4906,18714.2141,1591418.0596,1591418.0596
603236.SH,20230724,57.0,58.16,56.39,57.17,57.03,0.14,0.2455,34180.53,195754.827,57.17,1.2919,1.8264,0.66,24.286,41.5202,4.433,1.0629,1.0571,0.7112,1.2494,26457.4906,26457.4906,18714.2141,1512574.7376,1512574.7376
603236.SH,20230721,56.51,57.5,56.34,57.03,56.65,0.38,0.6708,31794.61,181269.475,57.03,1.2017,1.699,0.52,24.2265,41.4185,4.4222,1.0603,1.0545,0.7129,1.2525,26457.4906,26457.4906,18714.2141,1508870.6889,1508870.6889
603236.SH,20230720,58.59,58.99,56.53,56.65,58.45,-1.8,-3.0796,47141.61,270104.256,56.65,1.7818,2.519,0.7,24.0651,41.1425,4.3927,1.0533,1.0474,0.7177,1.2609,26457.4906,26457.4906,18714.2141,1498816.8425,1498816.8425
603236.SH,20230719,59.32,60.3,57.92,58.45,59.47,-1.02,-1.7152,51872.19,304826.171,58.45,1.9606,2.7718,0.62,24.8297,42.4498,4.5323,1.0867,1.0807,0.6956,1.222,26457.4906,26457.4906,18714.2141,1546440.3256,1546440.3256
603236.SH,20230718,60.5,61.23,59.4,59.47,60.95,-1.48,-2.4282,51368.99,308061.692,59.47,1.9416,2.7449,0.49,25.263,43.1906,4.6114,1.1057,1.0996,0.6837,1.2011,26457.4906,26457.4906,18714.2141,1573426.966,1573426.966
603236.SH,20230717,59.0,61.8,58.55,60.95,60.28,0.67,1.1115,75792.56,458285.34,60.95,2.8647,4.05,0.77,25.8917,44.2654,4.7261,1.1332,1.127,0.6671,1.1719,26457.4906,26457.4906,18714.2141,1612584.0521,1612584.0521
603236.SH,20230714,60.12,61.61,60.0,60.28,59.95,0.33,0.5505,77683.06,471611.209,60.28,2.9361,4.151,0.85,25.6071,43.7788,4.6742,1.1208,1.1146,0.6745,1.1849,26457.4906,26457.4906,18714.2141,1594857.5334,1594857.5334
603236.SH,20230713,60.89,61.25,59.34,59.95,60.72,-0.77,-1.2681,81322.97,488307.625,59.95,3.0737,4.3455,0.96,25.4669,43.5392,4.6486,1.1146,1.1085,0.6782,1.1915,26457.4906,26457.4906,18714.2141,1586126.5615,1586126.5615
603236.SH,20230712,62.55,63.53,60.47,60.72,61.89,-1.17,-1.8905,133071.16,824153.64,60.72,5.0296,7.1107,1.9,25.794,44.0984,4.7083,1.1289,1.1227,0.6696,1.1764,26457.4906,26457.4906,18714.2141,1606498.8292,1606498.8292
603236.SH,20230711,56.01,61.89,55.84,61.89,56.26,5.63,10.0071,158701.1,950824.202,61.89,5.9983,8.4802,2.97,26.291,44.9481,4.799,1.1507,1.1443,0.657,1.1541,26457.4906,26457.4906,18714.2141,1637454.0932,1637454.0932
603236.SH,20230710,55.86,56.78,55.2,56.26,55.25,1.01,1.8281,39068.11,219536.431,56.26,1.4766,2.0876,0.69,23.8994,40.8593,4.3625,1.046,1.0402,0.7227,1.2696,26457.4906,26457.4906,18714.2141,1488498.4212,1488498.4212
603236.SH,20230707,56.09,56.35,54.55,55.25,56.3,-1.05,-1.865,45025.25,249244.852,55.25,1.7018,2.4059,0.77,23.4703,40.1258,4.2842,1.0272,1.0216,0.7359,1.2928,26457.4906,26457.4906,18714.2141,1461776.3557,1461776.3557
603236.SH,20230706,56.53,57.85,56.16,56.3,56.8,-0.5,-0.8803,49001.41,278519.457,56.3,1.8521,2.6184,0.84,23.9164,40.8883,4.3656,1.0468,1.041,0.7222,1.2687,26457.4906,26457.4906,18714.2141,1489556.7208,1489556.7208
603236.SH,20230705,58.1,59.19,56.66,56.8,58.44,-1.64,-2.8063,57579.14,332101.204,56.8,2.1763,3.0768,0.9,24.1288,41.2515,4.4043,1.0561,1.0502,0.7158,1.2575,26457.4906,26457.4906,18714.2141,1502785.4661,1502785.4661
603236.SH,20230704,57.0,59.88,56.41,58.44,56.95,1.49,2.6163,76833.29,449091.623,58.44,2.904,4.1056,1.25,24.8255,42.4425,4.5315,1.0865,1.0805,0.6957,1.2223,26457.4906,26457.4906,18714.2141,1546175.7507,1546175.7507
603236.SH,20230703,58.29,58.55,56.78,56.95,57.71,-0.76,-1.3169,54015.82,309762.469,56.95,2.0416,2.8864,0.76,24.1925,41.3604,4.416,1.0588,1.053,0.7139,1.2542,26457.4906,26457.4906,18714.2141,1506754.0897,1506754.0897
603236.SH,20230630,56.98,58.08,56.15,57.71,57.29,0.42,0.7331,53789.68,308878.127,57.71,2.0331,2.8743,0.7,24.5154,41.9124,4.4749,1.073,1.067,0.7045,1.2377,26457.4906,26457.4906,18714.2141,1526861.7825,1526861.7825
603236.SH,20230629,57.58,58.1,56.9,57.29,56.98,0.31,0.5441,51025.59,293223.202,57.29,1.9286,2.7266,0.59,24.3369,41.6073,4.4423,1.0652,1.0593,0.7097,1.9565,26457.4906,26457.4906,18714.2141,1515749.6365,1515749.6365
603236.SH,20230628,59.85,59.85,56.02,56.98,60.0,-3.02,-5.0333,85708.9,488555.536,56.98,3.2395,4.5799,0.88,24.2053,41.3822,4.4183,1.0594,1.0535,0.7136,1.9671,26457.4906,26457.4906,18714.2141,1507547.8144,1507547.8144
603236.SH,20230627,59.06,60.4,58.75,60.0,59.7,0.3,0.5025,61591.78,366129.467,60.0,2.328,3.2912,0.62,25.4882,43.5755,4.6525,1.1155,1.1094,0.6777,1.8681,26457.4906,26457.4906,18714.2141,1587449.436,1587449.436
603236.SH,20230626,62.74,64.1,59.01,59.7,63.67,-3.97,-6.2353,104157.37,631866.05,59.7,3.9368,5.5657,1.07,25.3607,43.3576,4.6292,1.11,1.1038,0.6811,1.8775,26457.4906,26457.4906,18714.2141,1579512.1888,1579512.1888
603236.SH,20230621,63.4,65.48,62.52,63.67,63.39,0.28,0.4417,81372.39,521199.379,63.67,3.0756,4.3482,0.89,27.0472,46.2409,4.9371,1.1838,1.1772,0.6386,1.7605,26457.4906,26457.4906,18714.2141,1684548.4265,1684548.4265
603236.SH,20230620,65.55,65.99,63.26,63.39,66.55,-3.16,-4.7483,100736.66,649338.422,63.39,3.8075,5.3829,1.25,26.9282,46.0375,4.9153,1.1786,1.1721,0.6414,1.7682,26457.4906,26457.4906,18714.2141,1677140.3291,1677140.3291
603236.SH,20230619,62.44,67.77,62.43,66.55,62.43,4.12,6.5994,136873.18,894864.631,66.55,5.1733,7.3139,2.06,28.2706,48.3325,5.1604,1.2373,1.2305,0.611,1.6843,26457.4906,26457.4906,18714.2141,1760745.9994,1760745.9994
603236.SH,20230616,62.13,62.86,60.6,62.43,62.98,-0.55,-0.8733,73870.16,457860.869,62.43,2.792,3.9473,1.09,26.5204,45.3403,4.8409,1.1607,1.1543,0.6513,1.7954,26457.4906,26457.4906,18714.2141,1651741.1382,1651741.1382
603236.SH,20230615,61.93,64.87,60.91,62.98,62.14,0.84,1.3518,93327.34,589784.683,62.98,3.5274,4.987,1.41,26.7541,45.7397,4.8836,1.171,1.1645,0.6456,1.7797,26457.4906,26457.4906,18714.2141,1666292.758,1666292.758
603236.SH,20230614,87.8,88.6,85.5,87.99,87.78,0.21,0.2392,52761.4,460301.723,87.99,2.7919,3.9471,0.79,26.6988,45.6453,4.6177,1.1685,1.1621,0.6469,0.6469,18898.2076,18898.2076,13367.2958,1662853.2867,1662853.2867
603236.SH,20230613,86.27,88.31,85.64,87.78,87.26,0.52,0.5959,46387.33,404891.736,87.78,2.4546,3.4702,0.6,26.6351,45.5364,4.6067,1.1657,1.1593,0.6485,0.6485,18898.2076,18898.2076,13367.2958,1658884.6631,1658884.6631
603236.SH,20230612,88.12,89.07,86.26,87.26,88.2,-0.94,-1.0658,66170.56,580072.114,87.26,3.5014,4.9502,0.65,26.4773,45.2666,4.5794,1.1588,1.1524,0.6523,0.6523,18898.2076,18898.2076,13367.2958,1649057.5952,1649057.5952
603236.SH,20230609,85.83,88.6,84.55,88.2,85.89,2.31,2.6895,81470.89,707271.041,88.2,4.311,6.0948,0.73,26.7626,45.7543,4.6287,1.1713,1.1649,0.6454,0.6454,18898.2076,18898.2076,13367.2958,1666821.9103,1666821.9103
603236.SH,20230608,86.5,91.15,84.93,85.89,84.37,1.52,1.8016,83013.72,726621.443,85.89,4.3927,6.2102,0.78,26.0616,44.5559,4.5075,1.1406,1.1343,0.6627,0.6627,18898.2076,18898.2076,13367.2958,1623167.0508,1623167.0508
603236.SH,20230607,85.1,86.53,83.85,84.37,85.1,-0.73,-0.8578,55480.34,470851.081,84.37,2.9357,4.1505,0.5,25.6004,43.7674,4.4277,1.1205,1.1143,0.6747,0.6747,18898.2076,18898.2076,13367.2958,1594441.7752,1594441.7752
603236.SH,20230606,87.0,89.17,85.0,85.1,90.02,-4.92,-5.4655,101458.3,882657.941,85.1,5.3687,7.59,1.0,25.8219,44.1461,4.466,1.1302,1.1239,0.6689,0.6689,18898.2076,18898.2076,13367.2958,1608237.4668,1608237.4668
603236.SH,20230605,87.75,94.13,86.5,90.02,85.57,4.45,5.2004,188941.03,1715704.035,90.02,9.9978,14.1346,2.31,27.3148,46.6984,4.7242,1.1955,1.1889,0.6323,0.6323,18898.2076,18898.2076,13367.2958,1701216.6482,1701216.6482
603236.SH,20230602,80.3,87.74,80.01,85.57,79.76,5.81,7.2844,128110.18,1095926.812,85.57,6.779,9.5839,2.04,25.9645,44.3899,4.4907,1.1364,1.1301,0.6652,0.6652,18898.2076,18898.2076,13367.2958,1617119.6243,1617119.6243
603236.SH,20230601,78.24,81.0,78.2,79.76,79.35,0.41,0.5167,59332.96,473790.796,79.76,3.1396,4.4387,1.0,24.2016,41.376,4.1858,1.0592,1.0534,0.7137,0.7137,18898.2076,18898.2076,13367.2958,1507321.0382,1507321.0382
603236.SH,20230531,76.9,81.34,76.86,79.35,76.86,2.49,3.2397,78719.66,624717.211,79.35,4.1655,5.889,1.54,24.0772,41.1633,4.1643,1.0538,1.048,0.7174,0.7174,18898.2076,18898.2076,13367.2958,1499572.7731,1499572.7731
603236.SH,20230530,76.61,76.98,74.78,76.86,77.24,-0.38,-0.492,54722.17,414496.944,76.86,2.8956,4.0937,1.05,23.3217,39.8716,4.0336,1.0207,1.0151,0.7406,0.7406,18898.2076,18898.2076,13367.2958,1452516.2361,1452516.2361
603236.SH,20230529,79.0,81.34,77.07,77.24,75.69,1.55,2.0478,87532.41,688886.74,77.24,4.6318,6.5483,1.69,23.437,40.0687,4.0536,1.0258,1.0201,0.737,0.737,18898.2076,18898.2076,13367.2958,1459697.555,1459697.555
603236.SH,20230526,74.8,76.98,74.6,75.69,75.2,0.49,0.6516,33552.43,254209.618,75.69,1.7754,2.51,0.55,22.9667,39.2646,3.9722,1.0052,0.9996,0.7521,0.7521,18898.2076,18898.2076,13367.2958,1430405.3332,1430405.3332
603236.SH,20230525,76.01,77.6,74.2,75.2,75.99,-0.79,-1.0396,40771.98,307653.437,75.2,2.1575,3.0501,0.68,22.818,39.0104,3.9465,0.9987,0.9932,0.757,0.757,18898.2076,18898.2076,13367.2958,1421145.2115,1421145.2115
603236.SH,20230524,75.67,78.08,75.67,75.99,76.24,-0.25,-0.3279,39204.02,300676.238,75.99,2.0745,2.9328,0.7,23.0577,39.4203,3.988,1.0092,1.0036,0.7491,0.7491,18898.2076,18898.2076,13367.2958,1436074.7955,1436074.7955
603236.SH,20230523,79.03,79.8,76.1,76.24,79.79,-3.55,-4.4492,60632.48,470141.066,76.24,3.2084,4.5359,1.19,23.1335,39.5499,4.0011,1.0125,1.0069,0.7466,0.7466,18898.2076,18898.2076,13367.2958,1440799.3474,1440799.3474
603236.SH,20230522,82.0,82.77,78.99,79.79,80.37,-0.58,-0.7217,85078.19,684853.954,79.79,4.5019,6.3647,2.17,24.2107,41.3915,4.1874,1.0596,1.0538,0.7134,0.7134,18898.2076,18898.2076,13367.2958,1507887.9844,1507887.9844
603236.SH,20230519,73.69,80.37,73.69,80.37,73.06,7.31,10.0055,80930.17,626114.086,80.37,4.2824,6.0543,2.71,24.3867,41.6924,4.2178,1.0673,1.0614,0.7083,0.7083,18898.2076,18898.2076,13367.2958,1518848.9448,1518848.9448
603236.SH,20230518,72.69,73.97,72.17,73.06,72.2,0.86,1.1911,33042.93,242069.119,73.06,1.7485,2.4719,1.08,22.1686,37.9003,3.8342,0.9703,0.9649,0.7791,0.7791,18898.2076,18898.2076,13367.2958,1380703.0473,1380703.0473
603236.SH,20230517,71.34,72.67,71.3,72.2,71.55,0.65,0.9085,19765.91,142504.026,72.2,1.0459,1.4787,0.55,21.9077,37.4542,3.7891,0.9588,0.9535,0.7884,0.7884,18898.2076,18898.2076,13367.2958,1364450.5887,1364450.5887
603236.SH,20230516,73.3,73.3,71.36,71.55,73.3,-1.75,-2.3874,36674.11,263734.647,71.55,1.9406,2.7436,1.04,21.7104,37.117,3.7549,0.9502,0.945,0.7956,0.7956,18898.2076,18898.2076,13367.2958,1352166.7538,1352166.7538
603236.SH,20230515,72.22,73.49,72.07,73.3,72.23,1.07,1.4814,25876.64,188623.855,73.3,1.3693,1.9358,0.68,22.2415,38.0248,3.8468,0.9734,0.9681,0.7766,0.7766,18898.2076,18898.2076,13367.2958,1385238.6171,1385238.6171
603236.SH,20230512,74.44,75.1,71.99,72.23,74.78,-2.55,-3.41,33902.56,247665.002,72.23,1.794,2.5362,0.82,21.9168,37.4697,3.7906,0.9592,0.9539,0.7881,0.7881,18898.2076,18898.2076,13367.2958,1365017.5349,1365017.5349
603236.SH,20230511,73.23,75.28,73.08,74.78,73.39,1.39,1.894,36669.56,272800.403,74.78,1.9404,2.7432,0.75,22.6905,38.7926,3.9245,0.9931,0.9876,0.7612,0.7612,18898.2076,18898.2076,13367.2958,1413207.9643,1413207.9643
603236.SH,20230510,73.26,74.18,71.84,73.39,73.1,0.29,0.3967,44995.71,327419.723,73.39,2.381,3.3661,0.77,22.2688,38.0715,3.8515,0.9746,0.9693,0.7756,0.7756,18898.2076,18898.2076,13367.2958,1386939.4558,1386939.4558
603236.SH,20230509,74.25,75.08,72.8,73.1,74.21,-1.11,-1.4958,34203.02,253274.098,73.1,1.8099,2.5587,0.42,22.1808,37.9211,3.8363,0.9708,0.9654,0.7787,0.7787,18898.2076,18898.2076,13367.2958,1381458.9756,1381458.9756
603236.SH,20230508,75.53,75.53,73.72,74.21,75.74,-1.53,-2.0201,39643.37,294756.398,74.21,2.0977,2.9657,0.52,22.5176,38.4969,3.8945,0.9855,0.9801,0.7671,0.7671,18898.2076,18898.2076,13367.2958,1402435.986,1402435.986
603236.SH,20230505,75.29,76.31,74.02,75.74,75.19,0.55,0.7315,52443.67,393654.251,75.74,2.7751,3.9233,0.78,22.9818,39.2906,3.9748,1.0059,1.0003,0.7516,0.7516,18898.2076,18898.2076,13367.2958,1431350.2436,1431350.2436
603236.SH,20230504,78.0,78.89,74.8,75.19,78.04,-2.85,-3.652,73169.87,556680.396,75.19,3.8718,5.4738,1.22,22.8149,39.0053,3.946,0.9985,0.993,0.7571,0.7571,18898.2076,18898.2076,13367.2958,1420956.2294,1420956.2294
603236.SH,20230428,78.85,80.57,77.25,78.04,79.13,-1.09,-1.3775,94573.62,743082.276,78.04,5.0044,7.075,1.91,23.6797,40.4837,4.0955,1.0364,1.0307,0.7294,0.7294,18898.2076,18898.2076,13367.2958,1474816.1211,1474816.1211
603236.SH,20230427,81.0,82.4,79.1,79.13,87.89,-8.76,-9.967,144531.71,1149102.567,79.13,7.6479,10.8123,4.96,24.0105,41.0491,4.1527,1.0509,1.0451,0.7194,0.7194,18898.2076,18898.2076,13367.2958,1495415.1674,1495415.1674
603236.SH,20230426,87.89,87.89,87.89,87.89,97.65,-9.76,-9.9949,16548.0,145440.372,87.89,0.8756,1.2379,0.44,26.6685,45.5935,4.6125,1.1672,1.1608,0.6477,0.6477,18898.2076,18898.2076,13367.2958,1660963.466,1660963.466
603236.SH,20230425,97.65,97.65,97.65,97.65,108.5,-10.85,-10.0,9008.0,87963.12,97.65,0.4767,0.674,0.2,29.63,50.6565,5.1247,1.2968,1.2897,0.5829,0.5829,18898.2076,18898.2076,13365.6258,1845409.9721,1845409.9721
603236.SH,20230424,108.0,110.98,107.85,108.5,107.8,0.7,0.6494,36434.46,397939.324,108.5,1.9279,2.726,0.8,57.2657,32.8703,5.5095,1.8207,1.4409,0.5246,0.5246,18898.2076,18898.2076,13365.6258,2050455.5246,2050455.5246
603236.SH,20230421,113.5,113.56,107.31,107.8,113.64,-5.84,-5.139,41534.44,458951.717,107.8,2.1978,3.1076,0.96,56.8962,32.6583,5.4739,1.809,1.4316,0.528,0.528,18898.2076,18898.2076,13365.6258,2037226.7793,2037226.7793
603236.SH,20230420,112.0,115.29,111.93,113.64,112.11,1.53,1.3647,42084.67,478814.665,113.64,2.2269,3.1487,0.94,59.9785,34.4275,5.7705,1.907,1.5092,0.5009,0.5009,18898.2076,18898.2076,13365.6258,2147592.3117,2147592.3117
603236.SH,20230419,115.8,116.32,111.79,112.11,115.97,-3.86,-3.3284,58874.41,668862.92,112.11,3.1153,4.4049,1.45,59.171,33.964,5.6928,1.8813,1.4889,0.5077,0.5077,18898.2076,18898.2076,13365.6258,2118678.054,2118678.054
603236.SH,20230418,118.35,118.35,114.45,115.97,118.02,-2.05,-1.737,47403.29,550488.223,115.97,2.5083,3.5467,1.13,61.2083,35.1334,5.8888,1.946,1.5401,0.4908,0.4908,18898.2076,18898.2076,13365.6258,2191625.1354,2191625.1354
603236.SH,20230417,121.88,121.88,117.2,118.02,121.92,-3.9,-3.1988,38024.83,449166.819,118.02,2.0121,2.845,0.84,62.2903,35.7544,5.9929,1.9804,1.5673,0.4823,0.4823,18898.2076,18898.2076,13365.6258,2230366.461,2230366.461
603236.SH,20230414,121.93,122.65,118.5,121.92,121.14,0.78,0.6439,30805.05,371911.251,121.92,1.6301,2.3048,0.68,64.3487,36.936,6.1909,2.0459,1.6191,0.4669,0.4669,18898.2076,18898.2076,13365.6258,2304069.4706,2304069.4706
603236.SH,20230413,126.6,128.4,121.11,121.14,124.14,-3.0,-2.4166,48310.8,599462.104,121.14,2.5564,3.6146,0.89,63.937,36.6996,6.1513,2.0328,1.6088,0.4699,0.4699,18898.2076,18898.2076,13365.6258,2289328.8687,2289328.8687
603236.SH,20230412,122.21,124.83,121.11,124.14,123.0,1.14,0.9268,38511.38,475373.107,124.14,2.0378,2.8814,0.7,65.5204,42.1444,6.6454,2.0831,1.6851,0.4585,0.4585,18898.2076,18898.2076,13365.6258,2346023.4915,2346023.4915
603236.SH,20230411,127.2,127.26,121.54,123.0,127.88,-4.88,-3.8161,54410.35,670847.849,123.0,2.8791,4.0709,1.07,64.9187,41.7574,6.5844,2.064,1.6696,0.4628,0.4628,18898.2076,18898.2076,13365.6258,2324479.5348,2324479.5348
603236.SH,20230410,128.6,133.27,126.95,127.88,127.92,-0.04,-0.0313,52993.75,688701.127,127.88,2.8042,3.9649,1.16,67.4943,43.4141,6.8456,2.1459,1.7359,0.4451,0.4451,18898.2076,18898.2076,13365.6258,2416702.7879,2416702.7879
603236.SH,20230407,130.25,131.25,126.6,127.92,130.25,-2.33,-1.7889,33058.62,424508.243,127.92,1.7493,2.4734,0.74,67.5154,43.4277,6.8478,2.1466,1.7364,0.445,0.445,18898.2076,18898.2076,13365.6258,2417458.7162,2417458.7162
603236.SH,20230406,123.0,132.2,122.94,130.25,122.6,7.65,6.2398,92509.88,1187392.563,130.25,4.8952,6.9215,2.78,68.7452,44.2187,6.9725,2.1857,1.7681,0.437,0.437,18898.2076,18898.2076,13365.6258,2461491.5399,2461491.5399
603236.SH,20230404,120.5,122.6,117.8,122.6,121.5,1.1,0.9053,43528.89,522544.272,122.6,2.3033,3.2568,1.39,64.7076,41.6216,6.563,2.0573,1.6642,0.4643,0.4643,18898.2076,18898.2076,13365.6258,2316920.2518,2316920.2518
603236.SH,20230403,121.05,122.5,119.5,121.5,120.18,1.32,1.0984,33005.77,399650.018,121.5,1.7465,2.4695,0.8,64.127,41.2482,6.5041,2.0388,1.6493,0.4685,0.4685,18898.2076,18898.2076,13365.6258,2296132.2234,2296132.2234
603236.SH,20230331,118.6,121.15,116.98,120.18,117.73,2.45,2.081,25412.86,303102.789,120.18,1.3447,1.9014,0.51,63.4303,40.8001,6.4334,2.0167,1.6314,0.4736,0.4736,18898.2076,18898.2076,13365.6258,2271186.5894,2271186.5894
603236.SH,20230330,120.33,120.89,116.53,117.73,120.2,-2.47,-2.0549,29231.62,344921.058,117.73,1.5468,2.1871,0.51,62.1372,39.9683,6.3023,1.9756,1.5981,0.4835,0.4835,18898.2076,18898.2076,13365.6258,2224885.9807,2224885.9807
603236.SH,20230329,122.0,123.31,119.36,120.2,121.83,-1.63,-1.3379,35304.51,426738.439,120.2,1.8681,2.6414,0.64,63.4409,40.8069,6.4345,2.017,1.6316,0.4736,0.4736,18898.2076,18898.2076,13365.6258,2271564.5535,2271564.5535
603236.SH,20230328,123.83,125.5,121.11,121.83,125.99,-4.16,-3.3018,33704.93,413734.159,121.83,1.7835,2.5218,0.65,64.3012,41.3602,6.5218,2.0444,1.6538,0.4672,0.4672,18898.2076,18898.2076,13365.6258,2302368.6319,2302368.6319
603236.SH,20230327,118.78,126.3,118.78,125.99,120.11,5.88,4.8955,83752.83,1042638.578,125.99,4.4318,6.2663,2.11,66.4968,42.7725,6.7445,2.1142,1.7102,0.4518,0.4518,18898.2076,18898.2076,13365.6258,2380985.1755,2380985.1755
603236.SH,20230324,118.8,124.08,118.0,120.11,117.37,2.74,2.3345,65353.96,794192.5,120.11,3.4582,4.8897,2.21,63.3934,40.7763,6.4297,2.0155,1.6304,0.4739,0.4739,18898.2076,18898.2076,13365.6258,2269863.7148,2269863.7148
603236.SH,20230323,108.7,119.57,108.25,117.37,108.7,8.67,7.9761,67793.77,790192.126,117.37,3.5873,5.1435,3.47,61.9472,39.8461,6.283,1.9695,1.5932,0.485,0.485,18898.2076,18898.2076,13180.3535,2218082.626,2218082.626
603236.SH,20230322,106.62,110.07,106.62,108.7,106.6,2.1,1.97,25737.45,279753.513,108.7,1.3619,1.9527,1.34,57.3712,36.9027,5.8189,1.8241,1.4755,0.5237,0.5237,18898.2076,18898.2076,13180.3535,2054235.1661,2054235.1661
603236.SH,20230321,107.88,108.0,106.48,106.6,107.24,-0.64,-0.5968,17930.62,191728.72,106.6,0.9488,1.3604,0.88,56.2629,36.1898,5.7065,1.7888,1.447,0.534,0.534,18898.2076,18898.2076,13180.3535,2014548.9302,2014548.9302
603236.SH,20230320,107.04,110.28,106.15,107.24,106.97,0.27,0.2524,21908.32,236706.294,107.24,1.1593,1.6622,1.13,56.6006,36.407,5.7407,1.7996,1.4557,0.5308,0.5308,18898.2076,18898.2076,13180.3535,2026643.783,2026643.783
603236.SH,20230317,107.28,108.76,106.31,106.97,105.79,1.18,1.1154,14663.0,157862.946,106.97,0.7759,1.1125,0.76,56.4581,36.3154,5.7263,1.795,1.452,0.5321,0.5321,18898.2076,18898.2076,13180.3535,2021541.267,2021541.267
603236.SH,20230316,107.97,108.61,105.03,105.79,108.38,-2.59,-2.3897,17481.52,186115.461,105.79,0.925,1.3263,0.94,55.8353,35.9148,5.6631,1.7752,1.436,0.5381,0.5381,18898.2076,18898.2076,13180.3535,1999241.382,1999241.382
603236.SH,20230315,111.35,112.48,107.5,108.38,109.49,-1.11,-1.0138,24135.29,264012.932,108.38,1.2771,1.8314,1.39,57.2023,36.7941,5.8018,1.8187,1.4712,0.5252,0.5252,18898.2076,18898.2076,13178.3235,2048187.7397,2048187.7397
603236.SH,20230314,112.27,112.77,108.5,109.49,112.92,-3.43,-3.0375,23938.98,263114.463,109.49,1.2667,1.8165,1.45,57.7882,37.1709,5.8612,1.8373,1.4863,0.5199,0.5199,18898.2076,18898.2076,13178.3235,2069164.7501,2069164.7501
603236.SH,20230313,112.8,114.23,111.2,112.92,113.2,-0.28,-0.2473,17076.32,192682.589,112.92,0.9036,1.2958,1.03,59.5985,38.3354,6.0448,1.8949,1.5328,0.5041,0.5041,18898.2076,18898.2076,13178.3235,2133985.6022,2133985.6022
603236.SH,20230310,114.7,115.5,112.88,113.2,115.81,-2.61,-2.2537,14206.7,161836.183,113.2,0.7517,1.078,0.74,59.7463,38.4304,6.0598,1.8996,1.5366,0.5029,0.5029,18898.2076,18898.2076,13178.3235,2139277.1003,2139277.1003
603236.SH,20230309,116.0,116.96,114.15,115.81,116.28,-0.47,-0.4042,13305.98,153475.541,115.81,0.7041,1.0097,0.58,61.1238,39.3165,6.1995,1.9434,1.572,0.4915,0.4915,18898.2076,18898.2076,13178.3235,2188601.4222,2188601.4222
603236.SH,20230308,114.99,118.05,114.21,116.28,115.7,0.58,0.5013,18010.2,209994.947,116.28,0.953,1.3667,0.66,61.3719,39.476,6.2247,1.9513,1.5784,0.4895,0.4895,18898.2076,18898.2076,13178.3235,2197483.5797,2197483.5797
603236.SH,20230307,117.82,117.82,114.68,115.7,118.26,-2.56,-2.1647,19720.82,228412.994,115.7,1.0435,1.4965,0.71,61.0658,39.2791,6.1936,1.9415,1.5705,0.492,0.492,18898.2076,18898.2076,13178.3235,2186522.6193,2186522.6193
603236.SH,20230306,120.52,121.47,117.5,118.26,120.47,-2.21,-1.8345,17765.04,211439.516,118.26,0.94,1.3481,0.64,62.4169,40.1482,6.3307,1.9845,1.6053,0.4813,0.4813,18898.2076,18898.2076,13178.3235,2234902.0308,2234902.0308
603236.SH,20230303,121.5,122.79,118.41,120.47,122.4,-1.93,-1.5768,26705.26,320713.83,120.47,1.4131,2.0265,1.05,63.5834,40.8985,6.449,2.0216,1.6353,0.4725,0.4725,18898.2076,18898.2076,13178.3235,2276667.0696,2276667.0696
603236.SH,20230302,121.99,126.32,121.6,122.4,121.58,0.82,0.6745,31746.07,393346.261,122.4,1.6798,2.409,1.37,64.602,41.5537,6.5523,2.0539,1.6615,0.4651,0.4651,18898.2076,18898.2076,13178.3235,2313140.6102,2313140.6102
603236.SH,20230301,115.99,122.3,115.51,121.58,115.82,5.76,4.9732,39577.65,473641.047,121.58,2.0943,3.0032,2.0,64.1692,41.2753,6.5084,2.0402,1.6504,0.4682,0.4682,18898.2076,18898.2076,13178.3235,2297644.08,2297644.08
603236.SH,20230228,115.48,118.87,114.5,115.82,114.47,1.35,1.1793,22724.27,263809.795,115.82,1.2025,1.7244,1.26,61.1291,39.3199,6.2001,1.9435,1.5722,0.4915,0.4915,18898.2076,18898.2076,13178.3235,2188790.4042,2188790.4042
603236.SH,20230227,115.17,116.06,113.81,114.47,115.89,-1.42,-1.2253,17286.3,198219.94,114.47,0.9147,1.3117,0.92,60.4166,38.8616,6.1278,1.9209,1.5539,0.4973,0.4973,18898.2076,18898.2076,13178.3235,2163277.824,2163277.824
603236.SH,20230224,118.01,118.87,115.55,115.89,118.09,-2.2,-1.863,15919.14,185828.896,115.89,0.8424,1.208,0.81,61.1661,39.3436,6.2038,1.9447,1.5731,0.4912,0.4912,18898.2076,18898.2076,13178.3235,2190113.2788,2190113.2788
603236.SH,20230223,119.15,120.0,117.55,118.09,119.54,-1.45,-1.213,20286.6,240273.151,118.09,1.0735,1.5394,0.97,62.3272,40.0905,6.3216,1.9816,1.603,0.482,0.482,18898.2076,18898.2076,13178.3235,2231689.3355,2231689.3355
603236.SH,20230222,123.0,123.0,118.4,119.54,123.21,-3.67,-2.9787,22870.37,273690.166,119.54,1.2102,1.7355,1.1,63.0925,40.5828,6.3992,2.006,1.6227,0.4762,0.4762,18898.2076,18898.2076,13178.3235,2259091.7365,2259091.7365
603236.SH,20230221,122.97,124.88,121.51,123.21,122.94,0.27,0.2196,13988.33,172714.582,123.21,0.7402,1.0615,0.67,65.0295,41.8287,6.5957,2.0675,1.6725,0.462,0.462,18898.2076,18898.2076,13178.3235,2328448.1584,2328448.1584
603236.SH,20230220,122.1,122.96,118.5,122.94,121.1,1.84,1.5194,21245.43,256263.31,122.94,1.1242,1.6121,0.98,64.887,41.7371,6.5812,2.063,1.6688,0.463,0.463,18898.2076,18898.2076,13178.3235,2323345.6423,2323345.6423
603236.SH,20230217,125.5,125.98,120.93,121.1,125.71,-4.61,-3.6672,19424.9,237687.138,121.1,1.0279,1.474,0.8,63.9159,41.1124,6.4827,2.0321,1.6438,0.4701,0.4701,18898.2076,18898.2076,13178.3235,2288572.9404,2288572.9404
603236.SH,20230216,127.0,129.7,123.72,125.71,127.55,-1.84,-1.4426,26558.61,337118.006,125.71,1.4054,2.0153,1.1,66.349,42.6774,6.7295,2.1095,1.7064,0.4528,0.4528,18898.2076,18898.2076,13178.3235,2375693.6774,2375693.6774
603236.SH,20230215,124.52,128.46,123.85,127.55,124.95,2.6,2.0808,23012.71,291922.729,127.55,1.2177,1.7463,0.98,67.3201,43.3021,6.828,2.1404,1.7314,0.4463,0.4463,18898.2076,18898.2076,13178.3235,2410466.3794,2410466.3794
603236.SH,20230214,124.05,126.9,124.05,124.95,124.6,0.35,0.2809,13654.84,170736.166,124.95,0.7225,1.0362,0.53,65.9479,42.4194,6.6888,2.0967,1.6961,0.4556,0.4556,18898.2076,18898.2076,13178.3235,2361331.0396,2361331.0396
603236.SH,20230213,123.11,125.63,121.04,124.6,122.99,1.61,1.309,25307.91,311828.49,124.6,1.3392,1.9204,1.1,65.7631,42.3006,6.6701,2.0909,1.6914,0.4568,0.4568,18898.2076,18898.2076,13178.3235,2354716.667,2354716.667
603236.SH,20230210,123.36,127.1,122.08,122.99,124.0,-1.01,-0.8145,32289.64,402750.494,122.99,1.7086,2.4502,1.54,64.9134,41.754,6.5839,2.0638,1.6695,0.4628,0.4628,18898.2076,18898.2076,13178.3235,2324290.5527,2324290.5527
603236.SH,20230209,119.17,124.99,117.58,124.0,119.46,4.54,3.8004,26584.84,326111.986,124.0,1.4067,2.0173,1.39,65.4465,42.0969,6.6379,2.0808,1.6832,0.4591,0.4591,18898.2076,18898.2076,13178.3235,2343377.7424,2343377.7424
603236.SH,20230208,118.47,121.5,118.02,119.46,118.66,0.8,0.6742,19897.77,238551.547,119.46,1.0529,1.5099,1.01,63.0503,40.5556,6.3949,2.0046,1.6216,0.4765,0.4765,18898.2076,18898.2076,13178.3235,2257579.8799,2257579.8799
603236.SH,20230207,114.98,119.15,114.43,118.66,115.17,3.49,3.0303,23768.3,279939.091,118.66,1.2577,1.8036,1.13,62.6281,40.284,6.3521,1.9912,1.6107,0.4797,0.4797,18898.2076,18898.2076,13178.3235,2242461.3138,2242461.3138
603236.SH,20230206,116.0,116.0,113.88,115.17,116.51,-1.34,-1.1501,12407.05,142471.414,115.17,0.6565,0.9415,0.54,60.7861,39.0992,6.1653,1.9326,1.5634,0.4943,0.4943,18898.2076,18898.2076,13178.3235,2176506.5693,2176506.5693
603236.SH,20230203,116.45,118.3,114.68,116.51,116.11,0.4,0.3445,22484.26,262535.437,116.51,1.1898,1.7062,1.05,61.4933,39.5541,6.237,1.9551,1.5815,0.4886,0.4886,18898.2076,18898.2076,13178.3235,2201830.1675,2201830.1675
603236.SH,20230202,115.28,117.49,114.86,116.11,114.67,1.44,1.2558,17189.81,199934.059,116.11,0.9096,1.3044,0.81,61.2822,39.4183,6.2156,1.9484,1.5761,0.4903,0.4903,18898.2076,18898.2076,13178.3235,2194270.8844,2194270.8844
603236.SH,20230201,111.92,115.28,111.45,114.67,111.37,3.3,2.9631,22469.55,255366.268,114.67,1.189,1.705,1.14,60.5222,38.9295,6.1385,1.9242,1.5566,0.4964,0.4964,18898.2076,18898.2076,13178.3235,2167057.4655,2167057.4655
603236.SH,20230131,114.0,115.4,111.26,111.37,115.69,-4.32,-3.7341,30974.86,348131.045,111.37,1.639,2.3504,1.6,58.7804,37.8091,5.9618,1.8689,1.5118,0.5111,0.5111,18898.2076,18898.2076,13178.3235,2104693.3804,2104693.3804
603236.SH,20230130,120.0,120.0,115.3,115.69,116.97,-1.28,-1.0943,21258.91,248971.1,115.69,1.1249,1.6132,1.08,61.0605,39.2757,6.1931,1.9414,1.5704,0.492,0.492,18898.2076,18898.2076,13178.3235,2186333.6372,2186333.6372
603236.SH,20230120,116.05,118.87,116.0,116.97,116.96,0.01,0.0085,15559.93,182152.054,116.97,0.8234,1.1807,0.75,61.7361,39.7103,6.2616,1.9628,1.5878,0.4866,0.4866,18898.2076,18898.2076,13178.3235,2210523.343,2210523.343
603236.SH,20230119,114.63,117.7,113.86,116.96,114.8,2.16,1.8815,16368.93,189977.799,116.96,0.8662,1.2421,0.81,61.7308,39.7069,6.2611,1.9627,1.5877,0.4867,0.4867,18898.2076,18898.2076,13178.3235,2210334.3609,2210334.3609
603236.SH,20230118,116.9,116.9,113.93,114.8,116.51,-1.71,-1.4677,14406.81,165435.388,114.8,0.7623,1.0932,0.62,60.5908,38.9736,6.1454,1.9264,1.5583,0.4958,0.4958,18898.2076,18898.2076,13178.3235,2169514.2325,2169514.2325
603236.SH,20230117,112.0,117.41,111.3,116.51,110.92,5.59,5.0397,29488.89,340480.938,116.51,1.5604,2.2377,1.17,61.4933,39.5541,6.237,1.9551,1.5815,0.4886,0.4886,18898.2076,18898.2076,13178.3235,2201830.1675,2201830.1675
603236.SH,20230116,110.4,113.34,109.63,110.92,109.93,0.99,0.9006,22554.04,252198.304,110.92,1.1934,1.7114,0.92,58.5429,37.6564,5.9377,1.8613,1.5057,0.5132,0.5132,18898.2076,18898.2076,13178.3235,2096189.187,2096189.187
603236.SH,20230113,113.0,113.8,109.0,109.93,112.85,-2.92,-2.5875,20646.68,227937.851,109.93,1.0925,1.5667,0.81,58.0204,37.3203,5.8847,1.8447,1.4922,0.5178,0.5178,18898.2076,18898.2076,13178.3235,2077479.9615,2077479.9615
603236.SH,20230112,112.28,113.98,111.67,112.85,112.29,0.56,0.4987,13687.49,154595.446,112.85,0.7243,1.0386,0.51,59.5616,38.3116,6.0411,1.8937,1.5319,0.5044,0.5044,18898.2076,18898.2076,13178.3235,2132662.7277,2132662.7277
603236.SH,20230111,113.68,114.25,111.17,112.29,113.01,-0.72,-0.6371,29053.0,327800.282,112.29,1.5373,2.2046,1.16,59.266,38.1215,6.0111,1.8843,1.5243,0.5069,0.5069,18898.2076,18898.2076,13178.3235,2122079.7314,2122079.7314
603236.SH,20230110,106.3,113.9,105.85,113.01,106.5,6.51,6.1127,40412.29,447726.54,113.01,2.1384,3.0666,1.64,59.646,38.3659,6.0496,1.8964,1.534,0.5037,0.5037,18898.2076,18898.2076,13178.3235,2135686.4409,2135686.4409
603236.SH,20230109,108.5,108.5,105.66,106.5,107.6,-1.1,-1.0223,18168.93,194564.461,106.5,0.9614,1.3787,0.72,56.2101,36.1558,5.7011,1.7871,1.4457,0.5345,0.5345,18898.2076,18898.2076,13178.3235,2012659.1094,2012659.1094
603236.SH,20230106,106.29,110.0,105.3,107.6,106.29,1.31,1.2325,26190.9,283217.681,107.6,1.3859,1.9874,1.17,56.7906,36.5293,5.76,1.8056,1.4606,0.529,0.529,18898.2076,18898.2076,13178.3235,2033447.1378,2033447.1378
603236.SH,20230105,106.0,107.48,105.66,106.29,106.53,-0.24,-0.2253,19333.03,205872.404,106.29,1.023,1.467,0.87,56.0992,36.0845,5.6899,1.7836,1.4428,0.5355,0.5355,18898.2076,18898.2076,13178.3235,2008690.4858,2008690.4858
603236.SH,20230104,108.5,108.8,105.6,106.53,107.3,-0.77,-0.7176,21088.15,225949.652,106.53,1.1159,1.6002,0.92,56.2259,36.166,5.7027,1.7876,1.4461,0.5343,0.5343,18898.2076,18898.2076,13178.3235,2013226.0556,2013226.0556
603236.SH,20230103,100.23,108.0,99.5,107.3,100.82,6.48,6.4273,38330.42,400998.253,107.3,2.0283,2.9086,2.19,56.6323,36.4274,5.744,1.8006,1.4565,0.5305,0.5305,18898.2076,18898.2076,13178.3235,2027777.6755,2027777.6755
603236.SH,20221230,103.0,103.6,100.01,100.82,102.3,-1.48,-1.4467,20443.6,206665.779,100.82,1.0818,1.5513,1.31,53.2122,34.2275,5.3971,1.6918,1.3686,0.2993,0.5646,18898.2076,18898.2076,13178.3235,1905317.2902,1905317.2902
603236.SH,20221229,102.68,103.7,101.42,102.3,103.03,-0.73,-0.7085,12552.62,128759.646,102.3,0.6642,0.9525,0.76,53.9933,34.73,5.4763,1.7167,1.3887,0.295,0.5564,18898.2076,18898.2076,13178.3235,1933286.6375,1933286.6375
603236.SH,20221228,103.7,105.3,101.25,103.03,104.1,-1.07,-1.0279,19069.67,196826.706,103.03,1.0091,1.447,1.25,54.3786,34.9778,5.5154,1.7289,1.3986,0.2929,0.5525,18898.2076,18898.2076,13178.3235,1947082.329,1947082.329
603236.SH,20221227,101.0,104.96,101.0,104.1,100.43,3.67,3.6543,24255.97,251581.277,104.1,1.2835,1.8406,1.68,54.9434,35.341,5.5727,1.7469,1.4131,0.2899,0.5468,18898.2076,18898.2076,13178.3235,1967303.4112,1967303.4112
603236.SH,20221226,99.3,101.48,99.2,100.43,99.19,1.24,1.2501,11343.35,114068.25,100.43,0.6002,0.8608,0.69,53.0064,34.0951,5.3762,1.6853,1.3633,0.3005,0.5668,18898.2076,18898.2076,13178.3235,1897946.9893,1897946.9893
603236.SH,20221223,99.98,99.98,98.29,99.19,100.02,-0.83,-0.8298,11006.62,109060.031,99.19,0.5824,0.8352,0.61,52.3519,33.6741,5.3098,1.6645,1.3464,0.3042,0.5739,18898.2076,18898.2076,13178.3235,1874513.2118,1874513.2118
603236.SH,20221222,102.41,103.11,99.88,100.02,102.39,-2.37,-2.3147,16667.77,168124.674,100.02,0.882,1.2648,0.84,52.79,33.9559,5.3542,1.6784,1.3577,0.3017,0.5691,18898.2076,18898.2076,13178.3235,1890198.7242,1890198.7242
603236.SH,20221221,101.97,103.2,100.53,102.39,102.4,-0.01,-0.0098,13018.55,132703.757,102.39,0.6889,0.9879,0.62,54.0408,34.7605,5.4811,1.7182,1.3899,0.2947,0.5559,18898.2076,18898.2076,13178.3235,1934987.4762,1934987.4762
603236.SH,20221220,99.8,103.18,99.73,102.4,100.03,2.37,2.3693,19998.81,203476.128,102.4,1.0582,1.5176,0.92,54.0461,34.7639,5.4817,1.7183,1.39,0.2947,0.5559,18898.2076,18898.2076,13178.3235,1935176.4582,1935176.4582
603236.SH,20221219,102.11,103.56,99.66,100.03,102.97,-2.94,-2.8552,21897.85,220861.388,100.03,1.1587,1.6617,0.98,52.7952,33.9593,5.3548,1.6786,1.3578,0.3017,0.5691,18898.2076,18898.2076,13178.3235,1890387.7062,1890387.7062
603236.SH,20221216,104.24,105.0,102.41,102.97,105.42,-2.45,-2.324,19010.09,195820.97,102.97,1.0059,1.4425,0.86,54.347,34.9574,5.5122,1.7279,1.3977,0.2931,0.5528,18898.2076,18898.2076,13178.3235,1945948.4366,1945948.4366
603236.SH,20221215,102.28,106.26,101.11,105.42,102.08,3.34,3.2719,25595.38,267487.542,105.42,1.3544,1.9422,1.26,55.6401,35.7892,5.6433,1.769,1.431,0.2863,0.54,18898.2076,18898.2076,13178.3235,1992249.0452,1992249.0452
603236.SH,20221214,103.7,105.08,101.6,102.08,102.98,-0.9,-0.874,17692.58,181959.474,102.08,0.9362,1.3426,0.86,53.8772,34.6553,5.4645,1.713,1.3857,0.2956,0.5576,18898.2076,18898.2076,13178.3235,1929129.0318,1929129.0318
603236.SH,20221213,106.7,106.71,102.53,102.98,106.18,-3.2,-3.0138,24031.32,249429.783,102.98,1.2716,1.8235,1.19,54.3522,34.9608,5.5127,1.7281,1.3979,0.293,0.5528,18898.2076,18898.2076,13178.3235,1946137.4186,1946137.4186
603236.SH,20221212,103.51,107.3,103.51,106.18,103.54,2.64,2.5497,25393.48,267812.209,106.18,1.3437,1.9269,1.29,56.0412,36.0472,5.684,1.7818,1.4413,0.2842,0.5361,18898.2076,18898.2076,13178.3235,2006611.683,2006611.683
603236.SH,20221209,104.69,104.73,103.0,103.54,104.72,-1.18,-1.1268,18165.47,188491.842,103.54,0.9612,1.3784,0.89,54.6478,35.1509,5.5427,1.7375,1.4055,0.2915,0.5498,18898.2076,18898.2076,13178.3235,1956720.4149,1956720.4149
603236.SH,20221208,105.72,106.01,104.01,104.72,106.0,-1.28,-1.2075,16474.41,172717.378,104.72,0.8717,1.2501,0.67,55.2706,35.5515,5.6058,1.7573,1.4215,0.2882,0.5436,18898.2076,18898.2076,13178.3235,1979020.2999,1979020.2999
603236.SH,20221207,107.0,108.6,105.91,106.0,107.7,-1.7,-1.5785,18222.54,194873.377,106.0,0.9642,1.3828,0.7,55.9462,35.9861,5.6744,1.7787,1.4389,0.2847,0.537,18898.2076,18898.2076,13178.3235,2003210.0056,2003210.0056
603236.SH,20221206,106.99,109.22,105.4,107.7,107.11,0.59,0.5508,22381.35,241254.251,107.7,1.1843,1.6983,0.82,56.8434,36.5632,5.7654,1.8073,1.462,0.2802,0.5285,18898.2076,18898.2076,13178.3235,2035336.9585,2035336.9585
603236.SH,20221205,107.24,108.1,104.67,107.11,106.39,0.72,0.6768,23065.41,245525.72,107.11,1.2205,1.7503,0.79,56.532,36.3629,5.7338,1.7974,1.4539,0.2817,0.5314,18898.2076,18898.2076,13178.3235,2024187.016,2024187.016
603236.SH,20221202,104.59,107.78,104.51,106.39,105.49,0.9,0.8532,22302.64,236850.885,106.39,1.1801,1.6924,0.73,56.152,36.1185,5.6952,1.7853,1.4442,0.2836,0.535,18898.2076,18898.2076,13178.3235,2010580.3066,2010580.3066
603236.SH,20221201,105.2,108.8,104.9,105.49,103.8,1.69,1.6281,36956.54,394688.128,105.49,1.9556,2.8043,1.32,55.677,35.8129,5.6471,1.7702,1.432,0.2861,0.5396,18898.2076,18898.2076,13178.3235,1993571.9197,1993571.9197
603236.SH,20221130,102.81,103.88,102.0,103.8,102.84,0.96,0.9335,24776.28,255545.962,103.8,1.311,1.8801,0.88,54.785,35.2392,5.5566,1.7418,1.409,0.2907,0.5484,18898.2076,18898.2076,13178.3235,1961633.9489,1961633.9489
603236.SH,20221129,102.53,103.98,102.02,102.84,102.53,0.31,0.3024,29583.82,304997.352,102.84,1.5654,2.2449,0.99,54.2783,34.9133,5.5052,1.7257,1.396,0.2934,0.5535,18898.2076,18898.2076,13178.3235,1943491.6696,1943491.6696
603236.SH,20221128,102.5,103.89,101.07,102.53,104.58,-2.05,-1.9602,32259.84,329594.08,102.53,1.707,2.4479,1.09,54.1147,34.808,5.4886,1.7205,1.3918,0.2943,0.5552,18898.2076,18898.2076,13178.3235,1937633.2252,1937633.2252
603236.SH,20221125,108.19,108.49,104.15,104.58,108.15,-3.57,-3.301,29975.0,316510.716,104.58,1.5861,2.2746,0.91,55.1967,35.504,5.5984,1.7549,1.4196,0.2886,0.5443,18898.2076,18898.2076,13178.3235,1976374.5508,1976374.5508
603236.SH,20221124,111.22,112.6,107.9,108.15,111.0,-2.85,-2.5676,23914.7,261487.242,108.15,1.2654,1.8147,0.61,57.0809,36.716,5.7895,1.8148,1.4681,0.279,0.5263,18898.2076,18898.2076,13178.3235,2043841.1519,2043841.1519
603236.SH,20221123,112.0,112.65,108.3,111.0,112.56,-1.56,-1.3859,25664.98,282765.094,111.0,1.3581,1.9475,0.55,58.5851,37.6835,5.942,1.8626,1.5067,0.2719,0.5128,18898.2076,18898.2076,13178.3235,2097701.0436,2097701.0436
603236.SH,20221122,113.36,115.95,111.45,112.56,113.35,-0.79,-0.697,37332.95,421863.844,112.56,1.9755,2.8329,0.73,59.4085,38.2131,6.0255,1.8888,1.5279,0.2681,0.5057,18898.2076,18898.2076,13178.3235,2127182.2475,2127182.2475
603236.SH,20221121,114.87,115.25,111.91,113.35,116.13,-2.78,-2.3939,30518.45,345641.406,113.35,1.6149,2.3158,0.61,59.8255,38.4813,6.0678,1.9021,1.5386,0.2662,0.5022,18898.2076,18898.2076,13178.3235,2142111.8315,2142111.8315
603236.SH,20221118,115.67,118.49,114.0,116.13,116.0,0.13,0.1121,47393.19,553439.32,116.13,2.5078,3.5963,0.93,61.2927,39.4251,6.2166,1.9487,1.5764,0.2599,0.4902,18898.2076,18898.2076,13178.3235,2194648.8486,2194648.8486
603236.SH,20221117,112.38,116.98,112.11,116.0,113.35,2.65,2.3379,53913.68,618611.773,116.0,2.8528,4.0911,1.12,61.2241,39.381,6.2097,1.9466,1.5746,0.2602,0.4907,18898.2076,18898.2076,13178.3235,2192192.0816,2192192.0816
603236.SH,20221116,111.0,116.77,110.65,113.35,110.62,2.73,2.4679,65124.65,742428.745,113.35,3.4461,4.9418,1.65,59.8255,38.4813,6.0678,1.9021,1.5386,0.2662,0.5022,18898.2076,18898.2076,13178.3235,2142111.8315,2142111.8315
603236.SH,20221115,100.75,110.62,100.1,110.62,100.56,10.06,10.004,59517.74,635578.495,110.62,3.1494,4.5163,1.63,58.3846,37.5545,5.9217,1.8563,1.5016,0.2728,0.5146,18898.2076,18898.2076,13178.3235,2090519.7247,2090519.7247
603236.SH,20221114,102.51,102.69,100.2,100.56,102.22,-1.66,-1.6239,24631.65,249533.734,100.56,1.3034,1.8691,0.62,53.075,34.1392,5.3832,1.6875,1.365,0.3001,0.5661,18898.2076,18898.2076,13178.3235,1900403.7563,1900403.7563
603236.SH,20221111,102.36,105.36,101.03,102.22,99.26,2.96,2.9821,50690.26,524376.325,102.22,2.6823,3.8465,1.22,53.9511,34.7028,5.472,1.7153,1.3876,0.2952,0.5569,18898.2076,18898.2076,13178.3235,1931774.7809,1931774.7809
603236.SH,20221110,102.1,103.38,98.28,99.26,103.41,-4.15,-4.0132,40990.7,411294.503,99.26,2.169,3.1105,0.93,52.3888,33.6979,5.3136,1.6656,1.3474,0.304,0.5735,18898.2076,18898.2076,13178.3235,1875836.0864,1875836.0864
603236.SH,20221109,104.44,105.24,103.0,103.41,104.7,-1.29,-1.2321,21859.48,227057.723,103.41,1.1567,1.6587,0.46,54.5792,35.1068,5.5357,1.7353,1.4037,0.2918,0.5505,18898.2076,18898.2076,13178.3235,1954263.6479,1954263.6479
603236.SH,20221108,109.17,109.51,104.2,104.7,109.94,-5.24,-4.7662,43848.74,463262.751,104.7,2.3203,3.3273,0.94,55.26,35.5447,5.6048,1.7569,1.4212,0.2882,0.5437,18898.2076,18898.2076,13178.3235,1978642.3357,1978642.3357
603236.SH,20221107,109.94,111.94,108.21,109.94,110.61,-0.67,-0.6057,42478.51,467204.585,109.94,2.2478,3.2234,0.91,58.0257,37.3237,5.8853,1.8449,1.4924,0.2745,0.5178,18898.2076,18898.2076,13178.3235,2077668.9435,2077668.9435
603236.SH,20221104,105.43,111.68,102.94,110.61,104.99,5.62,5.3529,57785.24,627761.088,110.61,3.0577,4.3849,1.46,58.3793,37.5511,5.9211,1.8561,1.5015,0.2728,0.5146,18898.2076,18898.2076,13178.3235,2090330.7426,2090330.7426
603236.SH,20221103,106.0,108.83,104.02,104.99,107.52,-2.53,-2.3531,54296.84,573126.269,104.99,2.8731,4.1202,1.6,55.4131,35.6432,5.6203,1.7618,1.4252,0.2874,0.5422,18898.2076,18898.2076,13178.3235,1984122.8159,1984122.8159
603236.SH,20221102,102.22,107.52,100.88,107.52,101.22,6.3,6.2241,41075.54,425305.163,107.52,2.1735,3.1169,1.35,56.7484,36.5021,5.7557,1.8043,1.4595,0.2807,0.5294,18898.2076,18898.2076,13178.3235,2031935.2812,2031935.2812
603236.SH,20221101,102.57,103.97,99.6,101.22,102.9,-1.68,-1.6327,36924.61,371769.468,101.22,1.9539,2.8019,1.37,53.4233,34.3633,5.4185,1.6985,1.374,0.2981,0.5624,18898.2076,18898.2076,13178.3235,1912876.5733,1912876.5733
603236.SH,20221031,103.15,107.62,101.61,102.9,103.01,-0.11,-0.1068,43979.26,459474.504,102.9,2.3272,3.3373,1.93,54.31,34.9337,5.5084,1.7267,1.3968,0.2933,0.5532,18898.2076,18898.2076,13178.2235,1944625.562,1944625.562
603236.SH,20221028,105.9,108.4,102.66,103.01,106.05,-3.04,-2.8666,22032.28,232666.823,103.01,1.1658,1.6719,1.02,54.3681,38.8334,5.7607,1.7286,1.4277,0.293,0.5526,18898.2076,18898.2076,13178.2235,1946704.3649,1946704.3649
603236.SH,20221027,111.35,113.0,106.05,106.05,109.69,-3.64,-3.3184,25733.58,278576.687,106.05,1.3617,1.9527,1.26,55.9726,39.9795,5.9307,1.7796,1.4698,0.2846,0.5368,18898.2076,18898.2076,13178.2235,2004154.916,2004154.916
603236.SH,20221026,109.0,112.68,107.68,109.69,107.96,1.73,1.6024,23754.85,261231.167,109.69,1.257,1.8026,1.26,57.8937,41.3517,6.1343,1.8407,1.5203,0.2751,0.5189,18898.2076,18898.2076,13178.2235,2072944.3916,2072944.3916
603236.SH,20221025,108.48,111.79,107.0,107.96,109.26,-1.3,-1.1898,19577.64,213369.899,107.96,1.036,1.4856,0.96,56.9807,40.6995,6.0375,1.8116,1.4963,0.2795,0.5273,18898.2076,18898.2076,13178.2235,2040250.4925,2040250.4925
603236.SH,20221024,112.85,113.5,107.77,109.26,110.72,-1.46,-1.3186,22774.66,252264.217,109.26,1.2051,1.7282,1.1,57.6668,41.1896,6.1102,1.8335,1.5143,0.2762,0.521,18898.2076,18898.2076,13178.2235,2064818.1624,2064818.1624
603236.SH,20221021,113.5,113.5,108.42,110.72,113.0,-2.28,-2.0177,16086.48,177767.09,110.72,0.8512,1.2207,0.74,58.4374,41.74,6.1919,1.858,1.5346,0.2726,0.5141,18898.2076,18898.2076,13178.2235,2092409.5455,2092409.5455
603236.SH,20221020,110.0,113.6,108.73,113.0,111.46,1.54,1.3817,19673.59,219462.33,113.0,1.041,1.4929,0.85,59.6407,42.5995,6.3194,1.8962,1.5662,0.2671,0.5037,18898.2076,18898.2076,13178.2235,2135497.4588,2135497.4588
603236.SH,20221019,112.59,113.68,111.46,111.46,112.58,-1.12,-0.9948,16004.27,180023.718,111.46,0.8469,1.2144,0.63,58.8279,42.019,6.2333,1.8704,1.5448,0.2707,0.5107,18898.2076,18898.2076,13178.2235,2106394.2191,2106394.2191
603236.SH,20221018,115.64,117.89,111.7,112.58,113.94,-1.36,-1.1936,27643.14,313802.918,112.58,1.4627,2.0976,1.16,59.4191,42.4412,6.2959,1.8892,1.5604,0.2681,0.5056,18898.2076,18898.2076,13178.2235,2127560.2116,2127560.2116
603236.SH,20221017,112.67,115.62,110.74,113.94,112.71,1.23,1.0913,23811.23,269644.057,113.94,1.26,1.8069,1.02,60.1369,42.9539,6.372,1.912,1.5792,0.2649,0.4996,18898.2076,18898.2076,13178.2235,2153261.7739,2153261.7739
603236.SH,20221014,111.99,113.91,109.1,112.71,111.11,1.6,1.44,21548.77,241872.285,112.71,1.1403,1.6352,1.0,59.4877,42.4902,6.3032,1.8913,1.5622,0.2677,0.505,18898.2076,18898.2076,13178.2235,2130016.9786,2130016.9786
603236.SH,20221013,110.2,114.0,109.08,111.11,110.48,0.63,0.5702,26604.68,297292.066,111.11,1.4078,2.0188,1.35,58.6432,41.887,6.2137,1.8645,1.54,0.2716,0.5123,18898.2076,18898.2076,13178.2235,2099779.8464,2099779.8464
603236.SH,20221012,110.98,110.98,105.29,110.48,110.21,0.27,0.245,27527.21,297386.051,110.48,1.4566,2.0888,1.43,58.3107,41.6495,6.1785,1.8539,1.5312,0.2731,0.5152,18898.2076,18898.2076,13178.2235,2087873.9756,2087873.9756
603236.SH,20221011,110.92,113.0,109.5,110.21,110.22,-0.01,-0.0091,19301.95,213985.574,110.21,1.0214,1.4647,1.02,58.1682,41.5477,6.1634,1.8494,1.5275,0.2738,0.5165,18898.2076,18898.2076,13178.2235,2082771.4596,2082771.4596
603236.SH,20221010,114.8,116.5,109.0,110.22,114.09,-3.87,-3.3921,21935.74,246163.005,110.22,1.1607,1.6645,1.18,58.1735,41.5515,6.1639,1.8496,1.5276,0.2738,0.5164,18898.2076,18898.2076,13178.2235,2082960.4417,2082960.4417
603236.SH,20220930,118.83,118.89,113.92,114.09,118.09,-4.0,-3.3872,12074.01,139576.328,114.09,0.6389,0.9162,0.55,60.216,43.0104,6.3803,1.9145,1.5813,0.2645,0.4989,18898.2076,18898.2076,13178.2235,2156096.5051,2156096.5051
603236.SH,20220929,119.53,119.82,117.62,118.09,117.17,0.92,0.7852,17439.89,206771.038,118.09,0.9228,1.3234,0.72,62.3272,44.5184,6.604,1.9816,1.6367,0.2555,0.482,18898.2076,18898.2076,13178.2235,2231689.3355,2231689.3355
603236.SH,20220928,122.37,122.49,116.38,117.17,122.5,-5.33,-4.351,25535.56,301029.284,117.17,1.3512,1.9377,1.13,61.8416,44.1716,6.5526,1.9662,1.624,0.2576,0.4858,18898.2076,18898.2076,13178.2235,2214302.9845,2214302.9845
603236.SH,20220927,123.63,123.75,119.8,122.5,121.99,0.51,0.4181,18021.23,219249.568,122.5,0.9536,1.3675,0.79,64.6548,46.1809,6.8507,2.0556,1.6978,0.2463,0.4647,18898.2076,18898.2076,13178.2235,2315030.431,2315030.431
603236.SH,20220926,120.74,123.96,119.74,121.99,121.54,0.45,0.3702,19870.82,242443.618,121.99,1.0515,1.5079,0.86,64.3856,45.9886,6.8221,2.0471,1.6908,0.2474,0.4666,18898.2076,18898.2076,13178.2235,2305392.3451,2305392.3451
603236.SH,20220923,124.64,125.3,118.0,121.54,124.38,-2.84,-2.2833,29447.39,357543.692,121.54,1.5582,2.2345,1.44,64.1481,45.819,6.797,2.0395,1.6845,0.2483,0.4683,18898.2076,18898.2076,13178.2235,2296888.1517,2296888.1517
603236.SH,20220922,126.0,128.23,123.0,124.38,126.34,-1.96,-1.5514,28858.47,361414.936,124.38,1.527,2.1899,1.55,65.647,46.8896,6.9558,2.0872,1.7239,0.2426,0.4577,18898.2076,18898.2076,13178.2235,2350559.0613,2350559.0613
603236.SH,20220921,129.9,131.3,126.08,126.34,129.9,-3.56,-2.7406,16674.88,213924.776,126.34,0.8824,1.2653,0.93,66.6815,47.6285,7.0654,2.1201,1.7511,0.2389,0.4506,18898.2076,18898.2076,13178.2235,2387599.5482,2387599.5482
603236.SH,20220920,132.0,134.48,129.0,129.9,131.58,-1.68,-1.2768,19373.85,253810.535,129.9,1.0252,1.4701,1.11,68.5605,48.9706,7.2645,2.1798,1.8004,0.2323,0.4382,18898.2076,18898.2076,13178.2235,2454877.1672,2454877.1672
603236.SH,20220919,131.79,134.55,128.83,131.58,131.36,0.22,0.1675,21194.55,277589.076,131.58,1.1215,1.6083,1.32,69.4472,49.6039,7.3584,2.208,1.8237,0.2293,0.4326,18898.2076,18898.2076,13178.2235,2486626.156,2486626.156
603236.SH,20220916,132.97,135.25,131.1,131.36,133.56,-2.2,-1.6472,16109.18,214997.593,131.36,0.8524,1.2224,1.01,69.331,49.521,7.3461,2.2043,1.8206,0.2297,0.4333,18898.2076,18898.2076,13178.2235,2482468.5503,2482468.5503
603236.SH,20220915,140.66,141.65,132.46,133.56,139.55,-5.99,-4.2924,19488.18,263904.063,133.56,1.0312,1.4788,1.29,70.4922,50.3504,7.4692,2.2412,1.8511,0.2259,0.4262,18898.2076,18898.2076,13178.2235,2524044.6071,2524044.6071
603236.SH,20220914,139.2,141.95,138.16,139.55,142.87,-3.32,-2.3238,13218.07,184139.374,139.55,0.6994,1.003,0.72,73.6537,52.6085,7.8042,2.3417,1.9342,0.2162,0.4079,18898.2076,18898.2076,13178.2235,2637244.8706,2637244.8706
603236.SH,20220913,142.25,144.58,139.1,142.87,140.98,1.89,1.3406,17045.8,242748.134,142.87,0.902,1.2935,0.84,75.4059,53.8601,7.9898,2.3974,1.9802,0.2112,0.3984,18898.2076,18898.2076,13178.2235,2699986.9198,2699986.9198
603236.SH,20220909,140.34,142.08,137.6,140.98,142.09,-1.11,-0.7812,14589.2,203798.553,140.98,0.772,1.1071,0.72,74.4084,53.1476,7.8841,2.3657,1.954,0.2141,0.4038,18898.2076,18898.2076,13178.2235,2664269.3074,2664269.3074
603236.SH,20220908,144.5,144.6,139.05,142.09,142.69,-0.6,-0.4205,15504.89,219000.527,142.09,0.8204,1.1766,0.77,74.9943,53.5661,7.9462,2.3844,1.9694,0.2124,0.4006,18898.2076,18898.2076,13178.2235,2685246.3179,2685246.3179
603236.SH,20220907,140.0,144.86,139.0,142.69,141.0,1.69,1.1986,15418.02,220627.242,142.69,0.8158,1.17,0.79,75.3109,53.7923,7.9798,2.3944,1.9777,0.2115,0.3989,18898.2076,18898.2076,13178.2235,2696585.2424,2696585.2424
603236.SH,20220906,143.35,143.6,136.74,141.0,141.91,-0.91,-0.6413,28750.92,401764.257,141.0,1.5214,2.1817,1.82,74.419,53.1552,7.8853,2.3661,1.9543,0.214,0.4037,18898.2076,18898.2076,13178.2235,2664647.2716,2664647.2716
603236.SH,20220905,151.01,152.63,140.59,141.91,152.63,-10.72,-7.0235,27061.5,390236.285,141.91,1.432,2.0535,2.06,74.8993,53.4982,7.9361,2.3813,1.9669,0.2127,0.4011,18898.2076,18898.2076,13178.2235,2681844.6405,2681844.6405
603236.SH,20220902,149.65,155.56,147.5,152.63,148.65,3.98,2.6774,14674.28,223958.718,152.63,0.7765,1.1135,1.02,80.5572,57.5395,8.5356,2.5612,2.1154,0.1977,0.3729,18898.2076,18898.2076,13178.2235,2884433.426,2884433.426
603236.SH,20220901,146.17,150.0,145.25,148.65,147.65,1.0,0.6773,14284.18,211918.904,148.65,0.7558,1.0839,0.82,78.4566,56.0391,8.3131,2.4944,2.0603,0.203,0.3829,18898.2076,18898.2076,13178.2235,2809218.5597,2809218.5597
603236.SH,20220831,150.95,154.95,146.63,147.65,152.12,-4.47,-2.9385,12337.87,183963.319,147.65,0.6529,0.9362,0.65,77.9288,55.6621,8.2571,2.4777,2.0464,0.2044,0.3855,18898.2076,18898.2076,13178.2235,2790320.3521,2790320.3521
603236.SH,20220830,154.0,154.44,150.02,152.12,153.05,-0.93,-0.6076,10663.06,162318.119,152.12,0.5642,0.8091,0.57,80.288,57.3473,8.5071,2.5527,2.1084,0.1984,0.3742,18898.2076,18898.2076,13178.2235,2874795.3401,2874795.3401
603236.SH,20220829,149.6,158.5,149.5,153.05,152.85,0.2,0.1308,13761.62,212556.769,153.05,0.7282,1.0443,0.76,80.7789,57.6979,8.5591,2.5683,2.1213,0.1972,0.3719,18898.2076,18898.2076,13178.2235,2892370.6732,2892370.6732
603236.SH,20220826,157.71,162.19,152.78,152.85,158.5,-5.65,-3.5647,21195.67,331649.215,152.85,1.1216,1.6084,1.36,80.6733,57.6225,8.5479,2.5649,2.1185,0.1974,0.3724,18898.2076,18898.2076,13178.2235,2888591.0317,2888591.0317
603236.SH,20220825,160.17,169.1,154.44,158.5,160.49,-1.99,-1.24,29656.79,479970.886,158.5,1.5693,2.2504,2.45,83.6554,59.7524,8.8639,2.6597,2.1968,0.1904,0.3591,18898.2076,18898.2076,13178.2235,2995365.9046,2995365.9046
603236.SH,20220824,163.0,167.24,158.74,160.49,160.45,0.04,0.0249,20003.91,323141.513,160.49,1.0585,1.518,2.12,84.7057,60.5026,8.9752,2.6931,2.2244,0.188,0.3547,18898.2076,18898.2076,13178.2235,3032973.3377,3032973.3377
603236.SH,20220823,162.0,163.96,159.3,160.45,162.09,-1.64,-1.0118,9486.71,153144.257,160.45,0.502,0.7199,1.01,84.6846,71.9982,9.405,2.6925,2.4329,0.1881,0.3548,18898.2076,18898.2076,13178.2235,3032217.4094,3032217.4094
603236.SH,20220822,159.63,162.5,156.35,162.09,158.52,3.57,2.2521,9731.45,155953.503,162.09,0.5149,0.7384,0.94,85.5502,72.7341,9.5012,2.72,2.4577,0.1862,0.3512,18898.2076,18898.2076,13178.2235,3063210.4699,3063210.4699
603236.SH,20220819,164.1,165.38,158.47,158.52,164.1,-5.58,-3.4004,8996.72,144791.912,158.52,0.4761,0.6827,0.81,83.6659,71.1321,9.2919,2.6601,2.4036,0.1904,0.3591,18898.2076,18898.2076,13178.2235,2995743.8688,2995743.8688
603236.SH,20220818,159.99,165.0,158.51,164.1,159.64,4.46,2.7938,12325.09,200886.337,164.1,0.6522,0.9353,1.1,86.611,73.636,9.619,2.7537,2.4882,0.1839,0.3469,18898.2076,18898.2076,13178.2235,3101195.8672,3101195.8672
603236.SH,20220817,160.31,161.32,157.12,159.64,159.74,-0.1,-0.0626,6575.61,104808.173,159.64,0.3479,0.499,0.55,84.2571,71.6347,9.3576,2.6789,2.4206,0.189,0.3566,18898.2076,18898.2076,13178.2235,3016909.8613,3016909.8613
603236.SH,20220816,159.0,163.95,157.07,159.74,158.5,1.24,0.7823,9130.79,146408.878,159.74,0.4832,0.6929,0.66,84.3098,71.6796,9.3634,2.6805,2.4221,0.1889,0.3563,18898.2076,18898.2076,13178.2235,3018799.682,3018799.682
603236.SH,20220815,155.3,160.78,154.35,158.5,155.95,2.55,1.6351,14658.38,230856.414,158.5,0.7756,1.1123,1.07,83.6554,71.1232,9.2907,2.6597,2.4033,0.1904,0.3591,18898.2076,18898.2076,13178.2235,2995365.9046,2995365.9046
603236.SH,20220812,160.0,160.0,153.51,155.95,160.02,-4.07,-2.5434,12907.92,201334.967,155.95,0.683,0.9795,0.9,82.3095,69.9789,9.1413,2.6169,2.3646,0.1935,0.365,18898.2076,18898.2076,13178.2235,2947175.4752,2947175.4752
603236.SH,20220811,162.33,162.98,157.01,160.02,161.73,-1.71,-1.0573,12665.09,201532.261,160.02,0.6702,0.9611,0.88,84.4576,71.8052,9.3798,2.6852,2.4264,0.1886,0.3557,18898.2076,18898.2076,13178.2235,3024091.1802,3024091.1802
603236.SH,20220810,160.99,163.85,160.12,161.73,161.28,0.45,0.279,10395.3,167950.281,161.73,0.5501,0.7888,0.64,85.3601,72.5726,9.4801,2.7139,2.4523,0.1866,0.352,18898.2076,18898.2076,13178.2235,3056407.1151,3056407.1151
603236.SH,20220809,163.0,163.01,159.01,161.28,163.82,-2.54,-1.5505,18769.55,301780.184,161.28,0.9932,1.4243,0.98,85.1226,72.3706,9.4537,2.7064,2.4455,0.1871,0.3529,18898.2076,18898.2076,13178.2235,3047902.9217,3047902.9217
603236.SH,20220808,164.9,166.08,160.5,163.82,164.73,-0.91,-0.5524,13901.32,225961.475,163.82,0.7356,1.0549,0.74,86.4632,73.5104,9.6026,2.749,2.484,0.1842,0.3475,18898.2076,18898.2076,13178.2235,3095904.369,3095904.369
603236.SH,20220805,160.15,165.2,159.01,164.73,160.61,4.12,2.5652,16144.32,262810.776,164.73,0.8543,1.2251,0.81,86.9435,73.9187,9.6559,2.7643,2.4978,0.1832,0.3456,18898.2076,18898.2076,13178.2235,3113101.7379,3113101.7379
603236.SH,20220804,162.02,163.49,158.78,160.61,161.78,-1.17,-0.7232,12869.96,206494.919,160.61,0.681,0.9766,0.63,84.769,72.07,9.4144,2.6951,2.4353,0.1879,0.3544,18898.2076,18898.2076,13178.2235,3035241.1226,3035241.1226
603236.SH,20220803,163.82,164.98,160.5,161.78,163.5,-1.72,-1.052,20057.84,326907.906,161.78,1.0614,1.522,1.06,85.3865,72.595,9.483,2.7148,2.453,0.1865,0.3519,18898.2076,18898.2076,13178.2235,3057352.0255,3057352.0255
603236.SH,20220802,152.27,165.0,152.0,163.5,156.56,6.94,4.4328,32709.29,527624.408,163.5,1.7308,2.4821,2.05,86.2943,73.3668,9.5838,2.7436,2.4791,0.1846,0.3482,18898.2076,18898.2076,13178.2235,3089856.9426,3089856.9426
603236.SH,20220801,157.03,157.51,153.06,156.56,156.9,-0.34,-0.2167,11612.72,180576.126,156.56,0.6145,0.8812,0.71,82.6315,70.2526,9.177,2.6272,2.3739,0.1928,0.3636,18898.2076,18898.2076,13178.2235,2958703.3819,2958703.3819
603236.SH,20220729,153.1,159.88,152.0,156.9,153.46,3.44,2.2416,21896.48,344556.979,156.9,1.1587,1.6616,1.47,82.8109,70.4052,9.1969,2.6329,2.379,0.1923,0.3628,18898.2076,18898.2076,13178.2235,2965128.7724,2965128.7724
603236.SH,20220728,152.0,157.68,151.89,153.46,151.5,1.96,1.2937,15273.6,236658.719,153.46,0.8082,1.159,0.96,80.9953,68.8616,8.9953,2.5752,2.3269,0.1966,0.3709,18898.2076,18898.2076,13178.2235,2900118.9383,2900118.9383
603236.SH,20220727,155.49,155.49,150.21,151.5,155.49,-3.99,-2.5661,12931.7,196498.038,151.5,0.6843,0.9813,0.78,79.9608,67.9821,8.8804,2.5423,2.2972,0.1992,0.3757,18898.2076,18898.2076,13178.2235,2863078.4514,2863078.4514
603236.SH,20220726,148.97,156.08,147.02,155.49,148.44,7.05,4.7494,18250.15,280515.231,155.49,0.9657,1.3849,0.99,82.0667,69.7725,9.1143,2.6092,2.3577,0.1941,0.3661,18898.2076,18898.2076,13178.2235,2938482.2997,2938482.2997
603236.SH,20220725,153.3,153.3,148.1,148.44,153.0,-4.56,-2.9804,13537.48,202781.801,148.44,0.7163,1.0273,0.55,78.3458,66.609,8.7011,2.4909,2.2508,0.2033,0.3835,18898.2076,18898.2076,13178.2235,2805249.9361,2805249.9361
603236.SH,20220722,151.96,154.43,151.38,153.0,152.3,0.7,0.4596,14357.99,219668.2,153.0,0.7598,1.0895,0.41,80.7525,68.6552,8.9683,2.5674,2.3199,0.1972,0.372,18898.2076,18898.2076,13178.2235,2891425.7628,2891425.7628
603236.SH,20220721,150.28,154.47,148.01,152.3,150.01,2.29,1.5266,20667.65,315678.896,152.3,1.0936,1.5683,0.56,80.383,68.3411,8.9273,2.5557,2.3093,0.1981,0.3738,18898.2076,18898.2076,13178.2235,2878197.0175,2878197.0175
603236.SH,20220720,150.12,152.0,147.79,150.01,149.99,0.02,0.0133,15947.19,238411.761,150.01,0.8438,1.2101,0.4,79.1744,67.3135,8.7931,2.5173,2.2746,0.2012,0.3795,18898.2076,18898.2076,13178.2235,2834920.1221,2834920.1221
603236.SH,20220719,146.96,153.5,146.96,149.99,146.45,3.54,2.4172,27609.43,416114.597,149.99,1.461,2.0951,0.73,79.1638,67.3045,8.7919,2.5169,2.2743,0.2012,0.3795,18898.2076,18898.2076,13178.2235,2834542.1579,2834542.1579
603236.SH,20220718,147.2,149.39,144.01,146.45,149.18,-2.73,-1.83,43792.16,640717.347,146.45,2.3173,3.3231,1.35,77.2955,65.716,8.5844,2.4575,2.2206,0.2061,0.3887,18898.2076,18898.2076,13178.2235,2767642.503,2767642.503
603236.SH,20220715,135.8,149.33,135.8,149.18,135.75,13.43,9.8932,65819.09,967021.735,149.18,5.1364,5.1364,2.85,78.7363,66.941,8.7444,2.5033,2.262,0.263,0.496,18898.2076,12814.2076,12814.2076,2819234.6098,1911623.4898
603236.SH,20220714,128.33,136.3,128.0,135.75,124.0,11.75,9.4758,32505.0,436648.642,135.75,2.5366,2.5366,1.67,71.6481,60.9146,7.9572,2.278,2.0583,0.289,0.5451,18898.2076,12814.2076,12814.2076,2565431.6817,1739528.6817
603236.SH,20220713,123.8,127.26,122.69,124.0,124.12,-0.12,-0.0967,30841.68,385337.852,124.0,2.4068,2.4068,1.9,65.4465,55.6421,7.2685,2.0808,1.8802,0.3164,0.5968,18898.2076,12814.2076,12814.2076,2343377.7424,1588961.7424
603236.SH,20220712,128.59,128.61,123.4,124.12,128.65,-4.53,-3.5212,15049.3,188533.02,124.12,1.1744,1.1744,0.86,65.5098,55.696,7.2755,2.0828,1.882,0.3161,0.5962,18898.2076,12814.2076,12814.2076,2345645.5273,1590499.4473
603236.SH,20220711,132.66,132.66,125.0,128.65,132.3,-3.65,-2.7589,18032.53,231019.331,128.65,1.4072,1.4072,0.89,67.9007,57.7287,7.541,2.1588,1.9507,0.3049,0.5752,18898.2076,12814.2076,12814.2076,2431254.4077,1648547.8077
603236.SH,20220708,139.35,139.35,130.88,132.3,136.9,-4.6,-3.3601,19197.75,254851.224,132.3,1.4982,1.4982,0.84,69.8272,59.3665,7.755,2.2201,2.006,0.2965,0.5593,18898.2076,12814.2076,12814.2076,2500232.8655,1695319.6655
603236.SH,20220707,134.84,138.5,132.48,136.9,134.2,2.7,2.0119,14170.65,192205.888,136.9,1.1059,1.1059,0.57,72.255,61.4307,8.0246,2.2973,2.0758,0.2866,0.5405,18898.2076,12814.2076,12814.2076,2587164.6204,1754265.0204
603236.SH,20220706,135.13,137.28,132.01,134.2,136.12,-1.92,-1.4105,14804.45,199222.377,134.2,1.1553,1.1553,0.61,70.83,60.2191,7.8664,2.252,2.0348,0.2923,0.5514,18898.2076,12814.2076,12814.2076,2536139.4599,1719666.6599
603236.SH,20220705,132.66,139.5,132.5,136.12,134.97,1.15,0.852,21759.79,297122.56,136.12,1.6981,1.6981,0.91,71.8433,61.0807,7.9789,2.2842,2.064,0.2882,0.5436,18898.2076,12814.2076,12814.2076,2572424.0185,1744269.9385
603236.SH,20220704,127.4,135.37,127.28,134.97,127.56,7.41,5.809,31341.2,415908.904,134.97,2.4458,2.4458,1.42,71.2364,60.5646,7.9115,2.2649,2.0465,0.2907,0.5483,18898.2076,12814.2076,12814.2076,2550691.0798,1729533.5998
603236.SH,20220701,133.0,133.0,126.1,127.56,133.66,-6.1,-4.5638,32020.78,411000.814,127.56,2.4988,2.4988,1.74,67.3254,57.2396,7.4771,2.1405,1.9342,0.3075,0.5801,18898.2076,12814.2076,12814.2076,2410655.3615,1634580.3215
603236.SH,20220630,134.81,139.88,129.9,133.66,133.74,-0.08,-0.0598,23855.15,316522.696,133.66,2.4201,2.4201,1.43,70.545,59.9768,7.8347,2.2429,2.0267,0.2935,0.5536,18898.2076,9857.0828,9857.0828,2525934.4278,1317497.687
603236.SH,20220629,182.31,182.49,174.3,174.6,180.9,-6.3,-3.4826,13305.35,235855.135,174.6,1.3498,1.3498,0.83,70.8868,60.2674,7.6185,2.2538,2.0365,0.2247,,14537.0828,9857.0828,9857.0828,2538174.6569,1721046.6569
603236.SH,20220628,188.19,188.19,180.0,180.9,186.46,-5.56,-2.9819,18626.82,340329.992,180.9,1.8897,1.8897,1.35,73.4446,62.442,7.8934,2.3351,2.11,0.2169,,14537.0828,9857.0828,9857.0828,2629758.2785,1783146.2785
603236.SH,20220627,178.0,189.0,178.0,186.46,176.0,10.46,5.9432,22510.06,415473.103,186.46,2.2836,2.2836,2.06,75.7019,64.3612,8.136,2.4069,2.1748,0.2104,,14537.0828,9857.0828,9857.0828,2710584.4589,1837951.6589
603236.SH,20220624,178.44,179.7,175.0,176.0,174.94,1.06,0.6059,13866.02,245888.076,176.0,1.4067,1.4067,1.35,71.4552,60.7507,7.6795,2.2718,2.0528,0.2229,,14537.0828,9857.0828,9857.0828,2558526.5728,1734846.5728
603236.SH,20220623,175.76,178.6,172.08,174.94,174.31,0.63,0.3614,15343.13,269493.698,174.94,1.5566,1.5566,1.71,71.0249,60.3848,7.6333,2.2582,2.0404,0.2243,,14537.0828,9857.0828,9857.0828,2543117.265,1724398.065
603236.SH,20220622,179.45,179.78,173.01,174.31,176.4,-2.09,-1.1848,10172.43,178089.213,174.31,1.032,1.032,1.23,70.7691,60.1673,7.6058,2.25,2.0331,0.2251,,14537.0828,9857.0828,9857.0828,2533958.9029,1718188.1029
603236.SH,20220621,179.5,179.51,174.33,176.4,179.05,-2.65,-1.48,7333.7,129437.269,176.4,0.744,0.744,0.86,71.6176,60.8888,7.697,2.277,2.0575,0.2224,,14537.0828,9857.0828,9857.0828,2564341.4059,1738789.4059
603236.SH,20220620,179.4,181.96,178.1,179.05,179.88,-0.83,-0.4614,8048.06,144612.821,179.05,0.8165,0.8165,0.89,72.6935,61.8035,7.8126,2.3112,2.0884,0.2191,,14537.0828,9857.0828,9857.0828,2602864.6753,1764910.6753
603236.SH,20220617,177.34,180.6,174.0,179.88,177.3,2.58,1.4552,10634.46,189141.76,179.88,1.0789,1.0789,1.17,73.0305,62.09,7.8488,2.3219,2.0981,0.2181,,14537.0828,9857.0828,9857.0828,2614930.4541,1773092.0541
603236.SH,20220616,179.5,181.7,174.99,177.3,179.8,-2.5,-1.3904,8628.7,153267.009,177.3,0.8754,0.8754,0.85,71.983,61.1994,7.7363,2.2886,2.068,0.2213,,14537.0828,9857.0828,9857.0828,2577424.7804,1747660.7804
603236.SH,20220615,181.99,183.5,178.6,179.8,182.64,-2.84,-1.555,6566.81,118457.038,179.8,0.6662,0.6662,0.62,72.998,62.0623,7.8454,2.3209,2.0971,0.2182,,14537.0828,9857.0828,9857.0828,2613767.4874,1772303.4874
603236.SH,20220614,184.02,184.02,178.01,182.64,183.57,-0.93,-0.5066,8918.49,161617.779,182.64,0.9048,0.9048,0.83,74.151,63.0426,7.9693,2.3575,2.1303,0.2148,,14537.0828,9857.0828,9857.0828,2655052.8026,1800297.6026
603236.SH,20220613,177.0,184.95,175.4,183.57,177.8,5.77,3.2452,10310.68,188346.194,183.57,1.046,1.046,0.8,74.5286,63.3637,8.0099,2.3696,2.1411,0.2137,,14537.0828,9857.0828,9857.0828,2668572.2896,1809464.6896
603236.SH,20220610,173.66,178.27,172.29,177.8,173.7,4.1,2.3604,11010.68,194049.242,177.8,1.117,1.117,0.88,72.186,61.372,7.7581,2.2951,2.0738,0.2206,0.2206,14537.0828,9857.0828,9857.0828,2584693.3218,1752589.3218
603236.SH,20220609,181.6,181.6,172.5,173.7,181.0,-7.3,-4.0331,14051.49,245460.548,173.7,1.4255,1.4255,1.18,70.5214,59.9568,7.5792,2.2421,2.026,0.2259,0.2259,14537.0828,9857.0828,9857.0828,2525091.2824,1712175.2824
603236.SH,20220608,181.5,182.88,177.88,181.0,181.49,-0.49,-0.27,8826.76,159282.533,181.0,0.8955,0.8955,0.66,73.4852,62.4766,7.8977,2.3364,2.1111,0.2167,0.2167,14537.0828,9857.0828,9857.0828,2631211.9868,1784131.9868
603236.SH,20220607,181.91,182.23,178.38,181.49,181.0,0.49,0.2707,9612.67,174022.978,181.49,0.9752,0.9752,0.76,73.6841,62.6457,7.9191,2.3427,2.1168,0.2162,0.2162,14537.0828,9857.0828,9857.0828,2638335.1574,1788961.9574
603236.SH,20220606,177.3,182.22,177.3,181.0,177.8,3.2,1.7998,20966.83,377109.062,181.0,2.1271,2.1271,2.12,73.4852,62.4766,7.8977,2.3364,2.1111,0.2167,0.2167,14537.0828,9857.0828,9857.0828,2631211.9868,1784131.9868
603236.SH,20220602,172.23,178.08,171.0,177.8,174.73,3.07,1.757,9439.06,166503.942,177.8,0.9576,0.9576,0.96,72.186,61.372,7.7581,2.2951,2.0738,0.2206,0.2206,14537.0828,9857.0828,9857.0828,2584693.3218,1752589.3218
603236.SH,20220601,170.36,175.88,169.0,174.73,172.08,2.65,1.54,10470.05,181617.18,174.73,1.0622,1.0622,1.07,70.9396,60.3123,7.6241,2.2554,2.038,0.2245,0.2245,14537.0828,9857.0828,9857.0828,2540064.4776,1722328.0776
603236.SH,20220531,161.6,172.32,157.9,172.08,159.15,12.93,8.1244,16054.62,270152.529,172.08,1.6287,1.6287,1.56,69.8637,59.3976,7.5085,2.2212,2.0071,0.228,0.228,14537.0828,9857.0828,9857.0828,2501541.2082,1696206.8082
603236.SH,20220530,157.0,159.74,154.99,159.15,157.5,1.65,1.0476,6257.35,99071.094,159.15,0.6348,0.6348,0.55,64.6142,54.9345,6.9443,2.0543,1.8563,0.2465,0.2465,14537.0828,9857.0828,9857.0828,2313576.7276,1568754.7276
603236.SH,20220527,158.66,160.0,156.5,157.5,157.01,0.49,0.3121,7313.51,115590.246,157.5,0.742,0.742,0.61,63.9443,54.365,6.8723,2.033,1.837,0.2491,0.2491,14537.0828,9857.0828,9857.0828,2289590.541,1552490.541
603236.SH,20220526,156.1,158.5,153.2,157.01,155.52,1.49,0.9581,8863.24,138128.262,157.01,0.8992,0.8992,0.76,63.7454,54.1958,6.8509,2.0267,1.8313,0.2499,0.2499,14537.0828,9857.0828,9857.0828,2282467.3704,1547660.5704
603236.SH,20220525,158.33,160.0,155.15,155.52,157.0,-1.48,-0.9427,10578.87,166093.841,155.52,1.0732,1.0732,0.95,63.1404,53.6815,6.7859,2.0075,1.8139,0.2523,0.2523,14537.0828,9857.0828,9857.0828,2260807.1171,1532973.5171
603236.SH,20220524,153.14,160.87,152.69,157.0,153.72,3.28,2.1337,18524.39,293182.849,157.0,1.8793,1.8793,2.04,63.7413,54.1924,6.8505,2.0266,1.8312,0.2499,0.2499,14537.0828,9857.0828,9857.0828,2282321.9996,1547561.9996
603236.SH,20220523,155.41,155.8,152.71,153.72,152.69,1.03,0.6746,11712.34,180600.121,153.72,1.1882,1.1882,1.51,62.4096,53.0602,6.7074,1.9842,1.7929,0.2552,0.2552,14537.0828,9857.0828,9857.0828,2234640.368,1515230.768
603236.SH,20220520,154.13,155.2,149.36,152.69,152.63,0.06,0.0393,10336.8,156721.627,152.69,1.0487,1.0487,1.42,61.9915,52.7047,6.6624,1.9709,1.7809,0.2569,0.2569,14537.0828,9857.0828,9857.0828,2219667.1727,1505077.9727
603236.SH,20220519,150.03,153.5,149.49,152.63,152.0,0.63,0.4145,7144.18,108422.371,152.63,0.7248,0.7248,0.93,61.9671,52.684,6.6598,1.9702,1.7802,0.257,0.257,14537.0828,9857.0828,9857.0828,2218794.9478,1504486.5478
603236.SH,20220518,155.08,155.08,151.55,152.0,155.18,-3.18,-2.0492,7971.13,121735.328,152.0,0.8087,0.8087,0.86,61.7113,52.4665,6.6323,1.962,1.7729,0.2581,0.2581,14537.0828,9857.0828,9857.0828,2209636.5856,1498276.5856
603236.SH,20220517,153.0,156.5,150.12,155.18,153.57,1.61,1.0484,8312.22,128346.808,155.18,0.8433,0.8433,0.75,63.0024,53.5642,6.7711,2.0031,1.81,0.2528,0.2528,14537.0828,9857.0828,9857.0828,2255864.5089,1529622.1089
603236.SH,20220516,154.58,155.55,152.8,153.57,154.34,-0.77,-0.4989,5112.03,78740.05,153.57,0.5186,0.5186,0.41,62.3487,53.0084,6.7008,1.9823,1.7912,0.2555,0.2555,14537.0828,9857.0828,9857.0828,2232459.8056,1513752.2056
603236.SH,20220513,155.32,156.69,151.8,154.34,155.01,-0.67,-0.4322,7776.94,120130.352,154.34,0.789,0.789,0.59,62.6613,53.2742,6.7344,1.9922,1.8002,0.2542,0.2542,14537.0828,9857.0828,9857.0828,2243653.3594,1521342.1594
603236.SH,20220512,150.9,156.6,150.21,155.01,152.59,2.42,1.5859,9226.29,142119.191,155.01,0.936,0.936,0.7,62.9334,53.5055,6.7637,2.0009,1.808,0.2531,0.2531,14537.0828,9857.0828,9857.0828,2253393.2048,1527946.4048
603236.SH,20220511,151.31,156.0,150.49,152.59,150.5,2.09,1.3887,16090.34,247173.693,152.59,1.6324,1.6324,1.21,61.9509,52.6702,6.6581,1.9697,1.7798,0.2571,0.2571,14537.0828,9857.0828,9857.0828,2218213.4645,1504092.2645
603236.SH,20220510,144.0,154.48,142.02,150.5,146.35,4.15,2.8357,17055.93,258135.624,150.5,1.7303,1.7303,1.48,61.1023,51.9487,6.5669,1.9427,1.7554,0.2607,0.2607,14537.0828,9857.0828,9857.0828,2187830.9614,1483490.9614
603236.SH,20220509,151.51,151.51,145.91,146.35,150.91,-4.56,-3.0217,12151.03,179700.049,146.35,1.2327,1.2327,1.08,59.4174,50.5163,6.3858,1.8891,1.707,0.2681,0.2681,14537.0828,9857.0828,9857.0828,2127502.0678,1442584.0678
603236.SH,20220506,148.68,151.9,146.63,150.91,151.04,-0.13,-0.0861,11164.64,167026.127,150.91,1.1327,1.1327,1.06,61.2688,52.0903,6.5848,1.948,1.7602,0.26,0.26,14537.0828,9857.0828,9857.0828,2193791.1653,1487532.3653
603236.SH,20220505,149.99,155.3,148.03,151.04,148.75,2.29,1.5395,9312.17,141617.977,151.04,0.9447,0.9447,0.88,61.3216,52.1351,6.5905,1.9497,1.7617,0.2597,0.2597,14537.0828,9857.0828,9857.0828,2195680.9861,1488813.7861
603236.SH,20220429,148.0,153.5,148.0,148.75,142.42,6.33,4.4446,16726.53,251465.928,148.75,1.6969,1.6969,1.84,60.3918,51.3447,6.4905,1.9201,1.735,0.2637,0.2637,14537.0828,9857.0828,9857.0828,2162391.0665,1466241.0665
603236.SH,20220428,135.95,144.73,135.05,142.42,137.0,5.42,3.9562,8443.77,118147.608,142.42,0.8566,0.8566,0.95,57.8219,57.8219,6.4528,1.8384,1.8384,0.2755,0.2755,14537.0828,9857.0828,9857.0828,2070371.3324,1403845.7324
603236.SH,20220427,126.02,137.89,125.13,137.0,126.79,10.21,8.0527,10388.09,137066.157,137.0,1.0539,1.1063,1.2,55.6214,55.6214,6.2073,1.7684,1.7684,0.2864,0.2864,14537.0828,9857.0828,9389.6661,1991580.3436,1350420.3436
603236.SH,20220426,130.7,132.59,126.0,126.79,130.5,-3.71,-2.8429,7723.09,99870.971,126.79,0.7835,0.8225,0.8,51.4762,51.4762,5.7447,1.6366,1.6366,0.3094,0.3094,14537.0828,9857.0828,9389.6661,1843156.7282,1249779.5282
603236.SH,20220425,136.22,137.59,130.18,130.5,139.63,-9.13,-6.5387,9404.95,125837.538,130.5,0.9541,1.0016,0.92,52.9824,52.9824,5.9128,1.6845,1.6845,0.3006,0.3006,14537.0828,9857.0828,9389.6661,1897089.3054,1286349.3054
603236.SH,20220422,143.0,143.12,137.52,139.63,143.12,-3.49,-2.4385,9435.16,132285.715,139.63,0.9572,1.0048,0.92,56.6892,56.6892,6.3264,1.8024,1.8024,0.281,0.281,14537.0828,9857.0828,9389.6661,2029812.8714,1376344.4714
603236.SH,20220421,145.18,150.76,142.1,143.12,146.16,-3.04,-2.0799,7307.31,106731.821,143.12,0.7413,0.7782,0.6,58.1061,58.1061,6.4846,1.8474,1.8474,0.2741,0.2741,14537.0828,9857.0828,9389.6661,2080547.2903,1410745.6903
603236.SH,20220420,145.97,148.83,143.5,146.16,145.05,1.11,0.7653,9268.17,135644.242,146.16,0.9403,0.9871,0.81,59.3403,59.3403,6.6223,1.8867,1.8867,0.2684,0.2684,14537.0828,9857.0828,9389.6661,2124740.022,1440711.222
603236.SH,20220419,148.48,148.48,141.78,145.05,148.0,-2.95,-1.9932,12960.55,186944.255,145.05,1.3148,1.3803,1.21,58.8896,58.8896,6.572,1.8723,1.8723,0.2705,0.2705,14537.0828,9857.0828,9389.6661,2108603.8601,1429769.8601
603236.SH,20220418,146.78,148.99,141.45,148.0,145.05,2.95,2.0338,12171.01,177760.286,148.0,1.2347,1.2962,1.14,60.0873,60.0873,6.7057,1.9104,1.9104,0.2651,0.2651,14537.0828,9857.0828,9389.6661,2151488.2544,1458848.2544
603236.SH,20220415,142.71,146.45,141.2,145.05,143.5,1.55,1.0801,9369.07,135264.654,145.05,0.9505,0.9978,0.85,111.5569,59.9927,6.5855,3.4535,1.881,0.2705,0.2705,14537.0828,9857.0828,9389.6661,2108603.8601,1429769.8601
603236.SH,20220414,154.45,154.98,142.8,143.5,154.5,-11.0,-7.1197,17517.79,256223.855,143.5,1.7772,1.8656,1.93,110.3648,59.3516,6.5151,3.4166,1.8609,0.2734,0.2734,14537.0828,9857.0828,9389.6661,2086071.3818,1414491.3818
603236.SH,20220413,155.21,156.64,152.7,154.5,155.79,-1.29,-0.828,5372.44,83359.322,154.5,0.545,0.5722,0.54,118.8248,63.9012,7.0146,3.6784,2.0035,0.2539,0.2539,14537.0828,9857.0828,9389.6661,2245979.2926,1522919.2926
603236.SH,20220412,154.88,157.48,150.9,155.79,157.68,-1.89,-1.1986,9268.91,142810.103,155.79,0.9403,0.9871,1.01,119.817,64.4347,7.0731,3.7092,2.0202,0.2518,0.2518,14537.0828,9857.0828,9389.6661,2264732.1294,1535634.9294
603236.SH,20220411,164.81,164.81,154.21,157.68,166.24,-8.56,-5.1492,11977.13,189295.824,157.68,1.2151,1.2756,1.52,121.2706,65.2164,7.1589,3.7542,2.0447,0.2488,0.2488,14537.0828,9857.0828,9389.6661,2292207.2159,1554264.8159
603236.SH,20220408,168.88,169.0,163.52,166.24,169.22,-2.98,-1.761,10884.56,179913.246,166.24,1.1042,1.1592,1.5,127.854,68.7569,7.5476,3.958,2.1557,0.236,0.236,14537.0828,9857.0828,9389.6661,2416644.6447,1638641.4447
603236.SH,20220407,171.26,174.18,167.65,169.22,171.77,-2.55,-1.4845,7776.94,132007.546,169.22,0.789,0.8282,0.99,130.1459,69.9894,7.6829,4.0289,2.1944,0.2318,0.2318,14537.0828,9857.0828,9389.6661,2459965.1514,1668015.5514
603236.SH,20220406,175.6,176.71,168.71,171.77,176.75,-4.98,-2.8175,10159.91,174457.943,171.77,1.0307,1.082,1.47,132.1071,71.0441,7.7987,4.0896,2.2275,0.2284,0.2284,14537.0828,9857.0828,9389.6661,2497034.7126,1693151.1126
603236.SH,20220401,177.06,180.25,175.06,176.75,179.06,-2.31,-1.2901,5262.22,93118.163,176.75,0.5339,0.5604,0.74,135.9372,73.1038,8.0248,4.2082,2.292,0.222,0.222,14537.0828,9857.0828,9389.6661,2569429.3849,1742239.3849
603236.SH,20220331,178.26,181.0,176.1,179.06,180.72,-1.66,-0.9185,5366.72,96033.782,179.06,0.5445,0.5716,0.66,137.7138,74.0592,8.1296,4.2632,2.322,0.2191,0.2191,14537.0828,9857.0828,9389.6661,2603010.0462,1765009.2462
603236.SH,20220330,177.0,180.97,175.7,180.72,175.35,5.37,3.0624,7703.09,137802.91,180.72,0.7815,0.8204,0.88,138.9905,74.7458,8.205,4.3027,2.3435,0.2171,0.2171,14537.0828,9857.0828,9389.6661,2627141.6036,1781372.0036
603236.SH,20220329,180.0,181.99,171.81,175.35,179.91,-4.56,-2.5346,10778.96,189254.177,175.35,1.0935,1.148,1.34,134.8604,72.5248,7.9612,4.1749,2.2739,0.2237,0.2237,14537.0828,9857.0828,9389.6661,2549077.469,1728439.469
603236.SH,20220328,182.0,182.0,176.06,179.91,181.11,-1.2,-0.6626,5529.54,98896.56,179.91,0.561,0.5889,0.58,138.3675,74.4108,8.1682,4.2834,2.333,0.2181,0.2181,14537.0828,9857.0828,9389.6661,2615366.5665,1773387.7665
603236.SH,20220325,186.37,187.36,180.9,181.11,187.44,-6.33,-3.3771,6374.18,116365.36,181.11,0.6467,0.6789,0.58,139.2904,74.9071,8.2227,4.312,2.3486,0.2166,0.2166,14537.0828,9857.0828,9389.6661,2632811.0659,1785216.2659
603236.SH,20220324,187.15,190.4,181.11,187.44,188.97,-1.53,-0.8097,10358.85,193258.751,187.44,1.0509,1.1032,0.89,144.1588,77.5252,8.5101,4.4627,2.4307,0.2093,0.2093,14537.0828,9857.0828,9389.6661,2724830.8,1847611.6
603236.SH,20220323,184.42,190.3,183.28,188.97,184.29,4.68,2.5395,10911.21,205617.51,188.97,1.1069,1.162,0.92,145.3355,78.158,8.5796,4.4991,2.4505,0.2076,0.2076,14537.0828,9857.0828,9389.6661,2747072.5367,1862692.9367
603236.SH,20220322,187.55,191.16,182.66,184.29,187.66,-3.37,-1.7958,7035.85,130862.628,184.29,0.7138,0.7493,0.56,141.7361,76.2223,8.3671,4.3877,2.3898,0.2129,0.2129,14537.0828,9857.0828,9389.6661,2679038.9892,1816561.7892
603236.SH,20220321,183.49,189.72,182.02,187.66,182.65,5.01,2.743,13133.83,245895.409,187.66,1.3324,1.3988,1.14,144.328,77.6162,8.5201,4.4679,2.4335,0.2091,0.2091,14537.0828,9857.0828,9389.6661,2728028.9582,1849780.1582
603236.SH,20220318,181.52,184.98,179.95,182.65,176.63,6.02,3.4083,13141.44,239946.413,182.65,1.3332,1.3996,1.05,140.4748,75.544,8.2926,4.3487,2.3685,0.2148,0.2148,14537.0828,9857.0828,9389.6661,2655198.1734,1800396.1734
603236.SH,20220317,173.0,181.03,172.01,176.63,171.38,5.25,3.0634,14297.8,253743.4,176.63,1.4505,1.5227,1.07,135.8449,73.0542,8.0193,4.2053,2.2905,0.2221,0.2221,14537.0828,9857.0828,9389.6661,2567684.935,1741056.535
603236.SH,20220316,169.89,173.28,163.0,171.38,167.6,3.78,2.2554,11877.79,199323.884,171.38,1.205,1.265,0.81,131.8071,70.8828,7.7809,4.0803,2.2224,0.2289,0.2289,14537.0828,9857.0828,9389.6661,2491365.2503,1689306.8503
603236.SH,20220315,170.79,173.0,166.78,167.6,170.49,-2.89,-1.6951,10270.06,174296.956,167.6,1.0419,1.0938,0.65,128.9,69.3194,7.6093,3.9903,2.1734,0.2341,0.2341,14537.0828,9857.0828,9389.6661,2436415.0773,1652047.0773
603236.SH,20220314,173.58,175.26,169.19,170.49,175.91,-5.42,-3.0811,8186.79,140702.822,170.49,0.8305,0.8719,0.5,131.1226,70.5147,7.7405,4.0591,2.2109,0.2301,0.2301,14537.0828,9857.0828,9389.6661,2478427.2466,1680534.0466
603236.SH,20220311,171.69,179.95,170.39,175.91,173.14,2.77,1.5999,17995.99,316062.147,175.91,1.8257,1.9166,1.21,135.2911,72.7564,7.9866,4.1882,2.2811,0.223,0.223,14537.0828,9857.0828,9389.6661,2557218.2353,1733959.4353
603236.SH,20220310,181.2,181.93,172.1,173.14,177.69,-4.55,-2.5606,18776.58,328506.82,173.14,1.9049,1.9997,1.47,133.1607,71.6107,7.8609,4.1222,2.2452,0.2266,0.2266,14537.0828,9857.0828,9389.6661,2516950.516,1706655.316
603236.SH,20220309,179.43,184.4,172.0,177.69,177.02,0.67,0.3785,18189.9,324664.943,177.69,1.8454,1.9372,1.63,136.6601,73.4926,8.0674,4.2306,2.3042,0.2208,0.2208,14537.0828,9857.0828,9389.6661,2583094.2427,1751505.0427
603236.SH,20220308,172.5,183.8,172.5,177.02,172.26,4.76,2.7633,16025.02,286734.886,177.02,1.6257,1.7067,1.69,136.1448,73.2155,8.037,4.2146,2.2955,0.2216,0.2216,14537.0828,9857.0828,9389.6661,2573354.3973,1744900.7973
603236.SH,20220307,178.64,178.72,169.0,172.26,178.65,-6.39,-3.5768,10223.84,175702.982,172.26,1.0372,1.0888,1.03,132.4839,83.2143,8.0276,4.1013,2.6714,0.2277,0.2277,14537.0828,9857.0828,9389.6661,2504157.8831,1697981.0831
603236.SH,20220304,187.0,187.71,177.72,178.65,188.07,-9.42,-5.0088,11431.24,207408.843,178.65,1.1597,1.2174,1.18,137.3984,86.3011,8.3253,4.2534,2.7705,0.2196,0.2196,14537.0828,9857.0828,9389.6661,2597049.8422,1760967.8422
603236.SH,20220303,189.8,190.7,185.91,188.07,189.39,-1.32,-0.697,7887.88,148593.417,188.07,0.8002,0.8401,0.83,144.6433,90.8517,8.7643,4.4777,2.9166,0.2086,0.2086,14537.0828,9857.0828,9389.6661,2733989.1622,1853821.5622
603236.SH,20220302,185.91,190.18,182.03,189.39,185.91,3.48,1.8719,10170.21,190441.43,189.39,1.0318,1.0831,1.09,145.6585,91.4894,8.8258,4.5091,2.9371,0.2071,0.2071,14537.0828,9857.0828,9389.6661,2753178.1115,1866832.9115
603236.SH,20220301,188.4,188.94,185.6,185.91,188.4,-2.49,-1.3217,7596.6,142027.475,185.91,0.7707,0.809,0.85,142.9821,89.8083,8.6637,4.4263,2.8831,0.211,0.211,14537.0828,9857.0828,9389.6661,2702589.0633,1832530.2633
603236.SH,20220228,182.46,188.88,181.0,188.4,183.32,5.08,2.7711,12496.31,233225.019,188.4,1.2677,1.3309,1.6,144.8971,91.0111,8.7797,4.4856,2.9217,0.2082,0.2082,14537.0828,9857.0828,9389.6661,2738786.3995,1857074.3995
603236.SH,20220225,176.16,184.2,175.35,183.32,175.71,7.61,4.331,10319.67,187021.597,183.32,1.0469,1.099,1.4,140.9901,88.5571,8.543,4.3646,2.843,0.214,0.214,14537.0828,9857.0828,9389.6661,2664938.0189,1807000.4189
603236.SH,20220224,177.25,178.0,173.0,175.71,178.7,-2.99,-1.6732,6911.33,121462.385,175.71,0.7012,0.7361,0.9,135.1373,84.8809,8.1883,4.1834,2.7249,0.2233,0.2233,14537.0828,9857.0828,9389.6661,2554310.8188,1731988.0188
603236.SH,20220223,169.45,179.6,169.45,178.7,170.18,8.52,5.0065,9506.96,168290.428,178.7,0.9645,1.0125,1.42,137.4369,86.3253,8.3277,4.2546,2.7713,0.2195,0.2195,14537.0828,9857.0828,9389.6661,2597776.6964,1761460.6964
603236.SH,20220222,170.06,171.03,166.11,170.18,171.8,-1.62,-0.943,5603.09,94490.76,170.18,0.5684,0.5967,0.77,130.8842,82.2095,7.9306,4.0518,2.6392,0.2305,0.2305,14537.0828,9857.0828,9389.6661,2473920.7509,1677478.3509
603236.SH,20220221,176.25,177.88,170.22,171.8,175.72,-3.92,-2.2308,6643.58,114844.875,171.8,0.674,0.7075,0.81,132.1302,82.9921,8.0061,4.0903,2.6643,0.2284,0.2284,14537.0828,9857.0828,9389.6661,2497470.825,1693446.825
603236.SH,20220218,177.1,179.25,174.54,175.72,177.46,-1.74,-0.9805,8133.32,144104.0,175.72,0.8251,0.8662,0.86,135.145,84.8857,8.1888,4.1837,2.7251,0.2233,0.2233,14537.0828,9857.0828,9389.6661,2554456.1896,1732086.5896
603236.SH,20220217,172.57,179.79,170.01,177.46,172.39,5.07,2.941,8673.86,151776.211,177.46,0.88,0.9238,0.84,136.4832,85.7263,8.2699,4.2251,2.7521,0.2211,0.2211,14537.0828,9857.0828,9389.6661,2579750.7137,1749237.9137
603236.SH,20220216,174.67,176.5,171.85,172.39,174.11,-1.72,-0.9879,4458.8,77489.523,172.39,0.4523,0.4749,0.36,132.5839,83.2771,8.0336,4.1044,2.6735,0.2276,0.2276,14537.0828,9857.0828,9389.6661,2506047.7039,1699262.5039
603236.SH,20220215,168.73,174.7,167.09,174.11,168.39,5.72,3.3969,8707.35,150152.165,174.11,0.8834,0.9273,0.64,133.9068,84.108,8.1138,4.1453,2.7001,0.2253,0.2253,14537.0828,9857.0828,9389.6661,2531051.4863,1716216.6863
603236.SH,20220214,165.51,170.5,162.31,168.39,166.15,2.24,1.3482,10892.34,182267.416,168.39,1.105,1.16,0.81,129.5075,81.3448,7.8472,4.0092,2.6114,0.233,0.233,14537.0828,9857.0828,9389.6661,2447899.3727,1659834.1727
603236.SH,20220211,173.37,173.37,165.06,166.15,172.33,-6.18,-3.5861,14295.44,240659.226,166.15,1.4503,1.5225,1.18,127.7848,80.2627,7.7428,3.9558,2.5767,0.2361,0.2361,14537.0828,9857.0828,9389.6661,2415336.3072,1637754.3072
603236.SH,20220210,175.07,179.89,171.57,172.33,175.06,-2.73,-1.5595,13454.45,236122.514,172.33,1.365,1.4329,1.26,132.5378,83.2481,8.0308,4.103,2.6725,0.2276,0.2276,14537.0828,9857.0828,9389.6661,2505175.4789,1698671.0789
603236.SH,20220209,175.0,177.36,168.0,175.06,176.5,-1.44,-0.8159,14344.08,247320.91,175.06,1.4552,1.5276,1.55,134.6374,84.5669,8.158,4.168,2.7149,0.2241,0.2241,14537.0828,9857.0828,9389.6661,2544861.715,1725580.915
603236.SH,20220208,187.0,187.0,174.0,176.5,184.0,-7.5,-4.0761,14546.14,258031.922,176.5,1.4757,1.5492,1.92,135.7449,85.2625,8.2251,4.2022,2.7372,0.2223,0.2223,14537.0828,9857.0828,9389.6661,2565795.1142,1739775.1142
603236.SH,20220207,189.73,190.0,182.4,184.0,187.8,-3.8,-2.0234,10463.41,193085.652,184.0,1.0615,1.1144,1.51,141.5131,88.8856,8.5747,4.3808,2.8535,0.2132,0.2132,14537.0828,9857.0828,9389.6661,2674823.2352,1813703.2352
603236.SH,20220128,188.01,193.7,182.55,187.8,188.63,-0.83,-0.44,7989.08,150678.678,187.8,0.8105,0.8508,1.24,144.4356,90.7213,8.7517,4.4713,2.9124,0.2089,0.2089,14537.0828,9857.0828,9389.6661,2730064.1498,1851160.1498
603236.SH,20220127,192.35,194.38,188.25,188.63,192.02,-3.39,-1.7654,6229.29,118802.225,188.63,0.632,0.6634,0.87,145.074,91.1222,8.7904,4.491,2.9253,0.208,0.208,14537.0828,9857.0828,9389.6661,2742129.9286,1859341.5286
603236.SH,20220126,188.18,194.68,185.6,192.02,190.31,1.71,0.8985,7086.6,136061.068,192.02,0.7189,0.7547,0.86,147.6812,92.7598,8.9484,4.5718,2.9779,0.2043,0.2043,14537.0828,9857.0828,9389.6661,2791410.6393,1892757.0393
603236.SH,20220125,196.18,198.0,190.03,190.31,196.8,-6.49,-3.2978,6075.17,116746.329,190.31,0.6163,0.647,0.66,146.3661,91.9338,8.8687,4.531,2.9514,0.2061,0.2061,14537.0828,9857.0828,9389.6661,2766552.2277,1875901.4277
603236.SH,20220124,191.57,197.63,188.21,196.8,189.2,7.6,4.0169,7217.71,139855.509,196.8,0.7322,0.7687,0.67,151.3575,95.0689,9.1712,4.6856,3.052,0.1993,0.1993,14537.0828,9857.0828,9389.6661,2860897.895,1939873.895
603236.SH,20220121,191.0,192.8,188.42,189.2,192.08,-2.88,-1.4994,5675.14,107912.243,189.2,0.5757,0.6044,0.49,145.5124,91.3976,8.817,4.5046,2.9341,0.2074,0.2074,14537.0828,9857.0828,9389.6661,2750416.0658,1864960.0658
603236.SH,20220120,195.9,197.5,191.5,192.08,197.59,-5.51,-2.7886,9789.08,189252.252,192.08,0.9931,1.0425,0.85,147.7274,92.7888,8.9512,4.5732,2.9788,0.2042,0.2042,14537.0828,9857.0828,9389.6661,2792282.8642,1893348.4642
603236.SH,20220119,194.52,201.0,194.0,197.59,196.95,0.64,0.325,12279.71,243107.447,197.59,1.2458,1.3078,1.1,151.9651,95.4506,9.208,4.7044,3.0643,0.1985,0.1985,14537.0828,9857.0828,9389.6661,2872382.1905,1947660.9905
603236.SH,20220118,193.91,199.96,192.0,196.95,192.49,4.46,2.317,11388.18,223374.261,196.95,1.1553,1.2128,1.01,151.4728,95.1414,9.1781,4.6891,3.0543,0.1992,0.1992,14537.0828,9857.0828,9389.6661,2863078.4575,1941352.4575
603236.SH,20220117,181.97,194.0,181.88,192.49,180.48,12.01,6.6545,15050.73,286054.481,192.49,1.5269,1.6029,1.42,148.0427,92.9869,8.9703,4.5829,2.9852,0.2038,0.2038,14537.0828,9857.0828,9389.6661,2798243.0682,1897389.8682
603236.SH,20220114,182.0,183.95,178.8,180.48,181.4,-0.92,-0.5072,9389.18,170919.605,180.48,0.9525,0.9999,0.82,138.8059,87.1852,8.4106,4.297,2.7989,0.2174,0.2174,14537.0828,9857.0828,9389.6661,2623652.7037,1779006.3037
603236.SH,20220113,183.5,185.36,179.09,181.4,183.37,-1.97,-1.0743,9362.66,170426.367,181.4,0.9498,0.9971,0.7,139.5134,87.6296,8.4535,4.3189,2.8132,0.2163,0.2163,14537.0828,9857.0828,9389.6661,2637026.8199,1788074.8199
603236.SH,20220112,180.29,185.0,179.0,183.37,178.97,4.4,2.4585,10427.65,190441.078,183.37,1.0579,1.1105,0.68,141.0286,88.5812,8.5453,4.3658,2.8437,0.2139,0.2139,14537.0828,9857.0828,9389.6661,2665664.873,1807493.273
603236.SH,20220111,181.8,184.76,177.49,178.97,181.8,-2.83,-1.5567,11991.55,216515.379,178.97,1.2165,1.2771,0.8,137.6445,86.4557,8.3403,4.261,2.7755,0.2192,0.2192,14537.0828,9857.0828,9389.6661,2601701.7087,1764122.1087
603236.SH,20220110,180.0,184.08,175.66,181.8,180.76,1.04,0.5753,11895.22,215399.122,181.8,1.2068,1.2668,0.84,139.8211,87.8228,8.4721,4.3284,2.8194,0.2158,0.2158,14537.0828,9857.0828,9389.6661,2642841.653,1792017.653
603236.SH,20220107,185.0,188.0,179.14,180.76,184.95,-4.19,-2.2655,13284.95,242290.666,180.76,1.3478,1.4148,0.91,139.0212,87.3204,8.4237,4.3037,2.8033,0.217,0.217,14537.0828,9857.0828,9389.6661,2627723.0869,1781766.2869
603236.SH,20220106,189.8,191.0,178.52,184.95,190.95,-6.0,-3.1422,19524.74,360043.413,184.95,1.9808,2.0794,1.34,142.2437,89.3445,8.6189,4.4034,2.8682,0.2121,0.2121,14537.0828,9857.0828,9389.6661,2688633.4639,1823067.4639
603236.SH,20220105,202.0,202.77,189.25,190.95,201.33,-10.38,-5.1557,20223.29,391449.069,190.95,2.0517,2.1538,1.58,146.8583,92.2429,8.8985,4.5463,2.9613,0.2055,0.2055,14537.0828,9857.0828,9389.6661,2775855.9607,1882209.9607
603236.SH,20220104,203.88,207.0,198.5,201.33,203.9,-2.57,-1.2604,10250.84,206652.103,201.33,1.0399,1.0917,0.83,154.8415,97.2573,9.3823,4.7934,3.1223,0.1949,0.1949,14537.0828,9857.0828,9389.6661,2926750.8801,1984526.4801
603236.SH,20211231,203.98,205.88,202.0,203.9,205.4,-1.5,-0.7303,7752.73,157825.038,203.9,0.7865,0.8257,0.61,156.818,98.4988,9.502,4.8546,3.1621,0.1504,0.1924,14537.0828,9857.0828,9389.6661,2964111.1829,2009859.1829
603236.SH,20211230,206.0,206.66,198.8,205.4,206.99,-1.59,-0.7682,15244.64,309001.653,205.4,1.5466,1.6236,1.28,157.9717,99.2234,9.5719,4.8903,3.1854,0.1493,0.191,14537.0828,9857.0828,9389.6661,2985916.8071,2024644.8071
603236.SH,20211229,201.2,207.18,198.19,206.99,201.37,5.62,2.7909,19237.02,390692.899,206.99,1.9516,2.0487,1.88,159.1945,99.9915,9.646,4.9282,3.21,0.1482,0.1895,14537.0828,9857.0828,9389.6661,3009030.7688,2040317.5688
603236.SH,20211228,196.99,201.8,195.5,201.37,196.0,5.37,2.7398,11465.81,228836.945,201.37,1.1632,1.2211,1.11,154.8722,97.2766,9.3841,4.7944,3.1229,0.1523,0.1948,14537.0828,9857.0828,9389.6661,2927332.3634,1984920.7634
603236.SH,20211227,198.0,200.62,195.0,196.0,199.0,-3.0,-1.5075,8374.91,164441.957,196.0,0.8496,0.8919,0.79,150.7422,94.6825,9.1339,4.6665,3.0396,0.1565,0.2002,14537.0828,9857.0828,9389.6661,2849268.2288,1931988.2288
603236.SH,20211224,200.94,204.49,195.49,199.0,202.0,-3.0,-1.4851,8753.31,173155.64,199.0,0.888,0.9322,0.77,153.0495,96.1317,9.2737,4.7379,3.0861,0.1541,0.1971,14537.0828,9857.0828,9389.6661,2892879.4772,1961559.4772
603236.SH,20211223,199.76,202.43,196.01,202.0,199.16,2.84,1.426,11521.26,230831.449,202.0,1.1688,1.227,1.04,155.3568,97.5809,9.4135,4.8094,3.1327,0.1518,0.1942,14537.0828,9857.0828,9389.6661,2936490.7256,1991130.7256
603236.SH,20211222,192.22,199.75,192.02,199.16,195.0,4.16,2.1333,10925.72,215682.568,199.16,1.1084,1.1636,0.98,153.1725,96.209,9.2811,4.7417,3.0886,0.154,0.197,14537.0828,9857.0828,9389.6661,2895205.4104,1963136.6104
603236.SH,20211221,191.75,196.0,188.89,195.0,191.6,3.4,1.7745,12204.78,235985.862,195.0,1.2382,1.2998,0.96,149.9731,94.1994,9.0873,4.6427,3.0241,0.1573,0.2012,14537.0828,9857.0828,9389.6661,2834731.146,1922131.146
603236.SH,20211220,191.49,194.56,190.66,191.6,191.47,0.13,0.0679,9913.55,190514.173,191.6,1.0057,1.0558,0.75,147.3582,92.5569,8.9288,4.5618,2.9714,0.1601,0.2048,14537.0828,9857.0828,9389.6661,2785305.0645,1888617.0645
603236.SH,20211217,198.01,199.9,191.0,191.47,199.01,-7.54,-3.7888,12084.36,234385.542,191.47,1.226,1.287,0.89,147.2582,92.4941,8.9228,4.5587,2.9694,0.1602,0.2049,14537.0828,9857.0828,9389.6661,2783415.2437,1887335.6437
603236.SH,20211216,199.17,202.8,196.23,199.01,199.0,0.01,0.005,10070.0,200197.263,199.01,1.0216,1.0725,0.65,153.0572,96.1365,9.2741,4.7382,3.0863,0.1541,0.1971,14537.0828,9857.0828,9389.6661,2893024.848,1961658.048
603236.SH,20211215,198.44,203.19,197.33,199.0,199.98,-0.98,-0.49,11202.33,223556.031,199.0,1.1365,1.193,0.66,153.0495,96.1317,9.2737,4.7379,3.0861,0.1541,0.1971,14537.0828,9857.0828,9389.6661,2892879.4772,1961559.4772
603236.SH,20211214,190.0,200.07,190.0,199.98,191.18,8.8,4.603,20255.69,399607.449,199.98,2.0549,2.1572,1.32,153.8032,96.6051,9.3193,4.7613,3.1013,0.1534,0.1962,14537.0828,9857.0828,9389.6661,2907125.8183,1971219.4183
603236.SH,20211213,187.78,191.5,186.5,191.18,187.78,3.4,1.8106,12779.72,241892.859,191.18,1.2965,1.361,0.71,147.0352,92.3541,8.9093,4.5518,2.9649,0.1604,0.2052,14537.0828,9857.0828,9389.6661,2779199.4897,1884477.0897
603236.SH,20211210,190.16,193.0,186.82,187.78,191.18,-3.4,-1.7784,13846.3,261040.384,187.78,1.4047,1.4746,0.76,144.4203,90.7116,8.7508,4.4708,2.9121,0.1633,0.2089,14537.0828,9857.0828,9389.6661,2729773.4082,1850963.0082
603236.SH,20211209,197.0,198.69,189.7,191.18,197.0,-5.82,-2.9543,19790.59,379647.387,191.18,2.0078,2.1077,1.13,147.0352,92.3541,8.9093,4.5518,2.9649,0.1604,0.2052,14537.0828,9857.0828,9389.6661,2779199.4897,1884477.0897
603236.SH,20211208,189.9,197.77,187.71,197.0,187.76,9.24,4.9212,18728.12,365289.579,197.0,1.9,1.9945,0.95,151.5113,95.1655,9.1805,4.6903,3.0551,0.1557,0.1991,14537.0828,9857.0828,9389.6661,2863805.3116,1941845.3116
603236.SH,20211207,191.0,192.5,185.42,187.76,190.5,-2.74,-1.4383,11705.97,220041.491,187.76,1.1876,1.2467,0.51,144.4049,90.7019,8.7499,4.4703,2.9118,0.1634,0.2089,14537.0828,9857.0828,9389.6661,2729482.6665,1850765.8665
603236.SH,20211206,200.9,204.0,186.04,190.5,200.7,-10.2,-5.0822,26277.76,505505.542,190.5,2.6659,2.7986,1.28,146.5122,92.0256,8.8776,4.5356,2.9543,0.161,0.2059,14537.0828,9857.0828,9389.6661,2769314.2734,1877774.2734
603236.SH,20211203,195.14,202.62,195.14,200.7,196.98,3.72,1.8885,15068.73,301601.93,200.7,1.5287,1.6048,0.72,154.3569,96.9529,9.3529,4.7784,3.1125,0.1528,0.1955,14537.0828,9857.0828,9389.6661,2917592.518,1978316.518
603236.SH,20211202,197.21,198.56,191.51,196.98,197.58,-0.6,-0.3037,16064.37,314103.931,196.98,1.6297,1.7109,0.75,151.4959,95.1559,9.1795,4.6898,3.0548,0.1557,0.1992,14537.0828,9857.0828,9389.6661,2863514.5699,1941648.1699
603236.SH,20211201,192.29,199.98,192.29,197.58,192.82,4.76,2.4686,29915.5,591607.093,197.58,3.0349,3.186,1.62,151.9574,95.4457,9.2075,4.7041,3.0641,0.1552,0.1986,14537.0828,9857.0828,9389.6661,2872236.8196,1947562.4196
603236.SH,20211130,183.71,193.48,183.71,192.82,182.48,10.34,5.6664,27961.01,532377.948,192.82,2.8366,2.9778,1.7,148.2965,93.1463,8.9857,4.5908,2.9903,0.1591,0.2035,14537.0828,9857.0828,9389.6661,2803040.3055,1900642.7055
603236.SH,20211129,181.35,184.2,179.63,182.48,185.0,-2.52,-1.3622,13716.42,249331.182,182.48,1.3915,1.4608,0.67,140.3441,88.1513,8.5038,4.3446,2.8299,0.1681,0.215,14537.0828,9857.0828,9389.6661,2652726.8693,1798720.4693
603236.SH,20211126,186.3,190.5,181.99,185.0,188.45,-3.45,-1.8307,17111.49,316064.078,185.0,1.736,1.8224,0.87,142.2822,89.3687,8.6213,4.4046,2.869,0.1658,0.2121,14537.0828,9857.0828,9389.6661,2689360.318,1823560.318
603236.SH,20211125,185.45,191.69,185.0,188.45,185.5,2.95,1.5903,17693.33,333544.708,188.45,1.795,1.8843,0.94,144.9355,91.0353,8.782,4.4868,2.9225,0.1628,0.2082,14537.0828,9857.0828,9389.6661,2739513.2537,1857567.2537
603236.SH,20211124,192.2,192.79,185.0,185.5,191.04,-5.54,-2.8999,15643.68,293626.587,185.5,1.587,1.6661,0.86,142.6667,89.6102,8.6446,4.4165,2.8768,0.1654,0.2115,14537.0828,9857.0828,9389.6661,2696628.8594,1828488.8594
603236.SH,20211123,196.0,196.48,190.27,191.04,196.64,-5.6,-2.8478,18297.96,352954.847,191.04,1.8563,1.9487,1.1,146.9275,92.2864,8.9027,4.5484,2.9627,0.1606,0.2054,14537.0828,9857.0828,9389.6661,2777164.2981,1883097.0981
603236.SH,20211122,187.03,199.5,186.78,196.64,185.8,10.84,5.8342,32965.0,643757.616,196.64,3.3443,3.5108,2.62,151.2344,94.9916,9.1637,4.6817,3.0495,0.156,0.1995,14537.0828,9857.0828,9389.6661,2858571.9618,1938296.7618
603236.SH,20211119,185.8,187.78,181.5,185.8,185.07,0.73,0.3944,13800.54,254929.853,185.8,1.4001,1.4698,1.13,142.8975,89.7551,8.6585,4.4237,2.8814,0.1651,0.2111,14537.0828,9857.0828,9389.6661,2700989.9842,1831445.9842
603236.SH,20211118,181.78,188.42,178.83,185.07,181.77,3.3,1.8155,13383.02,247146.877,185.07,1.3577,1.4253,1.12,142.336,89.4025,8.6245,4.4063,2.8701,0.1657,0.212,14537.0828,9857.0828,9389.6661,2690377.9138,1824250.3138
603236.SH,20211117,179.2,182.99,176.6,181.77,180.19,1.58,0.8769,12082.04,217155.968,181.77,1.2257,1.2867,1.02,139.798,87.8083,8.4707,4.3277,2.8189,0.1687,0.2158,14537.0828,9857.0828,9389.6661,2642405.5406,1791721.9406
603236.SH,20211116,181.49,183.6,178.0,180.19,182.33,-2.14,-1.1737,11098.19,201079.867,180.19,1.1259,1.182,0.89,138.5828,87.0451,8.3971,4.2901,2.7944,0.1702,0.2177,14537.0828,9857.0828,9389.6661,2619436.9497,1776147.7497
603236.SH,20211115,183.65,188.97,180.23,182.33,184.3,-1.97,-1.0689,12442.9,228721.229,182.33,1.2623,1.3252,1.0,140.2287,88.0788,8.4968,4.341,2.8276,0.1682,0.2152,14537.0828,9857.0828,9389.6661,2650546.3069,1797241.9069
603236.SH,20211112,184.99,186.8,182.0,184.3,184.32,-0.02,-0.0109,11983.4,220771.463,184.3,1.2157,1.2762,0.93,141.7438,89.0305,8.5886,4.3879,2.8582,0.1664,0.2129,14537.0828,9857.0828,9389.6661,2679184.36,1816660.36
603236.SH,20211111,184.0,187.5,182.13,184.32,183.71,0.61,0.332,12348.44,228642.359,184.32,1.2527,1.3151,0.98,141.7592,89.0402,8.5896,4.3884,2.8585,0.1664,0.2128,14537.0828,9857.0828,9389.6661,2679475.1017,1816857.5017
603236.SH,20211110,184.99,188.25,180.0,183.71,186.0,-2.29,-1.2312,11356.16,207835.745,183.71,1.1521,1.2094,0.83,141.29,88.7455,8.5611,4.3739,2.849,0.167,0.2135,14537.0828,9857.0828,9389.6661,2670607.4812,1810844.6812
603236.SH,20211109,184.57,187.21,179.0,186.0,184.1,1.9,1.032,14008.76,257220.267,186.0,1.4212,1.4919,0.94,143.0513,89.8517,8.6679,4.4284,2.8845,0.1649,0.2109,14537.0828,9857.0828,9389.6661,2703897.4008,1833417.4008
603236.SH,20211108,187.0,187.98,182.5,184.1,186.65,-2.55,-1.3662,12462.52,229530.281,184.1,1.2643,1.3273,0.69,141.59,88.9339,8.5793,4.3832,2.8551,0.1666,0.2131,14537.0828,9857.0828,9389.6661,2676276.9435,1814688.9435
603236.SH,20211105,187.0,191.6,185.84,186.65,185.7,0.95,0.5116,14408.94,272045.626,186.65,1.4618,1.5346,0.73,143.5512,90.1657,8.6982,4.4439,2.8946,0.1643,0.2102,14537.0828,9857.0828,9389.6661,2713346.5046,1839824.5046
603236.SH,20211104,185.21,187.5,183.21,185.7,186.93,-1.23,-0.658,11052.86,204471.594,185.7,1.1213,1.1771,0.5,142.8205,89.7068,8.6539,4.4213,2.8799,0.1652,0.2113,14537.0828,9857.0828,9389.6661,2699536.276,1830460.276
603236.SH,20211103,186.93,188.8,180.37,186.93,186.93,0.0,0.0,16114.43,297595.715,186.93,1.6348,1.7162,0.7,143.7665,90.301,8.7112,4.4506,2.8989,0.1641,0.2099,14537.0828,9857.0828,9389.6661,2717416.8878,1842584.4878
603236.SH,20211102,186.66,189.7,183.5,186.93,187.01,-0.08,-0.0428,20839.27,389643.974,186.93,2.1141,2.2194,0.88,143.7665,90.301,8.7112,4.4506,2.8989,0.1641,0.2099,14537.0828,9857.0828,9389.6661,2717416.8878,1842584.4878
603236.SH,20211101,180.33,191.19,178.0,187.01,179.77,7.24,4.0274,28459.28,531345.353,187.01,2.8872,3.0309,1.29,143.8281,90.3396,8.7149,4.4525,2.9002,0.164,0.2098,14537.0828,9857.0828,9389.6661,2718579.8544,1843373.0544
603236.SH,20211029,177.93,183.4,176.5,179.77,176.27,3.5,1.9856,21648.08,390349.023,179.77,2.1962,2.3055,1.03,138.2598,86.8422,8.3775,4.2801,2.7879,0.1706,0.2182,14537.0828,9857.0828,9389.6661,2613331.375,1772007.775
603236.SH,20211028,178.01,186.29,173.27,176.27,176.23,0.04,0.0227,23964.5,428491.098,176.27,2.4312,2.5522,1.32,135.568,85.1514,8.2144,4.1968,2.7336,0.174,0.2226,14537.0828,9857.0828,9389.6661,2562451.5852,1737507.9852
603236.SH,20211027,177.0,180.79,174.75,176.23,176.16,0.07,0.0397,19823.53,351746.223,176.23,2.0111,2.1112,1.26,135.5372,85.1321,8.2126,4.1958,2.733,0.1741,0.2226,14537.0828,9857.0828,9389.6661,2561870.1018,1737113.7018
603236.SH,20211026,180.0,181.0,171.33,176.16,176.37,-0.21,-0.1191,24579.76,433227.962,176.16,2.4936,2.6177,1.87,135.4834,85.0983,8.2093,4.1941,2.7319,0.1741,0.2227,14537.0828,9857.0828,9389.6661,2560852.506,1736423.706
603236.SH,20211025,171.55,177.6,171.55,176.37,171.2,5.17,3.0199,20604.52,361942.559,176.37,2.0903,2.1944,1.81,135.6449,101.4081,8.5048,4.1991,3.2356,0.1739,0.2224,14537.0828,9857.0828,9389.6661,2563905.2934,1738493.6934
603236.SH,20211022,165.0,174.77,164.62,171.2,166.55,4.65,2.792,16148.31,275648.466,171.2,1.6382,1.7198,1.29,131.6687,98.4355,8.2555,4.0761,3.1407,0.1792,0.2292,14537.0828,9857.0828,9389.6661,2488748.5754,1687532.5754
603236.SH,20211021,167.5,169.14,164.5,166.55,168.79,-2.24,-1.3271,9551.75,158508.442,166.55,0.969,1.0173,0.79,128.0924,95.7619,8.0313,3.9653,3.0554,0.1842,0.2355,14537.0828,9857.0828,9389.6661,2421151.1403,1641697.1403
603236.SH,20211020,171.0,173.0,167.8,168.79,171.0,-2.21,-1.2924,7732.16,131081.951,168.79,0.7844,0.8235,0.62,129.8152,97.0498,8.1393,4.0187,3.0965,0.1817,0.2324,14537.0828,9857.0828,9389.6661,2453714.2058,1663777.0058
603236.SH,20211019,167.52,171.58,165.5,171.0,168.49,2.51,1.4897,11736.54,198575.632,171.0,1.1907,1.2499,0.98,131.5149,98.3205,8.2459,4.0713,3.137,0.1794,0.2294,14537.0828,9857.0828,9389.6661,2485841.1588,1685561.1588
603236.SH,20211018,167.33,170.66,164.6,168.49,167.33,1.16,0.6932,11643.67,195396.577,168.49,1.1812,1.2401,1.01,129.5845,96.8773,8.1248,4.0115,3.091,0.182,0.2328,14537.0828,9857.0828,9389.6661,2449353.081,1660819.881
603236.SH,20211015,159.76,170.2,156.15,167.33,158.32,9.01,5.691,22050.64,365658.498,167.33,2.237,2.3484,2.45,128.6923,96.2104,8.0689,3.9839,3.0697,0.1833,0.2345,14537.0828,9857.0828,9389.6661,2432490.0649,1649385.6649
603236.SH,20211014,157.76,160.2,156.1,158.32,158.31,0.01,0.0063,7566.8,119402.289,158.32,0.7677,0.8059,0.75,121.7628,91.0299,7.6344,3.7694,2.9044,0.1937,0.2478,14537.0828,9857.0828,9389.6661,2301510.9489,1560573.3489
603236.SH,20211013,158.54,161.34,156.72,158.31,159.05,-0.74,-0.4653,9195.38,145784.902,158.31,0.9329,0.9793,0.81,121.7551,91.0241,7.6339,3.7692,2.9042,0.1938,0.2478,14537.0828,9857.0828,9389.6661,2301365.5781,1560474.7781
603236.SH,20211012,160.5,164.44,158.67,159.05,161.55,-2.5,-1.5475,9285.14,149507.997,159.05,0.942,0.9889,0.7,122.3242,91.4496,7.6696,3.7868,2.9178,0.1929,0.2467,14537.0828,9857.0828,9389.6661,2312123.0193,1567769.0193
603236.SH,20211011,164.38,166.65,160.59,161.55,165.3,-3.75,-2.2686,9346.89,152157.752,161.55,0.9482,0.9954,0.72,124.247,92.887,7.7902,3.8463,2.9637,0.1899,0.2428,14537.0828,9857.0828,9389.6661,2348465.7263,1592411.7263
603236.SH,20211008,162.28,167.96,160.8,165.3,162.29,3.01,1.8547,9675.46,159366.674,165.3,0.9816,1.0304,0.72,127.131,95.0432,7.971,3.9356,3.0325,0.1856,0.2373,14537.0828,9857.0828,9389.6661,2402979.7868,1629375.7868
603236.SH,20210930,160.69,168.12,160.6,162.29,160.72,1.57,0.9769,12713.9,208150.933,162.29,1.2898,1.354,1.01,124.8161,93.3125,7.8259,3.8639,2.9773,0.189,0.2417,14537.0828,9857.0828,9389.6661,2359223.1676,1599705.9676
603236.SH,20210929,158.99,163.21,156.0,160.72,160.0,0.72,0.45,15872.14,253984.606,160.72,1.7192,1.8109,1.23,123.6086,92.4098,7.7501,3.8265,2.9485,0.1908,0.2441,14537.0828,9232.08,8764.6633,2336399.9476,1483779.8976
603236.SH,20210928,153.1,160.94,150.05,160.0,153.1,6.9,4.5069,18576.36,292229.935,160.0,2.0122,2.1195,1.62,123.0549,91.9958,7.7154,3.8094,2.9352,0.1917,0.2452,14537.0828,9232.08,8764.6633,2325933.248,1477132.8
603236.SH,20210927,154.11,158.16,150.02,153.1,153.2,-0.1,-0.0653,7864.37,121430.422,153.1,0.8519,0.8973,0.57,117.7481,88.0285,7.3827,3.6451,2.8087,0.2003,0.2562,14537.0828,9232.08,8764.6633,2225627.3767,1413431.448
603236.SH,20210924,153.53,156.9,149.02,153.2,155.58,-2.38,-1.5298,12139.14,185401.95,153.2,1.3149,1.385,0.77,117.825,88.086,7.3875,3.6475,2.8105,0.2002,0.2561,14537.0828,9232.08,8764.6633,2227081.085,1414354.656
603236.SH,20210923,156.23,158.0,153.91,155.58,157.0,-1.42,-0.9045,8311.01,129227.592,155.58,0.9002,0.9482,0.49,119.6555,89.4544,7.5023,3.7042,2.8542,0.1972,0.2522,14537.0828,9232.08,8764.6633,2261679.342,1436327.0064
603236.SH,20210922,148.51,157.6,147.61,157.0,150.0,7.0,4.6667,17543.31,268966.506,157.0,1.9003,2.0016,0.94,120.7476,90.2709,7.5708,3.738,2.8802,0.1954,0.2499,14537.0828,9232.08,8764.6633,2282321.9996,1449436.56
603236.SH,20210917,148.0,150.6,147.02,150.0,149.15,0.85,0.5699,11480.08,170724.359,150.0,1.2435,1.3098,0.47,115.3639,86.2461,7.2332,3.5713,2.7518,0.2045,0.2615,14537.0828,9232.08,8764.6633,2180562.42,1384812.0
603236.SH,20210916,151.51,152.83,147.25,149.15,152.5,-3.35,-2.1967,19649.1,293399.058,149.15,2.1284,2.2419,0.61,114.7102,85.7573,7.1922,3.5511,2.7362,0.2057,0.263,14537.0828,9232.08,8764.6633,2168205.8996,1376964.732
603236.SH,20210915,157.3,158.35,150.0,152.5,158.58,-6.08,-3.834,21963.78,335098.484,152.5,2.3791,2.5059,0.71,117.2867,87.6835,7.3538,3.6308,2.7977,0.2011,0.2573,14537.0828,9232.08,8764.6633,2216905.127,1407892.2
603236.SH,20210914,158.99,161.49,156.0,158.58,158.31,0.27,0.1706,14947.0,236978.041,158.58,1.619,1.7054,0.46,121.9627,91.1793,7.647,3.7756,2.9092,0.1934,0.2474,14537.0828,9232.08,8764.6633,2305290.5904,1464023.2464
603236.SH,20210913,164.0,165.99,157.6,158.31,165.2,-6.89,-4.1707,24793.69,397946.324,158.31,2.6856,2.8288,0.78,121.7551,91.0241,7.6339,3.7692,2.9042,0.1938,0.2478,14537.0828,9232.08,8764.6633,2301365.5781,1461530.5848
603236.SH,20210910,172.68,172.68,164.06,165.2,172.69,-7.49,-4.3373,40337.79,673577.724,165.2,4.3693,4.6023,1.5,127.0541,94.9857,7.9662,3.9332,3.0306,0.1857,0.2375,14537.0828,9232.08,8764.6633,2401526.0786,1525139.616
603236.SH,20210909,160.0,172.69,158.0,172.69,156.99,15.7,10.0006,58918.62,1006320.512,172.69,6.3819,6.7223,3.44,132.8146,99.2922,8.3274,4.1115,3.168,0.1776,0.2272,14537.0828,9232.08,8764.6633,2510408.8287,1594287.8952
603236.SH,20210908,161.1,161.1,156.3,156.99,159.89,-2.9,-1.8137,14902.56,235044.219,156.99,1.6142,1.7003,0.86,120.7399,90.2651,7.5703,3.7377,2.88,0.1954,0.2499,14537.0828,9232.08,8764.6633,2282176.6288,1449344.2392
603236.SH,20210907,154.17,160.96,152.24,159.89,154.43,5.46,3.5356,23211.47,368407.173,159.89,2.5142,2.5142,1.43,122.9703,91.9326,7.7101,3.8068,2.9332,0.1918,0.2454,14537.0828,9232.08,9232.08,2324334.1689,1476117.2712
603236.SH,20210906,156.37,161.45,153.01,154.43,157.11,-2.68,-1.7058,21868.93,342082.091,154.43,2.3688,2.3688,1.43,118.771,88.7932,7.4468,3.6768,2.8331,0.1986,0.254,14537.0828,9232.08,9232.08,2244961.6968,1425710.1144
603236.SH,20210903,159.8,162.39,154.5,157.11,160.63,-3.52,-2.1914,15704.09,246955.06,157.11,1.701,1.701,0.86,120.8322,90.3341,7.5761,3.7406,2.8822,0.1952,0.2497,14537.0828,9232.08,9232.08,2283921.0787,1450452.0888
603236.SH,20210902,159.5,163.58,158.85,160.63,160.0,0.63,0.3938,9977.28,161364.939,160.63,1.0807,1.0807,0.48,123.5394,92.358,7.7458,3.8244,2.9468,0.191,0.2442,14537.0828,9232.08,9232.08,2335091.6102,1482949.0104
603236.SH,20210901,163.39,165.95,158.25,160.0,163.36,-3.36,-2.0568,15676.78,251034.548,160.0,1.6981,1.6981,0.74,123.0549,91.9958,7.7154,3.8094,2.9352,0.1917,0.2452,14537.0828,9232.08,9232.08,2325933.248,1477132.8
603236.SH,20210831,168.49,168.8,158.48,163.36,167.88,-4.52,-2.6924,18170.86,295208.166,163.36,1.9682,1.9682,0.81,125.639,93.9277,7.8775,3.8894,2.9969,0.1878,0.2401,14537.0828,9232.08,9232.08,2374777.8462,1508152.5888
603236.SH,20210830,170.85,173.8,166.1,167.88,170.8,-2.92,-1.7096,16831.92,283377.136,167.88,1.8232,1.8232,0.73,129.1153,96.5266,8.0954,3.997,3.0798,0.1827,0.2337,14537.0828,9232.08,9232.08,2440485.4605,1549881.5904
603236.SH,20210827,164.58,174.97,163.03,170.8,162.92,7.88,4.8367,30699.73,523602.107,170.8,3.3253,3.3253,1.57,131.3611,98.2055,8.2362,4.0665,3.1334,0.1796,0.2297,14537.0828,9232.08,9232.08,2482933.7422,1576839.264
603236.SH,20210826,171.74,172.88,161.1,162.92,171.39,-8.47,-4.9419,21858.93,362711.844,162.92,2.3677,2.3677,1.26,125.3006,93.6747,7.8562,3.8789,2.9888,0.1883,0.2408,14537.0828,9232.08,9232.08,2368381.5298,1504090.4736
603236.SH,20210825,166.42,174.39,163.41,171.39,166.42,4.97,2.9864,18460.7,313324.611,171.39,1.9996,1.9996,1.05,131.8148,98.5448,8.2647,4.0806,3.1442,0.179,0.2289,14537.0828,9232.08,9232.08,2491510.6211,1582286.1912
603236.SH,20210824,169.85,171.33,162.5,166.42,165.0,1.42,0.8606,24898.27,416059.265,166.42,2.6969,2.6969,1.46,127.9924,95.6871,8.025,3.9622,3.053,0.1843,0.2357,14537.0828,9232.08,9232.08,2419261.3196,1536402.7536
603236.SH,20210823,160.36,165.87,158.02,165.0,159.15,5.85,3.6758,19207.39,314565.37,165.0,2.0805,2.0805,1.2,126.9003,111.2439,8.1678,3.9284,3.46,0.1859,0.2378,14537.0828,9232.08,9232.08,2398618.662,1523293.2
603236.SH,20210820,160.4,161.5,154.34,159.15,160.13,-0.98,-0.612,13378.56,210338.755,159.15,1.4491,1.4491,0.81,122.4011,107.2998,7.8782,3.7892,3.3374,0.1927,0.2465,14537.0828,9232.08,9232.08,2313576.7276,1469285.532
603236.SH,20210819,161.45,162.94,159.0,160.13,161.46,-1.33,-0.8237,10715.55,172040.603,160.13,1.1607,1.1607,0.52,123.1548,107.9605,7.9267,3.8125,3.3579,0.1916,0.245,14537.0828,9232.08,9232.08,2327823.0688,1478332.9704
603236.SH,20210818,159.0,162.5,156.01,161.46,156.65,4.81,3.0705,19470.81,311400.318,161.46,2.109,2.109,0.94,124.1777,108.8572,7.9926,3.8442,3.3858,0.19,0.243,14537.0828,9232.08,9232.08,2347157.3889,1490611.6368
603236.SH,20210817,157.69,161.7,153.31,156.65,158.7,-2.05,-1.2917,22244.62,350624.95,156.65,2.4095,2.4095,1.11,120.4784,105.6143,7.7545,3.7296,3.2849,0.1958,0.2504,14537.0828,9232.08,9232.08,2277234.0206,1446205.332
603236.SH,20210816,157.39,163.99,155.13,158.7,158.06,0.64,0.4049,14480.67,231127.822,158.7,1.5685,1.5685,0.67,122.055,106.9964,7.856,3.7784,3.3279,0.1933,0.2472,14537.0828,9232.08,9232.08,2307035.0404,1465131.096
603236.SH,20210813,161.73,161.73,158.05,158.06,162.56,-4.5,-2.7682,15295.72,243886.351,158.06,1.6568,1.6568,0.6,121.5628,106.5649,7.8243,3.7632,3.3145,0.1941,0.2482,14537.0828,9232.08,9232.08,2297731.3074,1459222.5648
603236.SH,20210812,154.53,163.1,154.39,162.56,156.05,6.51,4.1717,30811.41,493749.701,162.56,3.3374,3.3374,1.31,125.0237,109.5988,8.047,3.8703,3.4089,0.1887,0.2413,14537.0828,9232.08,9232.08,2363148.18,1500766.9248
603236.SH,20210811,157.31,160.66,154.01,156.05,157.43,-1.38,-0.8766,20594.26,321845.273,156.05,2.2307,2.2307,0.73,120.0169,105.2097,7.7248,3.7154,3.2724,0.1966,0.2514,14537.0828,9232.08,9232.08,2268511.7709,1440666.084
603236.SH,20210810,151.82,158.78,151.82,157.43,156.9,0.53,0.3378,19318.86,302225.755,157.43,2.0926,2.0926,0.69,121.0783,106.1401,7.7931,3.7482,3.3013,0.1948,0.2492,14537.0828,9232.08,9232.08,2288572.9452,1453406.3544
603236.SH,20210809,155.0,158.87,150.36,156.9,155.7,1.2,0.7707,22658.01,349649.233,156.9,2.4543,2.4543,0.79,120.6707,105.7828,7.7668,3.7356,3.2902,0.1955,0.25,14537.0828,9232.08,9232.08,2280868.2913,1448513.352
603236.SH,20210806,150.88,158.85,150.66,155.7,148.05,7.65,5.1672,33070.07,514624.646,155.7,3.5821,3.5821,1.14,119.7478,104.9738,7.7074,3.707,3.265,0.197,0.252,14537.0828,9232.08,9232.08,2263423.792,1437434.856
603236.SH,20210805,147.51,151.38,145.72,148.05,151.38,-3.33,-2.1998,21939.27,324805.452,148.05,2.3764,2.3764,0.7,113.8642,99.8161,7.3288,3.5249,3.1046,0.2072,0.265,14537.0828,9232.08,9232.08,2152215.1085,1366809.444
603236.SH,20210804,154.0,156.5,147.2,151.38,143.5,7.88,5.4913,44442.93,670897.305,151.38,4.814,4.814,1.47,116.4253,102.0612,7.4936,3.6042,3.1744,0.2026,0.2592,14537.0828,9232.08,9232.08,2200623.5943,1397552.2704
603236.SH,20210803,142.58,146.0,140.6,143.5,142.62,0.88,0.617,18526.21,266408.151,143.5,2.0067,2.0067,0.57,110.3648,96.7485,7.1035,3.4166,3.0092,0.2138,0.2734,14537.0828,9232.08,9232.08,2086071.3818,1324803.48
603236.SH,20210802,146.85,147.5,140.01,142.62,145.36,-2.74,-1.885,25865.36,368140.132,142.62,2.8017,2.8017,0.76,109.688,96.1552,7.06,3.3956,2.9907,0.2151,0.2751,14537.0828,9232.08,9232.08,2073278.7489,1316679.2496
603236.SH,20210730,138.0,146.27,136.01,145.36,139.13,6.23,4.4778,34235.61,489663.455,145.36,3.7083,3.7083,1.04,111.7953,98.0025,7.1956,3.4608,3.0482,0.211,0.2699,14537.0828,9232.08,9232.08,2113110.3558,1341975.1488
603236.SH,20210729,129.48,139.13,129.46,139.13,126.48,12.65,10.0016,33902.62,462508.287,139.13,3.6723,3.6723,0.96,107.0039,93.8022,6.8872,3.3125,2.9175,0.2205,0.282,14537.0828,9232.08,9232.08,2022544.33,1284459.2904
603236.SH,20210728,130.99,133.39,125.11,126.48,132.28,-5.8,-4.3846,38751.46,492828.498,126.48,4.1975,4.1975,1.15,97.2749,85.2735,6.261,3.0113,2.6523,0.2425,0.3102,14537.0828,9232.08,9232.08,1838650.2325,1167673.4784
603236.SH,20210727,133.37,137.71,131.7,132.28,133.69,-1.41,-1.0547,28801.45,387050.793,132.28,3.1197,3.1197,0.85,101.7356,89.1839,6.5481,3.1494,2.7739,0.2319,0.2966,14537.0828,9232.08,9232.08,1922965.3128,1221219.5424
603236.SH,20210726,143.0,143.0,132.0,133.69,143.45,-9.76,-6.8038,33713.19,458739.884,133.69,3.6517,3.6517,1.09,102.82,90.1345,6.6179,3.183,2.8035,0.2294,0.2934,14537.0828,9232.08,9232.08,1943462.5995,1234236.7752
603236.SH,20210723,146.28,147.28,140.0,143.45,146.28,-2.83,-1.9346,29395.23,421010.416,143.45,3.184,3.184,0.93,110.3264,96.7147,7.101,3.4154,3.0081,0.2138,0.2735,14537.0828,9232.08,9232.08,2085344.5277,1324341.876
603236.SH,20210722,160.61,160.94,144.6,146.28,160.43,-14.15,-8.82,45675.77,679220.807,146.28,4.9475,4.9475,1.66,112.5029,98.6227,7.2411,3.4827,3.0675,0.2097,0.2682,14537.0828,9232.08,9232.08,2126484.472,1350468.6624
603236.SH,20210721,167.87,167.87,160.02,160.43,167.1,-6.67,-3.9916,31253.98,506349.661,160.43,3.3854,3.3854,1.3,123.3856,108.1627,7.9416,3.8196,3.3642,0.1912,0.2445,14537.0828,9232.08,9232.08,2332184.1936,1481102.5944
603236.SH,20210720,169.99,175.0,165.03,167.1,170.23,-3.13,-1.8387,28811.56,488002.713,167.1,3.1208,3.1208,1.19,128.5154,112.6597,8.2718,3.9784,3.5041,0.1836,0.2348,14537.0828,9232.08,9232.08,2429146.5359,1542680.568
603236.SH,20210719,176.49,178.52,170.21,170.23,180.0,-9.77,-5.4278,19191.04,332911.294,170.23,2.0787,2.0787,0.71,130.9227,114.77,8.4267,4.053,3.5697,0.1802,0.2305,14537.0828,9232.08,9232.08,2474647.605,1571576.9784
603236.SH,20210716,180.08,182.12,170.66,180.0,180.0,0.0,0.0,33052.59,579970.686,180.0,3.5802,3.5802,1.42,138.4367,121.3569,8.9103,4.2856,3.7746,0.1704,0.2179,14537.0828,9232.08,9232.08,2616674.904,1661774.4
603236.SH,20210715,172.48,180.25,169.11,180.0,170.72,9.28,5.4358,25026.11,440007.254,180.0,2.7108,2.7108,1.17,138.4367,121.3569,8.9103,4.2856,3.7746,0.1704,0.2179,14537.0828,9232.08,9232.08,2616674.904,1661774.4
603236.SH,20210714,174.66,176.49,170.41,170.72,174.63,-3.91,-2.239,13921.66,240390.487,170.72,1.508,1.508,0.63,131.2995,115.1003,8.451,4.0646,3.58,0.1797,0.2298,14537.0828,9232.08,9232.08,2481770.7756,1576100.6976
603236.SH,20210713,167.0,177.96,167.0,174.63,167.99,6.64,3.9526,30154.85,527978.72,174.63,3.2663,3.2663,1.38,134.3067,117.7365,8.6445,4.1577,3.662,0.1756,0.2247,14537.0828,9232.08,9232.08,2538610.7694,1612198.1304
603236.SH,20210712,158.69,168.49,157.58,167.99,157.25,10.74,6.8299,32242.44,528425.551,167.99,3.4924,3.4924,1.81,129.1999,113.2597,8.3158,3.9996,3.5227,0.1826,0.2335,14537.0828,9232.08,9232.08,2442084.5396,1550897.1192
603236.SH,20210709,158.09,158.68,153.19,157.25,159.1,-1.85,-1.1628,14994.27,234140.889,157.25,1.6241,1.6241,0.81,120.9399,106.0188,7.7842,3.7439,3.2975,0.1951,0.2495,14537.0828,9232.08,9232.08,2285956.2703,1451744.58
603236.SH,20210708,160.91,163.55,159.0,159.1,160.93,-1.83,-1.1371,15400.41,247770.841,159.1,1.6681,1.6681,0.85,122.3627,107.2661,7.8758,3.788,3.3363,0.1928,0.2466,14537.0828,9232.08,9232.08,2312849.8735,1468823.928
603236.SH,20210707,158.86,163.86,157.56,160.93,160.7,0.23,0.1431,17500.78,281336.599,160.93,1.8956,1.8956,0.81,123.7701,108.4999,7.9663,3.8315,3.3747,0.1906,0.2438,14537.0828,9232.08,9232.08,2339452.735,1485718.6344
603236.SH,20210706,162.3,162.33,154.1,160.7,161.26,-0.56,-0.3473,29464.42,464270.997,160.7,3.1915,3.1915,1.57,123.5932,108.3448,7.955,3.8261,3.3699,0.1909,0.2441,14537.0828,9232.08,9232.08,2336109.206,1483595.256
603236.SH,20210705,161.6,164.3,159.02,161.26,161.6,-0.34,-0.2104,11694.82,188905.63,161.26,1.2668,1.2668,0.63,124.0239,108.7223,7.9827,3.8394,3.3816,0.1902,0.2433,14537.0828,9232.08,9232.08,2344249.9723,1488765.2208
603236.SH,20210702,164.35,164.35,156.51,161.6,165.51,-3.91,-2.3624,18471.0,294649.687,161.6,2.0007,2.0007,1.07,124.2854,108.9516,7.9995,3.8475,3.3887,0.1898,0.2428,14537.0828,9232.08,9232.08,2349192.5805,1491904.128
603236.SH,20210701,170.61,173.01,165.0,165.51,170.61,-5.1,-2.9893,13604.47,229298.569,165.51,1.4736,1.4736,0.78,127.2926,111.5877,8.1931,3.9406,3.4707,0.1853,0.237,14537.0828,9232.08,9232.08,2406032.5742,1528001.5608
603236.SH,20210630,158.0,173.96,157.8,170.61,158.25,12.36,7.8104,34962.7,593169.777,170.61,3.7871,3.7871,2.66,131.2149,115.0262,8.4455,4.062,3.5777,0.1798,0.2299,14537.0828,9232.08,9232.08,2480171.6965,1575085.1688
603236.SH,20210629,161.8,163.3,158.0,158.25,161.9,-3.65,-2.2545,15352.55,245599.288,158.25,1.663,1.663,1.1,121.7089,106.693,7.8337,3.7677,3.3185,0.1938,0.2479,14537.0828,9232.08,9232.08,2300493.3531,1460976.66
603236.SH,20210628,161.15,163.5,159.99,161.9,161.6,0.3,0.1856,10526.78,170162.584,161.9,1.1402,1.1402,0.59,124.5161,109.1538,8.0144,3.8546,3.395,0.1895,0.2423,14537.0828,9232.08,9232.08,2353553.7053,1494673.752
603236.SH,20210625,162.21,162.93,160.32,161.6,163.6,-2.0,-1.2225,11873.15,191669.937,161.6,1.2861,1.2861,0.61,124.2854,108.9516,7.9995,3.8475,3.3887,0.1898,0.2428,14537.0828,9232.08,9232.08,2349192.5805,1491904.128
603236.SH,20210624,163.29,164.51,159.08,163.6,163.3,0.3,0.1837,14597.19,236431.251,163.6,1.5811,1.5811,0.71,125.8236,110.3,8.0985,3.8951,3.4307,0.1875,0.2398,14537.0828,9232.08,9232.08,2378266.7461,1510368.288
603236.SH,20210623,164.5,167.3,161.69,163.3,164.01,-0.71,-0.4329,13273.65,217497.208,163.3,1.4378,1.4378,0.57,125.5929,110.0977,8.0837,3.888,3.4244,0.1878,0.2402,14537.0828,9232.08,9232.08,2373905.6212,1507598.664
603236.SH,20210622,166.5,166.88,162.5,164.01,166.36,-2.35,-1.4126,19443.62,319530.884,164.01,2.1061,2.1061,0.77,126.1389,110.5764,8.1188,3.9049,3.4393,0.187,0.2392,14537.0828,9232.08,9232.08,2384226.95,1514153.4408
603236.SH,20210621,160.8,168.01,156.51,166.36,160.29,6.07,3.7869,29974.46,489908.053,166.36,3.2468,3.2468,1.3,127.9463,112.1608,8.2351,3.9608,3.4886,0.1844,0.2358,14537.0828,9232.08,9232.08,2418389.0946,1535848.8288
603236.SH,20210618,160.81,163.0,157.0,160.29,158.78,1.51,0.951,19663.98,314503.814,160.29,2.13,2.13,0.89,123.2779,108.0684,7.9347,3.8163,3.3613,0.1914,0.2447,14537.0828,9232.08,9232.08,2330149.002,1479810.1032
603236.SH,20210617,156.38,159.84,152.0,158.78,156.49,2.29,1.4634,20703.43,324775.85,158.78,2.2426,2.2426,1.01,122.1166,107.0503,7.8599,3.7803,3.3296,0.1932,0.2471,14537.0828,9232.08,9232.08,2308198.007,1465869.6624
603236.SH,20210616,161.5,163.5,154.0,156.49,161.5,-5.01,-3.1022,26241.43,414766.78,156.49,2.8424,2.8424,1.43,120.3553,105.5064,7.7466,3.7258,3.2816,0.196,0.2507,14537.0828,9232.08,9232.08,2274908.0874,1444728.1992
603236.SH,20210615,159.5,162.5,155.66,161.5,161.56,-0.06,-0.0371,30231.45,482636.359,161.5,3.2746,3.2746,1.85,124.2085,108.8841,7.9946,3.8451,3.3866,0.1899,0.2429,14537.0828,9232.08,9232.08,2347738.8722,1490980.92
603236.SH,20210611,165.0,165.21,159.22,161.56,158.84,2.72,1.7124,18026.81,291907.748,161.56,2.5384,2.7587,1.13,124.2546,108.9246,7.9975,3.8465,3.3879,0.1899,0.2428,14537.0828,7101.6,6534.6389,2348611.0972,1147334.496
603236.SH,20210610,205.03,209.01,202.2,207.0,205.0,2.0,0.9756,15215.79,313206.547,207.0,2.1426,2.3285,0.86,122.4632,107.3542,7.7321,3.7911,3.3391,0.1926,,11182.3714,7101.6,6534.6389,2314750.8798,1470031.2
603236.SH,20210609,207.18,207.99,199.18,205.0,205.07,-0.07,-0.0341,12920.33,263380.249,205.0,1.8194,1.9772,0.58,121.28,106.317,7.6574,3.7545,3.3068,0.1945,0.1945,11182.3714,7101.6,6534.6389,2292386.137,1455828.0
603236.SH,20210608,208.0,209.9,203.5,205.07,204.7,0.37,0.1808,15516.47,320461.587,205.07,2.1849,2.3745,0.62,121.3214,106.3533,7.66,3.7557,3.3079,0.1944,0.1944,11182.3714,7101.6,6534.6389,2293168.903,1456325.112
603236.SH,20210607,197.49,206.9,196.5,204.7,197.49,7.21,3.6508,20211.45,412857.711,204.7,2.846,3.093,0.82,121.1025,106.1614,7.6462,3.749,3.302,0.1948,0.1948,11182.3714,7101.6,6534.6389,2289031.4256,1453697.52
603236.SH,20210604,198.0,199.98,194.2,197.49,198.35,-0.86,-0.4336,16221.3,319482.593,197.49,2.2842,2.4824,0.65,116.837,102.4221,7.3768,3.6169,3.1857,0.2019,0.2019,11182.3714,7101.6,6534.6389,2208406.5278,1402494.984
603236.SH,20210603,199.5,203.25,195.02,198.35,199.58,-1.23,-0.6163,23500.84,467027.223,198.35,3.3092,3.5963,0.93,117.3458,102.8682,7.409,3.6327,3.1995,0.201,0.201,11182.3714,7101.6,6534.6389,2218023.3672,1408602.36
603236.SH,20210602,190.98,201.0,190.49,199.58,190.26,9.32,4.8986,35076.61,694282.897,199.58,4.9393,5.3678,1.57,118.0735,103.5061,7.4549,3.6552,3.2194,0.1998,0.1998,11182.3714,7101.6,6534.6389,2231777.684,1417337.328
603236.SH,20210601,181.0,190.94,181.0,190.26,180.95,9.31,5.1451,30131.41,567299.528,190.26,4.2429,4.611,1.58,112.5597,98.6725,7.1068,3.4845,3.069,0.2096,0.2096,11182.3714,7101.6,6534.6389,2127557.9826,1351150.416
603236.SH,20210531,174.4,181.78,172.52,180.95,174.5,6.45,3.6963,18136.28,324744.496,180.95,2.5538,2.7754,0.99,107.0518,93.8442,6.759,3.314,2.9188,0.2204,0.2204,11182.3714,7101.6,6534.6389,2023450.1048,1285034.52
603236.SH,20210528,171.51,176.08,169.51,174.5,171.45,3.05,1.7789,18652.53,321611.707,174.5,2.6265,2.8544,1.01,103.2359,90.4991,6.5181,3.1959,2.8148,0.2285,0.2285,11182.3714,7101.6,6534.6389,1951323.8093,1239229.2
603236.SH,20210527,167.86,178.4,166.55,171.45,167.2,4.25,2.5419,24454.41,422862.414,171.45,3.4435,3.7423,1.56,101.4315,88.9173,6.4042,3.14,2.7656,0.2326,0.2326,11182.3714,7101.6,6534.6389,1917217.5765,1217569.32
603236.SH,20210526,165.0,169.66,163.02,167.2,163.94,3.26,1.9885,20578.58,342496.993,167.2,2.8977,3.1492,1.52,98.9172,86.7132,6.2454,3.0622,2.6971,0.2385,0.2385,11182.3714,7101.6,6534.6389,1869692.4981,1187387.52
603236.SH,20210525,161.76,164.6,160.13,163.94,161.61,2.33,1.4417,13808.22,224952.093,163.94,1.9444,1.9444,0.9,96.9885,85.0225,6.1236,3.0025,2.6445,0.2432,0.2432,11182.3714,7101.6,7101.6,1833237.9673,1164236.304
603236.SH,20210524,157.5,161.97,157.0,161.61,157.6,4.01,2.5444,14182.97,226353.728,161.61,1.9972,1.9972,0.76,95.6101,83.8141,6.0366,2.9598,2.6069,0.2467,0.2467,11182.3714,7101.6,7101.6,1807183.042,1147689.576
603236.SH,20210521,162.21,162.59,156.01,157.6,162.2,-4.6,-2.836,19120.88,303398.408,157.6,2.6925,2.6925,1.13,93.2377,81.7344,5.8868,2.8864,2.5422,0.253,0.253,11182.3714,7101.6,7101.6,1762341.7326,1119212.16
603236.SH,20210520,163.44,164.31,160.56,162.2,162.68,-0.48,-0.2951,10471.37,169022.837,162.2,1.4745,1.4745,0.61,95.9591,84.1201,6.0587,2.9706,2.6164,0.2458,0.2458,11182.3714,7101.6,7101.6,1813780.6411,1151879.52
603236.SH,20210519,161.18,163.99,161.0,162.68,161.43,1.25,0.7743,10047.29,163310.24,162.68,1.4148,1.4148,0.53,96.2431,84.369,6.0766,2.9794,2.6241,0.2451,0.2451,11182.3714,7101.6,7101.6,1819148.1794,1155288.288
603236.SH,20210518,164.98,164.98,159.55,161.43,165.25,-3.82,-2.3116,23255.23,375378.515,161.43,3.2746,3.2746,1.41,95.5036,83.7207,6.0299,2.9565,2.604,0.247,0.247,11182.3714,7101.6,7101.6,1805170.2151,1146411.288
603236.SH,20210517,163.95,165.59,159.2,165.25,163.91,1.34,0.8175,30141.08,490034.582,165.25,4.2443,4.2443,2.15,97.7635,85.7019,6.1726,3.0265,2.6656,0.2413,0.2413,11182.3714,7101.6,7101.6,1847886.8739,1173539.4
603236.SH,20210514,164.25,164.39,162.1,163.91,163.11,0.8,0.4905,10914.4,177950.443,163.91,1.5369,1.5369,0.74,96.9708,85.0069,6.1225,3.0019,2.644,0.2433,0.2433,11182.3714,7101.6,7101.6,1832902.4962,1164023.256
603236.SH,20210513,161.68,164.48,160.08,163.11,163.99,-0.88,-0.5366,10910.31,177341.711,163.11,1.5363,1.5363,0.74,96.4975,84.592,6.0926,2.9873,2.6311,0.2445,0.2445,11182.3714,7101.6,7101.6,1823956.5991,1158341.976
603236.SH,20210512,167.29,167.98,162.43,163.99,167.28,-3.29,-1.9668,20098.3,330042.569,163.99,2.8301,2.8301,1.38,97.0181,85.0484,6.1255,3.0034,2.6453,0.2432,0.2432,11182.3714,7101.6,7101.6,1833797.0859,1164591.384
603236.SH,20210511,167.11,170.99,166.66,167.28,168.5,-1.22,-0.724,10547.17,178012.466,167.28,1.4852,1.4852,0.5,98.9645,86.7547,6.2484,3.0636,2.6983,0.2384,0.2384,11182.3714,7101.6,7101.6,1870587.0878,1187955.648
603236.SH,20210510,178.48,178.48,167.8,168.5,178.49,-9.99,-5.597,17496.83,298586.368,168.5,2.4638,2.4638,0.85,99.6863,87.3874,6.294,3.086,2.718,0.2366,0.2366,11182.3714,7101.6,7101.6,1884229.5809,1196619.6
603236.SH,20210507,180.51,184.52,176.1,178.49,180.51,-2.02,-1.1191,14234.94,255056.559,178.49,2.0045,2.0045,0.7,105.5964,92.5684,6.6671,3.2689,2.8792,0.2234,0.2234,11182.3714,7101.6,7101.6,1995941.4712,1267564.584
603236.SH,20210506,179.0,182.87,178.56,180.51,180.52,-0.01,-0.0055,11563.85,208874.747,180.51,1.6283,1.6283,0.5,106.7915,93.616,6.7426,3.3059,2.9118,0.2209,0.2209,11182.3714,7101.6,7101.6,2018529.8614,1281909.816
603236.SH,20210430,180.0,183.98,178.26,180.52,180.0,0.52,0.2889,19127.54,344586.269,180.52,2.6934,2.6934,0.71,106.7974,93.6212,6.743,3.3061,2.9119,0.2209,0.2209,11182.3714,7101.6,7101.6,2018641.6851,1281980.832
603236.SH,20210429,184.6,186.88,179.84,180.0,190.0,-10.0,-5.2632,42941.91,781719.486,180.0,6.0468,6.0468,1.39,106.4898,93.3515,6.7235,3.2966,2.9035,0.2215,0.2215,11182.3714,7101.6,7101.6,2012826.852,1278288.0
603236.SH,20210428,190.48,191.52,188.1,190.0,189.0,1.0,0.5291,14740.8,279544.891,190.0,2.0757,2.0757,0.37,112.4059,112.4059,7.2525,3.4797,3.4797,0.2099,0.2099,11182.3714,7101.6,7101.6,2124650.566,1349304.0
603236.SH,20210427,188.01,192.3,186.68,189.0,188.0,1.0,0.5319,12996.46,246999.352,189.0,1.8301,1.8301,0.34,111.8143,111.8143,7.2144,3.4614,3.4614,0.211,0.211,11182.3714,7101.6,7101.6,2113468.1946,1342202.4
603236.SH,20210426,186.59,193.5,185.0,188.0,186.6,1.4,0.7503,26262.46,501485.047,188.0,3.6981,3.6981,0.73,111.2227,111.2227,7.1762,3.4431,3.4431,0.2121,0.2121,11182.3714,7101.6,7101.6,2102285.8232,1335100.8
603236.SH,20210423,179.74,190.88,178.13,186.6,179.6,7.0,3.8976,38270.86,710479.271,186.6,5.389,5.389,1.29,110.3944,110.3944,7.1227,3.4175,3.4175,0.2137,0.2137,11182.3714,7101.6,7101.6,2086630.5032,1325158.56
603236.SH,20210422,186.0,186.0,178.76,179.6,187.76,-8.16,-4.346,62388.72,1132369.664,179.6,8.7852,8.7852,3.39,106.2531,106.2531,6.8555,3.2893,3.2893,0.222,0.222,11182.3714,7101.6,7101.6,2008353.9034,1275447.36
603236.SH,20210421,191.94,196.01,187.76,187.76,208.62,-20.86,-9.999,58801.33,1109373.7,187.76,8.28,8.28,7.78,111.0807,111.0807,7.167,3.4387,3.4387,0.2124,0.2124,11182.3714,7101.6,7101.6,2099602.0541,1333396.416
603236.SH,20210420,208.62,208.62,208.62,208.62,231.8,-23.18,-10.0,6513.0,135874.206,208.62,0.9171,0.9171,0.88,123.4217,123.4217,7.9633,3.8208,3.8208,0.1911,0.1911,11182.3714,7101.6,7101.6,2332866.3215,1481535.792
603236.SH,20210419,220.5,234.21,217.5,231.8,217.85,13.95,6.4035,14705.62,335821.061,231.8,2.0707,2.0707,2.33,175.1384,144.3202,9.0526,6.2766,4.7275,0.172,0.172,11182.3714,7101.6,7101.6,2592073.6905,1646150.88
603236.SH,20210416,220.0,221.53,215.8,217.85,220.93,-3.08,-1.3941,5543.56,120948.955,217.85,0.7806,0.7806,0.88,164.5983,135.6348,8.5078,5.8989,4.443,0.183,0.183,11182.3714,7101.6,7101.6,2436079.6095,1547083.56
603236.SH,20210415,223.0,223.0,217.1,220.93,223.01,-2.08,-0.9327,6420.68,140972.514,220.93,0.9041,0.9041,1.04,166.9254,137.5524,8.6281,5.9823,4.5058,0.1805,0.1805,11182.3714,7101.6,7101.6,2470521.3134,1568956.488
603236.SH,20210414,220.46,225.0,220.46,223.01,221.09,1.92,0.8684,4609.74,102776.265,223.01,0.6491,0.6491,0.71,168.497,138.8474,8.7093,6.0386,4.5482,0.1788,0.1788,11182.3714,7101.6,7101.6,2493780.6459,1583727.816
603236.SH,20210413,223.3,225.52,220.0,221.09,223.3,-2.21,-0.9897,5688.89,126448.765,221.09,0.8011,0.8011,0.77,167.0463,137.652,8.6343,5.9866,4.5091,0.1804,0.1804,11182.3714,7101.6,7101.6,2472310.4928,1570092.744
603236.SH,20210412,225.5,229.95,220.0,223.3,226.9,-3.6,-1.5866,9281.87,208050.376,223.3,1.307,1.307,1.0,168.7161,139.028,8.7207,6.0464,4.5542,0.1786,0.1786,11182.3714,7101.6,7101.6,2497023.5336,1585787.28
603236.SH,20210409,229.94,232.6,226.0,226.9,230.13,-3.23,-1.4036,5363.4,122462.834,226.9,0.7552,0.7552,0.44,171.4361,141.2694,8.8612,6.1439,4.6276,0.1757,0.1757,11182.3714,7101.6,7101.6,2537280.0707,1611353.04
603236.SH,20210408,228.49,232.98,228.17,230.13,229.0,1.13,0.4934,5813.35,133930.585,230.13,0.8186,0.8186,0.43,173.8766,143.2804,8.9874,6.2314,4.6934,0.1733,0.1733,11182.3714,7101.6,7101.6,2573399.1303,1634291.208
603236.SH,20210407,234.33,234.76,226.57,229.0,233.56,-4.56,-1.9524,6514.21,149094.406,229.0,0.9173,0.9173,0.47,173.0228,142.5769,8.9433,6.2008,4.6704,0.1741,0.1741,11182.3714,7101.6,7101.6,2560763.0506,1626266.4
603236.SH,20210406,230.0,234.95,226.1,233.56,230.5,3.06,1.3275,10102.77,234317.619,233.56,1.4226,1.4226,0.74,176.4681,145.4159,9.1213,6.3243,4.7634,0.1707,0.1707,11182.3714,7101.6,7101.6,2611754.6642,1658649.696
603236.SH,20210402,219.76,231.1,219.71,230.5,219.5,11.0,5.0114,18610.79,422933.316,230.5,2.6206,2.6206,1.5,174.1561,143.5108,9.0018,6.2414,4.701,0.173,0.173,11182.3714,7101.6,7101.6,2577536.6077,1636918.8
603236.SH,20210401,218.6,230.3,217.28,219.5,209.36,10.14,4.8433,20385.93,457550.444,219.5,2.8706,2.8706,2.11,165.845,136.6621,8.5723,5.9435,4.4767,0.1817,0.1817,11182.3714,7101.6,7101.6,2454530.5223,1558801.2
603236.SH,20210331,214.5,215.87,209.0,209.36,215.03,-5.67,-2.6368,12251.36,259568.099,209.36,1.7252,1.7252,1.33,151.3827,124.7447,12.43,5.4252,4.0863,0.199,0.199,10701.6,7101.6,7101.6,2240486.976,1486790.976
603236.SH,20210330,212.0,216.98,211.44,215.03,213.3,1.73,0.8111,7686.72,165496.43,215.03,1.0824,1.0824,0.76,155.4826,128.1231,12.7666,5.5722,4.1969,0.1938,0.1938,10701.6,7101.6,7101.6,2301165.048,1527057.048
603236.SH,20210329,211.16,217.0,211.16,213.3,212.8,0.5,0.235,9547.03,204943.687,213.3,1.3443,1.3443,0.94,154.2317,127.0923,12.6639,5.5273,4.1632,0.1953,0.1953,10701.6,7101.6,7101.6,2282651.28,1514771.28
603236.SH,20210326,211.5,214.26,207.5,212.8,211.65,1.15,0.5433,12155.8,256310.804,212.8,1.7117,1.7117,1.27,153.8701,126.7944,12.6342,5.5144,4.1534,0.1958,0.1958,10701.6,7101.6,7101.6,2277300.48,1511220.48
603236.SH,20210325,207.68,213.63,206.1,211.65,208.95,2.7,1.2922,6662.55,140141.66,211.65,0.9382,0.9382,0.66,153.0386,126.1092,12.5659,5.4846,4.131,0.1969,0.1969,10701.6,7101.6,7101.6,2264993.64,1503053.64
603236.SH,20210324,214.98,217.38,208.02,208.95,213.91,-4.96,-2.3187,10169.1,214888.498,208.95,1.4319,1.4319,0.97,151.0863,124.5004,12.4056,5.4146,4.0783,0.1994,0.1994,10701.6,7101.6,7101.6,2236099.32,1483879.32
603236.SH,20210323,223.16,223.16,211.03,213.91,220.78,-6.87,-3.1117,12053.53,258306.269,213.91,1.6973,1.6973,0.88,154.6727,127.4558,12.7001,5.5431,4.1751,0.1948,0.1948,10701.6,7101.6,7101.6,2289179.256,1519103.256
603236.SH,20210322,219.3,224.49,217.58,220.78,218.28,2.5,1.1453,9868.97,218370.782,220.78,1.3897,1.3897,0.6,159.6402,131.5492,13.108,5.7212,4.3092,0.1887,0.1887,10701.6,7101.6,7101.6,2362699.248,1567891.248
603236.SH,20210319,221.23,223.64,215.62,218.28,219.57,-1.29,-0.5875,9020.99,197283.478,218.28,1.2703,1.2703,0.53,157.8326,130.0596,12.9596,5.6564,4.2604,0.1909,0.1909,10701.6,7101.6,7101.6,2335945.248,1550137.248
603236.SH,20210318,218.1,221.58,212.98,219.57,218.5,1.07,0.4897,9139.4,198600.887,219.57,1.2869,1.2869,0.53,158.7653,130.8282,13.0361,5.6898,4.2856,0.1898,0.1898,10701.6,7101.6,7101.6,2349750.312,1559298.312
603236.SH,20210317,214.71,221.48,211.5,218.5,212.0,6.5,3.066,12089.93,262819.108,218.5,1.7024,1.7024,0.65,157.9916,130.1906,12.9726,5.6621,4.2647,0.1907,0.1907,10701.6,7101.6,7101.6,2338299.6,1551699.6
603236.SH,20210316,208.1,213.68,202.5,212.0,211.05,0.95,0.4501,28695.56,598047.333,212.0,4.0407,4.0407,1.62,153.2917,126.3177,12.5867,5.4937,4.1378,0.1965,0.1965,10701.6,7101.6,7101.6,2268739.2,1505539.2
603236.SH,20210315,230.15,230.15,211.05,211.05,234.5,-23.45,-10.0,22963.32,499104.955,211.05,3.2335,3.2335,1.38,152.6047,125.7517,12.5303,5.469,4.1193,0.1974,0.1974,10701.6,7101.6,7101.6,2258572.68,1498792.68
603236.SH,20210312,232.79,237.89,227.05,234.5,232.8,1.7,0.7302,12607.51,294290.303,234.5,1.7753,1.7753,0.72,169.5608,139.7241,13.9226,6.0767,4.577,0.1777,0.1777,10701.6,7101.6,7101.6,2509525.2,1665325.2
603236.SH,20210311,231.38,232.81,226.18,232.8,227.96,4.84,2.1232,10120.57,233291.113,232.8,1.4251,1.4251,0.45,168.3316,138.7111,13.8216,6.0327,4.5438,0.179,0.179,10701.6,7101.6,7101.6,2491332.48,1653252.48
603236.SH,20210310,236.5,239.0,226.35,227.96,232.51,-4.55,-1.9569,18897.65,436688.289,227.96,2.661,2.661,0.8,164.8319,135.8273,13.5343,5.9072,4.4493,0.1828,0.1828,10701.6,7101.6,7101.6,2439536.736,1618880.736
603236.SH,20210309,240.21,246.36,226.0,232.51,239.5,-6.99,-2.9186,24036.42,567966.898,232.51,3.3846,3.3846,1.01,168.1219,138.5383,13.8044,6.0251,4.5381,0.1792,0.1792,10701.6,7101.6,7101.6,2488229.016,1651193.016
603236.SH,20210308,241.6,255.67,238.6,239.5,246.0,-6.5,-2.6423,17286.35,424846.817,239.5,2.4341,2.4341,0.72,173.1762,142.7032,14.2194,6.2063,4.6745,0.174,0.174,10701.6,7101.6,7101.6,2563033.2,1700833.2
603236.SH,20210305,232.07,248.1,232.07,246.0,239.0,7.0,2.9289,17122.21,411456.713,246.0,2.411,2.411,0.68,177.8762,146.5762,14.6053,6.3747,4.8014,0.1694,0.1694,10701.6,7101.6,7101.6,2632593.6,1746993.6
603236.SH,20210304,260.0,269.51,235.81,239.0,259.77,-20.77,-7.9955,34472.23,862947.493,239.0,4.8541,4.8541,1.55,172.8147,142.4053,14.1897,6.1933,4.6648,0.1743,0.1743,10701.6,7101.6,7101.6,2557682.4,1697282.4
603236.SH,20210303,260.0,262.99,254.01,259.77,264.13,-4.36,-1.6507,24845.79,638875.011,259.77,3.4986,3.4986,1.17,187.8329,154.7809,15.4229,6.7315,5.0702,0.1604,0.1604,10701.6,7101.6,7101.6,2779954.632,1844782.632
603236.SH,20210302,248.27,264.13,247.86,264.13,249.99,14.14,5.6562,24779.8,641484.11,264.13,3.4893,3.4893,1.13,190.9855,157.3787,15.6817,6.8445,5.1553,0.1578,0.1578,10701.6,7101.6,7101.6,2826613.608,1875745.608
603236.SH,20210301,253.0,264.6,246.51,249.99,252.0,-2.01,-0.7976,18079.51,456871.488,249.99,2.5458,2.5458,0.72,180.7612,148.9536,14.8422,6.4781,4.8793,0.1667,0.1667,10701.6,7101.6,7101.6,2675292.984,1775328.984
603236.SH,20210226,240.5,259.2,235.62,252.0,248.17,3.83,1.5433,24123.27,605440.837,252.0,3.3969,3.3969,0.96,182.2146,150.1512,14.9616,6.5302,4.9185,0.1653,0.1653,10701.6,7101.6,7101.6,2696803.2,1789603.2
603236.SH,20210225,248.0,251.0,244.0,248.17,246.7,1.47,0.5959,19490.56,482744.927,248.17,2.7445,2.7445,0.78,179.4452,147.8692,14.7342,6.4309,4.8438,0.1679,0.1679,10701.6,7101.6,7101.6,2655816.072,1762404.072
603236.SH,20210224,251.24,256.26,244.02,246.7,251.02,-4.32,-1.721,19787.95,493700.921,246.7,2.7864,2.7864,0.8,178.3823,146.9933,14.6469,6.3929,4.8151,0.1689,0.1689,10701.6,7101.6,7101.6,2640084.72,1751964.72
603236.SH,20210223,238.49,255.51,237.88,251.02,239.29,11.73,4.902,28552.89,708494.379,251.02,4.0206,4.0206,1.24,181.506,149.5673,14.9034,6.5048,4.8994,0.166,0.166,10701.6,7101.6,7101.6,2686315.632,1782643.632
603236.SH,20210222,252.68,257.26,238.08,239.29,253.75,-14.46,-5.6985,33653.9,826479.869,239.29,4.7389,4.7389,1.59,173.0243,142.5781,14.2069,6.2008,4.6704,0.1741,0.1741,10701.6,7101.6,7101.6,2560785.864,1699341.864
603236.SH,20210219,261.88,269.99,252.01,253.75,264.25,-10.5,-3.9735,23687.83,611742.74,253.75,3.3356,3.3356,1.09,183.48,151.1939,15.0655,6.5755,4.9527,0.1642,0.1642,10701.6,7101.6,7101.6,2715531.0,1802031.0
603236.SH,20210218,268.38,273.95,257.0,264.25,264.82,-0.57,-0.2152,18964.75,502261.622,264.25,2.6705,2.6705,0.82,191.0723,157.4502,15.6889,6.8476,5.1576,0.1577,0.1577,10701.6,7101.6,7101.6,2827897.8,1876597.8
603236.SH,20210210,268.11,269.79,260.02,264.82,268.0,-3.18,-1.1866,18215.3,482142.37,264.82,2.565,2.565,0.65,191.4844,157.7899,15.7227,6.8624,5.1687,0.1573,0.1573,10701.6,7101.6,7101.6,2833997.712,1880645.712
603236.SH,20210209,265.53,271.52,260.8,268.0,267.1,0.9,0.337,20159.38,539593.335,268.0,2.8387,2.8387,0.63,193.7838,159.6846,15.9115,6.9448,5.2308,0.1555,0.1555,10701.6,7101.6,7101.6,2868028.8,1903228.8
603236.SH,20210208,252.0,270.97,252.0,267.1,251.4,15.7,6.245,24525.07,646615.104,267.1,3.4535,3.4535,0.7,193.133,159.1484,15.8581,6.9215,5.2132,0.156,0.156,10701.6,7101.6,7101.6,2858397.36,1896837.36
603236.SH,20210205,256.28,265.0,250.5,251.4,254.16,-2.76,-1.0859,26392.01,679965.716,251.4,3.7163,3.7163,0.75,181.7808,149.7937,14.9259,6.5146,4.9068,0.1657,0.1657,10701.6,7101.6,7101.6,2690382.24,1785342.24
603236.SH,20210204,258.0,263.8,248.53,254.16,258.8,-4.64,-1.7929,26937.54,682900.714,254.16,3.7932,3.7932,0.75,183.7765,151.4382,15.0898,6.5862,4.9607,0.1639,0.1639,10701.6,7101.6,7101.6,2719918.656,1804942.656
603236.SH,20210203,261.8,271.44,255.73,258.8,258.52,0.28,0.1083,42598.0,1116142.398,258.8,5.9984,5.9984,1.23,187.1315,154.2029,15.3653,6.7064,5.0512,0.161,0.161,10701.6,7101.6,7101.6,2769574.08,1837894.08
603236.SH,20210202,242.3,258.52,242.0,258.52,235.02,23.5,9.9991,39353.65,989674.368,258.52,5.5415,5.5415,1.23,186.9291,154.0361,15.3487,6.6991,5.0458,0.1612,0.1612,10701.6,7101.6,7101.6,2766577.632,1835905.632
603236.SH,20210201,229.49,235.02,216.0,235.02,213.65,21.37,10.0023,39389.87,910923.465,235.02,5.5466,5.5466,1.4,169.9368,140.0339,13.9534,6.0902,4.5871,0.1773,0.1773,10701.6,7101.6,7101.6,2515090.032,1669018.032
603236.SH,20210129,207.0,213.9,205.0,213.65,205.4,8.25,4.0166,26711.95,562409.852,213.65,3.7614,3.7614,1.05,154.4847,127.3008,12.6847,5.5364,4.17,0.195,0.195,10701.6,7101.6,7101.6,2286396.84,1517256.84
603236.SH,20210128,216.0,218.0,202.0,205.4,220.03,-14.63,-6.6491,31183.01,652102.562,205.4,4.391,4.391,1.41,148.5194,122.3852,12.1949,5.3226,4.009,0.2029,0.2029,10701.6,7101.6,7101.6,2198108.64,1458668.64
603236.SH,20210127,209.0,220.88,206.0,220.03,207.43,12.6,6.0743,36239.65,778754.263,220.03,5.103,5.103,2.11,159.0979,131.1023,13.0635,5.7017,4.2945,0.1894,0.1894,10701.6,7101.6,7101.6,2354673.048,1562565.048
603236.SH,20210126,204.32,215.27,204.32,207.43,203.39,4.04,1.9863,26166.92,551231.863,207.43,3.6847,3.6847,1.81,149.9872,123.5947,12.3154,5.3752,4.0486,0.2009,0.2009,10701.6,7101.6,7101.6,2219832.888,1473084.888
603236.SH,20210125,204.99,211.0,197.87,203.39,209.4,-6.01,-2.8701,20408.54,419580.212,203.39,2.8738,2.8738,1.38,147.066,121.1875,12.0755,5.2705,3.9698,0.2049,0.2049,10701.6,7101.6,7101.6,2176598.424,1444394.424
603236.SH,20210122,205.26,209.75,202.19,209.4,207.0,2.4,1.1594,13262.69,273724.563,209.4,1.8676,1.8676,0.82,151.4117,124.7685,12.4323,5.4263,4.0871,0.199,0.199,10701.6,7101.6,7101.6,2240915.04,1487075.04
603236.SH,20210121,209.0,214.15,205.5,207.0,209.0,-2.0,-0.9569,14608.16,304465.953,207.0,2.057,2.057,0.79,149.6763,123.3385,12.2899,5.3641,4.0402,0.2013,0.2013,10701.6,7101.6,7101.6,2215231.2,1470031.2
603236.SH,20210120,205.5,210.01,205.02,209.0,206.0,3.0,1.4563,11574.27,241365.2,209.0,1.6298,1.6298,0.61,151.1224,124.5302,12.4086,5.4159,4.0792,0.1994,0.1994,10701.6,7101.6,7101.6,2236634.4,1484234.4
603236.SH,20210119,208.5,212.0,204.57,206.0,207.85,-1.85,-0.8901,12530.17,260650.564,206.0,1.7644,1.7644,0.65,148.9532,122.7427,12.2305,5.3382,4.0207,0.2023,0.2023,10701.6,7101.6,7101.6,2204529.6,1462929.6
603236.SH,20210118,195.8,210.37,195.38,207.85,198.43,9.42,4.7473,22028.17,454994.169,207.85,3.1019,3.1019,1.11,150.2909,123.845,12.3403,5.3861,4.0568,0.2005,0.2005,10701.6,7101.6,7101.6,2224327.56,1476067.56
603236.SH,20210115,200.01,203.19,191.55,198.43,202.0,-3.57,-1.7673,19781.56,388710.345,198.43,2.7855,2.7855,1.03,143.4795,118.2322,11.781,5.142,3.8729,0.21,0.21,10701.6,7101.6,7101.6,2123518.488,1409170.488
603236.SH,20210114,194.67,207.39,194.67,202.0,194.32,7.68,3.9522,26992.98,548380.692,202.0,3.801,3.801,1.58,146.0609,120.3593,11.993,5.2345,3.9426,0.2063,0.2063,10701.6,7101.6,7101.6,2161723.2,1434523.2
603236.SH,20210113,195.72,196.5,189.5,194.32,196.26,-1.94,-0.9885,14256.09,275271.076,194.32,2.0074,2.0074,0.84,140.5077,115.7833,11.537,5.0355,3.7927,0.2144,0.2144,10701.6,7101.6,7101.6,2079534.912,1379982.912
603236.SH,20210112,195.8,196.66,191.0,196.26,195.8,0.46,0.2349,12899.09,251126.924,196.26,1.8164,1.8164,0.77,141.9105,116.9392,11.6522,5.0858,3.8306,0.2123,0.2123,10701.6,7101.6,7101.6,2100296.016,1393760.016
603236.SH,20210111,191.1,198.43,191.1,195.8,190.2,5.6,2.9443,25049.3,489643.491,195.8,3.5273,3.5273,1.72,141.5779,116.6651,11.6249,5.0739,3.8216,0.2128,0.2128,10701.6,7101.6,7101.6,2095373.28,1390493.28
603236.SH,20210108,189.82,196.41,188.0,190.2,191.35,-1.15,-0.601,17151.99,329295.208,190.2,2.4152,2.4152,1.31,137.5286,113.3284,11.2924,4.9287,3.7123,0.2191,0.2191,10701.6,7101.6,7101.6,2035444.32,1350724.32
603236.SH,20210107,192.99,196.02,188.41,191.35,194.56,-3.21,-1.6499,16067.15,307232.679,191.35,2.2625,2.2625,1.31,138.3602,114.0136,11.3607,4.9585,3.7348,0.2178,0.2178,10701.6,7101.6,7101.6,2047751.16,1358891.16
603236.SH,20210106,193.93,198.98,190.68,194.56,191.66,2.9,1.5131,13199.21,255980.552,194.56,1.8586,1.8586,0.93,140.6813,115.9263,11.5513,5.0417,3.7974,0.2142,0.2142,10701.6,7101.6,7101.6,2082103.296,1381687.296
603236.SH,20210105,190.46,192.93,189.12,191.66,191.5,0.16,0.0836,12031.83,230029.007,191.66,1.6942,1.6942,0.83,138.5843,114.1984,11.3791,4.9666,3.7408,0.2174,0.2174,10701.6,7101.6,7101.6,2051068.656,1361092.656
603236.SH,20210104,187.0,192.7,185.3,191.5,186.94,4.56,2.4393,14356.26,272999.895,191.5,2.0216,2.0216,0.99,138.4686,114.103,11.3696,4.9624,3.7377,0.2176,0.2176,10701.6,7101.6,7101.6,2049356.4,1359956.4
603236.SH,20201231,186.5,188.57,183.35,186.94,184.66,2.28,1.2347,9599.74,178783.947,186.94,1.3518,1.3518,0.64,135.1714,111.386,11.0989,4.8443,3.6487,,0.2229,10701.6,7101.6,7101.6,2000557.104,1327573.104
603236.SH,20201230,185.8,187.6,181.05,184.66,187.08,-2.42,-1.2936,12083.37,222770.189,184.66,1.7015,1.7015,0.71,133.5228,110.0275,10.9635,4.7852,3.6042,,0.2256,10701.6,7101.6,7101.6,1976157.456,1311381.456
603236.SH,20201229,174.0,188.2,173.5,187.08,175.43,11.65,6.6408,22744.17,419587.238,187.08,3.2027,3.2027,1.12,135.2727,111.4694,11.1072,4.8479,3.6514,,0.2227,10701.6,7101.6,7101.6,2002055.328,1328567.328
603236.SH,20201228,171.08,179.37,170.12,175.43,172.85,2.58,1.4926,13555.79,239288.693,175.43,1.9088,1.9088,0.69,126.8488,104.5279,10.4155,4.546,3.424,,0.2375,10701.6,7101.6,7101.6,1877381.688,1245833.688
603236.SH,20201225,176.08,176.96,169.15,172.85,176.16,-3.31,-1.879,14609.08,251387.621,172.85,2.0572,2.2356,0.79,124.9833,102.9906,10.2623,4.4791,3.3737,,0.2411,10701.6,7101.6,6534.6389,1849771.56,1227511.56
603236.SH,20201224,174.2,178.94,174.2,176.16,175.5,0.66,0.3761,12442.82,219427.831,176.16,1.7521,1.9041,0.71,127.3767,104.9629,10.4588,4.5649,3.4383,,0.2365,10701.6,7101.6,6534.6389,1885193.856,1251017.856
603236.SH,20201223,177.87,179.58,172.6,175.5,179.0,-3.5,-1.9553,21379.22,375908.53,175.5,3.0105,3.2717,1.39,126.8995,104.5696,10.4197,4.5478,3.4254,,0.2374,10701.6,7101.6,6534.6389,1878130.8,1246330.8
603236.SH,20201222,190.0,192.0,175.0,179.0,191.95,-12.95,-6.7465,39920.28,721984.77,179.0,5.6213,6.109,4.0,129.4302,106.655,10.6275,4.6385,3.4937,,0.2328,10701.6,7101.6,6534.6389,1915586.4,1271186.4
603236.SH,20201221,192.0,194.85,191.17,191.95,194.58,-2.63,-1.3516,10383.75,200234.093,191.95,1.4622,1.589,0.94,138.794,114.3711,11.3963,4.9741,3.7465,,0.2171,10701.6,7101.6,6534.6389,2054172.12,1363152.12
603236.SH,20201218,194.17,196.97,190.92,194.58,195.9,-1.32,-0.6738,8803.4,170563.549,194.58,1.2396,1.3472,0.66,140.6957,115.9382,11.5525,5.0422,3.7978,,0.2141,10701.6,7101.6,6534.6389,2082317.328,1381829.328
603236.SH,20201217,196.5,198.0,193.5,195.9,196.82,-0.92,-0.4674,7711.51,150641.444,195.9,1.0859,1.1801,0.53,141.6502,116.7247,11.6308,5.0764,3.8236,,0.2127,10701.6,7101.6,6534.6389,2096443.44,1391203.44
603236.SH,20201216,198.66,198.93,193.89,196.82,198.2,-1.38,-0.6963,10299.89,202230.187,196.82,1.4504,1.5762,0.63,142.3154,117.2729,11.6855,5.1003,3.8415,,0.2117,10701.6,7101.6,6534.6389,2106288.912,1397736.912
603236.SH,20201215,198.0,201.49,195.0,198.2,198.07,0.13,0.0656,12751.53,253005.23,198.2,1.7956,1.9514,0.84,143.3132,118.0951,11.7674,5.136,3.8685,,0.2102,10701.6,7101.6,6534.6389,2121057.12,1407537.12
603236.SH,20201214,191.96,198.54,191.39,198.07,192.0,6.07,3.1615,15434.97,303276.813,198.07,2.1734,2.362,1.14,143.2192,118.0177,11.7597,5.1327,3.8659,,0.2104,10701.6,7101.6,6534.6389,2119665.912,1406613.912
603236.SH,20201211,194.56,197.88,190.0,192.0,194.28,-2.28,-1.1736,20016.77,388753.142,192.0,2.8186,3.0632,1.78,138.8302,114.4009,11.3993,4.9754,3.7474,,0.217,10701.6,7101.6,6534.6389,2054707.2,1363507.2
603236.SH,20201210,190.79,194.86,190.11,194.28,190.41,3.87,2.0325,14862.87,287966.132,194.28,2.0929,2.2745,1.56,140.4788,115.7594,11.5346,5.0345,3.7919,,0.2145,10701.6,7101.6,6534.6389,2079106.848,1379698.848
603236.SH,20201209,187.0,194.88,187.0,190.41,187.11,3.3,1.7637,18850.91,364006.838,190.41,2.6545,2.8848,2.6,137.6805,113.4536,11.3049,4.9342,3.7164,,0.2188,10701.6,7101.6,6534.6389,2037691.656,1352215.656
603236.SH,20201208,190.0,190.0,185.62,187.11,189.5,-2.39,-1.2612,6367.55,119461.765,187.11,0.8966,0.9744,0.78,135.2944,111.4873,11.109,4.8487,3.652,,0.2227,10701.6,7101.6,6534.6389,2002376.376,1328780.376
603236.SH,20201207,187.66,190.24,187.0,189.5,188.38,1.12,0.5945,7809.96,147773.274,189.5,1.0997,1.1952,0.9,137.0225,112.9113,11.2509,4.9106,3.6986,,0.2199,10701.6,7101.6,6534.6389,2027953.2,1345753.2
603236.SH,20201204,187.9,188.65,184.3,188.38,185.66,2.72,1.465,8240.52,154108.684,188.38,1.1604,1.2611,0.97,136.2127,112.244,11.1844,4.8816,3.6768,,0.2212,10701.6,7101.6,6534.6389,2015967.408,1337799.408
603236.SH,20201203,186.01,188.5,182.09,185.66,186.01,-0.35,-0.1882,6377.37,118278.417,185.66,0.898,0.9759,0.72,134.2459,110.6233,11.0229,4.8111,3.6237,,0.2244,10701.6,7101.6,6534.6389,1986859.056,1318483.056
603236.SH,20201202,186.82,188.87,184.8,186.01,187.56,-1.55,-0.8264,7495.83,139652.602,186.01,1.0555,1.1471,0.79,134.499,110.8319,11.0436,4.8202,3.6305,,0.224,10701.6,7101.6,6534.6389,1990604.616,1320968.616
603236.SH,20201201,180.01,187.67,179.5,187.56,180.9,6.66,3.6816,10990.0,203137.578,187.56,1.5475,1.6818,1.27,135.6197,111.7554,11.1357,4.8603,3.6608,,0.2222,10701.6,7101.6,6534.6389,2007192.096,1331976.096
603236.SH,20201130,180.71,182.0,178.31,180.9,180.3,0.6,0.3328,10223.18,184022.049,180.9,1.4396,1.5645,1.24,130.8041,107.7871,10.7403,4.6877,3.5308,,0.2303,10701.6,7101.6,6534.6389,1935919.44,1284679.44
603236.SH,20201127,181.55,184.5,179.57,180.3,181.36,-1.06,-0.5845,7434.28,134608.12,180.3,1.0468,1.1377,0.93,130.3702,107.4296,10.7046,4.6722,3.5191,,0.2311,10701.6,7101.6,6534.6389,1929498.48,1280418.48
603236.SH,20201126,183.1,186.0,180.99,181.36,183.28,-1.92,-1.0476,7842.44,142925.834,181.36,1.1043,1.2001,1.01,131.1367,108.0612,10.7676,4.6997,3.5398,,0.2297,10701.6,7101.6,6534.6389,1940842.176,1287946.176
603236.SH,20201125,187.65,187.88,181.63,183.28,187.75,-4.47,-2.3808,10887.37,200875.295,183.28,1.5331,1.6661,1.57,132.525,109.2052,10.8816,4.7494,3.5772,,0.2273,10701.6,7101.6,6534.6389,1961389.248,1301581.248
603236.SH,20201124,190.02,192.44,186.6,187.75,190.35,-2.6,-1.3659,7034.18,133292.524,187.75,0.9905,1.0764,0.94,135.7571,111.8686,11.147,4.8653,3.6645,,0.2219,10701.6,7101.6,6534.6389,2009225.4,1333325.4
603236.SH,20201123,190.28,190.99,188.1,190.35,187.85,2.5,1.3308,7936.38,150561.269,190.35,1.1175,1.2145,0.97,137.6371,113.4178,11.3013,4.9326,3.7152,,0.2189,10701.6,7101.6,6534.6389,2037049.56,1351789.56
603236.SH,20201120,186.26,190.5,186.26,187.85,187.29,0.56,0.299,6403.36,120645.266,187.85,0.9017,0.9799,0.73,135.8294,111.9282,11.1529,4.8678,3.6664,,0.2218,10701.6,7101.6,6534.6389,2010295.56,1334035.56
603236.SH,20201119,185.15,188.4,181.5,187.29,185.15,2.14,1.1558,6372.67,118692.543,187.29,0.8974,0.9752,0.66,135.4245,111.5945,11.1196,4.8533,3.6555,,0.2225,10701.6,7101.6,6534.6389,2004302.664,1330058.664
603236.SH,20201118,186.01,188.99,185.0,185.15,187.3,-2.15,-1.1479,6930.7,129106.185,185.15,0.9759,1.0606,0.59,133.8771,110.3194,10.9926,4.7979,3.6137,,0.225,10701.6,7101.6,6534.6389,1981401.24,1314861.24
603236.SH,20201117,187.96,189.0,184.08,187.3,188.5,-1.2,-0.6366,9588.2,178551.887,187.3,1.3501,1.4673,0.74,135.4317,111.6005,11.1202,4.8536,3.6557,,0.2225,10701.6,7101.6,6534.6389,2004409.68,1330129.68
603236.SH,20201116,184.86,188.99,182.0,188.5,184.04,4.46,2.4234,11816.65,219865.054,188.5,1.6639,1.8083,0.86,136.2994,112.3155,11.1915,4.8847,3.6791,,0.221,10701.6,7101.6,6534.6389,2017251.6,1338651.6
603236.SH,20201113,180.0,186.37,179.01,184.04,181.24,2.8,1.5449,9218.59,169148.107,184.04,1.2981,1.4107,0.6,133.0745,109.6581,10.9267,4.7691,3.5921,,0.2264,10701.6,7101.6,6534.6389,1969522.464,1306978.464
603236.SH,20201112,184.01,184.86,180.2,181.24,181.35,-0.11,-0.0607,10951.4,198940.277,181.24,1.5421,1.6759,0.62,131.0499,107.9897,10.7604,4.6966,3.5374,,0.2299,10701.6,7101.6,6534.6389,1939557.984,1287093.984
603236.SH,20201111,191.0,192.19,181.01,181.35,192.35,-11.0,-5.7187,16687.31,309809.425,181.35,2.3498,2.5537,1.08,131.1294,108.0553,10.767,4.6994,3.5396,,0.2298,10701.6,7101.6,6534.6389,1940735.16,1287875.16
603236.SH,20201110,200.0,200.0,191.02,192.35,200.79,-8.44,-4.2034,16036.79,312590.514,192.35,2.2582,2.4541,1.1,139.0833,114.6095,11.4201,4.9845,3.7543,,0.2166,10701.6,7101.6,6534.6389,2058452.76,1365992.76
603236.SH,20201109,198.53,205.37,198.16,200.79,197.0,3.79,1.9239,15552.14,314086.271,200.79,2.1899,2.3829,1.08,145.186,119.6384,11.9212,5.2032,3.919,,0.2075,10701.6,7101.6,6526.6389,2148774.264,1425930.264
603236.SH,20201106,194.2,197.6,192.0,197.0,195.0,2.0,1.0256,17193.97,335762.034,197.0,2.4211,2.6344,1.12,142.4456,117.3801,11.6961,5.105,3.845,,0.2115,10701.6,7101.6,6526.6389,2108215.2,1399015.2
603236.SH,20201105,184.01,196.88,181.22,195.0,182.5,12.5,6.8493,22331.33,423537.944,195.0,3.1445,3.4216,1.62,140.9994,116.1884,11.5774,5.0531,3.806,,0.2137,10701.6,7101.6,6526.6389,2086812.0,1384812.0
603236.SH,20201104,184.42,185.88,181.88,182.5,184.42,-1.92,-1.0411,5947.8,108879.468,182.5,0.8375,0.9113,0.43,131.961,108.7405,10.8353,4.7292,3.562,,0.2283,10701.6,7101.6,6526.6389,1953042.0,1296042.0
603236.SH,20201103,182.1,186.79,180.95,184.42,180.88,3.54,1.9571,11813.71,218401.235,184.42,1.6635,1.8101,0.92,133.3493,109.8845,10.9492,4.779,3.5995,,0.2259,10701.6,7101.6,6526.6389,1973589.072,1309677.072
603236.SH,20201102,181.76,183.88,177.08,180.88,183.05,-2.17,-1.1855,14501.62,261707.904,180.88,2.042,2.2219,1.21,130.7896,107.7752,10.7391,4.6872,3.5304,,0.2304,10701.6,7101.6,6526.6389,1935705.408,1284537.408
603236.SH,20201030,181.0,188.65,180.5,183.05,175.19,7.86,4.4866,22501.35,414681.78,183.05,3.1685,3.1685,2.44,132.3587,109.0682,10.8679,4.7435,3.5728,,0.2276,10701.6,7101.6,7101.6,1958927.88,1299947.88
603236.SH,20201029,174.0,176.95,170.0,175.19,178.83,-3.64,-2.0355,14093.32,245293.489,175.19,1.9845,1.9845,1.78,126.6753,134.4505,10.7461,4.5398,3.8113,,0.2378,10701.6,7101.6,7101.6,1874813.304,1244129.304
603236.SH,20201028,179.31,180.24,176.8,178.83,179.31,-0.48,-0.2677,6324.35,112784.724,178.83,0.8906,0.8906,0.75,129.3073,137.2441,10.9694,4.6341,3.8905,,0.233,10701.6,7101.6,7101.6,1913767.128,1269979.128
603236.SH,20201027,176.17,179.97,175.05,179.31,176.17,3.14,1.7824,6444.95,115185.952,179.31,0.9075,0.9075,0.7,129.6544,137.6124,10.9988,4.6465,3.901,,0.2324,10701.6,7101.6,7101.6,1918903.896,1273387.896
603236.SH,20201026,179.0,179.0,173.2,176.17,179.69,-3.52,-1.9589,10578.97,186271.687,176.17,1.4897,1.4897,0.94,127.3839,135.2026,10.8062,4.5652,3.8327,,0.2365,10701.6,7101.6,7101.6,1885300.872,1251088.872
603236.SH,20201023,183.0,183.99,179.58,179.69,182.78,-3.09,-1.6906,8717.61,157825.923,179.69,1.2276,1.2276,0.57,129.9291,137.9041,11.0221,4.6564,3.9092,,0.2319,10701.6,7101.6,7101.6,1922970.504,1276086.504
603236.SH,20201022,182.51,184.16,180.85,182.78,183.5,-0.72,-0.3924,7460.16,135670.458,182.78,1.0505,1.0505,0.49,132.1634,140.2755,11.2117,4.7365,3.9765,,0.228,10701.6,7101.6,7101.6,1956038.448,1298030.448
603236.SH,20201021,186.0,186.5,182.3,183.5,185.36,-1.86,-1.0035,8793.24,161690.451,183.5,1.2382,1.2382,0.56,132.6841,140.8281,11.2558,4.7551,3.9921,,0.2271,10701.6,7101.6,7101.6,1963743.6,1303143.6
603236.SH,20201020,185.88,186.55,182.66,185.36,186.59,-1.23,-0.6592,10686.09,196564.589,185.36,1.5047,1.5047,0.69,134.029,142.2555,11.3699,4.8033,4.0326,,0.2248,10701.6,7101.6,7101.6,1983648.576,1316352.576
603236.SH,20201019,191.86,192.48,182.36,186.59,190.68,-4.09,-2.145,20794.86,386220.14,186.59,2.9282,2.9282,1.47,134.9184,143.1995,11.4454,4.8352,4.0593,,0.2233,10701.6,7101.6,7101.6,1996811.544,1325087.544
603236.SH,20201016,207.0,207.0,189.4,190.68,205.32,-14.64,-7.1303,28280.73,548912.066,190.68,3.9823,3.9823,2.7,137.8757,146.3384,11.6963,4.9412,4.1483,,0.2185,10701.6,7101.6,7101.6,2040581.088,1354133.088
603236.SH,20201015,206.0,207.82,203.16,205.32,205.3,0.02,0.0097,8252.25,169065.656,205.32,1.162,1.162,0.74,148.4615,157.5739,12.5943,5.3206,4.4668,,0.2029,10701.6,7101.6,7101.6,2197252.512,1458100.512
603236.SH,20201014,205.1,210.0,204.11,205.3,207.16,-1.86,-0.8979,10713.92,221166.323,205.3,1.5087,1.5087,0.92,148.4471,157.5586,12.593,5.32,4.4664,,0.203,10701.6,7101.6,7101.6,2197038.48,1457958.48
603236.SH,20201013,207.64,210.36,204.02,207.16,207.18,-0.02,-0.0097,9925.6,205354.549,207.16,1.3977,1.3977,0.79,149.792,158.9861,12.7071,5.3682,4.5069,,0.2011,10701.6,7101.6,7101.6,2216943.456,1471167.456
603236.SH,20201012,201.5,208.5,201.1,207.18,201.53,5.65,2.8036,13519.04,278023.106,207.18,1.9037,1.9037,1.17,149.8064,159.0014,12.7084,5.3688,4.5073,,0.2011,10701.6,7101.6,7101.6,2217157.488,1471309.488
603236.SH,20201009,203.88,204.5,200.0,201.53,198.72,2.81,1.414,10047.57,202989.418,201.53,1.4148,1.4148,0.9,145.7211,154.6653,12.3618,5.2223,4.3844,,0.2068,10701.6,7101.6,7101.6,2156693.448,1431185.448
603236.SH,20200930,194.0,199.78,193.05,198.72,191.95,6.77,3.527,11582.48,228266.165,198.72,1.631,1.631,1.14,143.6892,152.5087,12.1894,5.1495,4.3232,,0.2097,10701.6,7101.6,7101.6,2126621.952,1411229.952
603236.SH,20200929,188.96,194.95,187.88,191.95,187.63,4.32,2.3024,12899.63,247582.146,191.95,1.8164,1.8164,1.4,138.794,147.3131,11.7742,4.9741,4.176,,0.2171,10701.6,7101.6,7101.6,2054172.12,1363152.12
603236.SH,20200928,191.9,195.37,186.62,187.63,194.6,-6.97,-3.5817,14606.07,276814.481,187.63,2.0567,2.0567,1.84,135.6703,143.9977,11.5092,4.8621,4.082,,0.2221,10701.6,7101.6,7101.6,2007941.208,1332473.208
603236.SH,20200925,197.84,199.69,193.58,194.6,198.31,-3.71,-1.8708,8677.88,169336.069,194.6,1.222,1.222,1.01,140.7102,149.3468,11.9367,5.0428,4.2336,,0.2141,10701.6,7101.6,7101.6,2082531.36,1381971.36
603236.SH,20200924,199.75,202.46,197.0,198.31,200.3,-1.99,-0.9935,7934.63,157982.714,198.31,1.1173,1.1173,0.89,143.3928,152.1941,12.1643,5.1389,4.3143,,0.2101,10701.6,7101.6,7101.6,2122234.296,1408318.296
603236.SH,20200923,198.31,200.5,196.0,200.3,196.95,3.35,1.7009,6751.97,134400.44,200.3,0.9508,0.9508,0.78,144.8317,153.7213,12.2863,5.1905,4.3576,,0.208,10701.6,7101.6,7101.6,2143530.48,1422450.48
603236.SH,20200922,197.66,203.34,196.06,196.95,199.71,-2.76,-1.382,8207.8,164316.721,196.95,1.1558,1.1558,0.96,142.4094,151.1503,12.0809,5.1037,4.2847,,0.2116,10701.6,7101.6,7101.6,2107680.12,1398660.12
603236.SH,20200921,199.0,200.5,196.6,199.71,197.68,2.03,1.0269,8037.82,160226.335,199.71,1.1318,1.1318,0.86,144.4051,153.2685,12.2502,5.1752,4.3448,,0.2086,10701.6,7101.6,7101.6,2137216.536,1418260.536
603236.SH,20200918,193.8,198.38,193.6,197.68,194.25,3.43,1.7658,12102.67,238863.077,197.68,1.7042,1.7042,1.39,142.9372,151.7106,12.1256,5.1226,4.3006,,0.2108,10701.6,7101.6,7101.6,2115492.288,1403844.288
603236.SH,20200917,193.67,197.41,190.01,194.25,194.36,-0.11,-0.0566,9303.27,180204.742,194.25,1.31,1.31,0.94,140.4571,149.0782,11.9152,5.0337,4.226,,0.2145,10701.6,7101.6,7101.6,2078785.8,1379485.8
603236.SH,20200916,195.33,196.0,192.72,194.36,193.96,0.4,0.2062,5509.2,107215.086,194.36,0.7758,0.7758,0.46,140.5366,149.1626,11.922,5.0365,4.2284,,0.2144,10701.6,7101.6,7101.6,2079962.976,1380266.976
603236.SH,20200915,195.0,195.2,190.5,193.96,195.2,-1.24,-0.6352,7762.96,149820.855,193.96,1.0931,1.0931,0.45,140.2474,148.8557,11.8975,5.0262,4.2197,,0.2148,10701.6,7101.6,7101.6,2075682.336,1377426.336
603236.SH,20200914,192.1,198.66,191.0,195.2,192.0,3.2,1.6667,12234.64,238216.895,195.2,1.7228,1.7228,0.5,141.144,149.8073,11.9735,5.0583,4.2467,,0.2135,10701.6,7101.6,7101.6,2088952.32,1386232.32
603236.SH,20200911,186.02,192.22,186.02,192.0,188.01,3.99,2.1222,8639.23,164329.772,192.0,1.2165,1.2165,0.3,138.8302,147.3514,11.7772,4.9754,4.177,,0.217,10701.6,7101.6,7101.6,2054707.2,1363507.2
603236.SH,20200910,192.8,194.49,185.49,188.01,189.8,-1.79,-0.9431,15248.18,289761.643,188.01,2.1471,2.1471,0.47,135.9451,144.2893,11.5325,4.872,4.0902,,0.2216,10701.6,7101.6,7101.6,2012007.816,1335171.816
603236.SH,20200909,194.0,194.97,189.0,189.8,195.07,-5.27,-2.7016,16188.4,310105.072,189.8,2.2795,2.2795,0.42,137.2394,145.663,11.6423,4.9184,4.1292,,0.2195,10701.6,7101.6,7101.6,2031163.68,1347883.68
603236.SH,20200908,201.0,204.99,190.05,195.07,205.33,-10.26,-4.9968,33818.35,663299.434,195.07,4.7621,4.7621,0.99,141.05,149.7075,11.9655,5.0549,4.2438,,0.2136,10701.6,7101.6,7101.6,2087561.112,1385309.112
603236.SH,20200907,225.86,228.0,205.33,205.33,228.14,-22.81,-9.9982,49548.38,1048791.404,205.33,6.9771,6.9771,1.75,148.4688,157.5816,12.5949,5.3208,4.467,,0.2029,10701.6,7101.6,7101.6,2197359.528,1458171.528
603236.SH,20200904,225.6,231.88,220.0,228.14,227.8,0.34,0.1493,27304.98,617851.111,228.14,3.8449,3.8449,1.04,164.9621,175.0873,13.994,5.9119,4.9633,,0.1826,10701.6,7101.6,7101.6,2441463.024,1620159.024
603236.SH,20200903,227.0,236.65,226.11,227.8,226.05,1.75,0.7742,35693.42,825434.024,227.8,5.0261,5.0261,1.57,164.7162,174.8263,13.9732,5.9031,4.9559,,0.1829,10701.6,7101.6,7101.6,2437824.48,1617744.48
603236.SH,20200902,208.9,226.05,208.9,226.05,205.5,20.55,10.0,44448.38,976723.484,226.05,6.2589,6.2589,2.37,163.4508,173.4833,13.8658,5.8577,4.9178,,0.1843,10701.6,7101.6,7101.6,2419096.68,1605316.68
603236.SH,20200901,205.0,209.27,200.1,205.5,208.57,-3.07,-1.4719,14245.29,291168.107,205.5,2.0059,2.0059,0.63,148.5917,157.7121,12.6053,5.3252,4.4707,,0.2028,10701.6,7101.6,7101.6,2199178.8,1459378.8
603236.SH,20200831,217.2,218.0,208.57,208.57,215.8,-7.23,-3.3503,19884.17,422785.031,208.57,2.8,2.8,0.96,150.8115,160.0682,12.7936,5.4048,4.5375,,0.1998,10701.6,7101.6,7101.6,2232032.712,1481180.712
603236.SH,20200828,213.0,217.88,213.0,215.8,214.5,1.3,0.6061,17450.96,376209.958,215.8,2.4573,2.4573,0.93,156.0393,165.6169,13.2371,5.5921,4.6948,,0.1931,10701.6,7101.6,7101.6,2309405.28,1532525.28
603236.SH,20200827,213.0,216.39,210.12,214.5,212.89,1.61,0.7563,17713.69,380144.539,214.5,2.4943,2.4943,1.0,155.0993,164.6192,13.1574,5.5584,4.6665,,0.1943,10701.6,7101.6,7101.6,2295493.2,1523293.2
603236.SH,20200826,210.99,216.5,207.4,212.89,209.8,3.09,1.4728,24346.28,518445.893,212.89,3.4283,3.4283,1.55,153.9352,163.3836,13.0586,5.5167,4.6315,,0.1957,10701.6,7101.6,7101.6,2278263.624,1511859.624
603236.SH,20200825,207.1,216.99,207.1,209.8,202.9,6.9,3.4007,33066.24,704420.732,209.8,4.6562,4.6562,2.81,151.7009,161.0121,12.8691,5.4366,4.5643,,0.1986,10701.6,7101.6,7101.6,2245195.68,1489915.68
603236.SH,20200824,201.0,202.98,196.51,202.9,199.48,3.42,1.7145,10478.99,210512.675,202.9,1.4756,1.4756,0.68,146.7117,156.7762,12.7225,5.2578,4.9126,,0.2054,10701.6,7101.6,7101.6,2171354.64,1440914.64
603236.SH,20200821,200.85,203.91,197.42,199.48,199.19,0.29,0.1456,8569.67,171840.43,199.48,1.2067,1.2067,0.52,144.2388,154.1336,12.508,5.1692,4.8298,,0.2089,10701.6,7101.6,7101.6,2134755.168,1416627.168
603236.SH,20200820,205.0,206.26,197.7,199.19,205.0,-5.81,-2.8341,11855.34,238301.075,199.19,1.6694,1.6694,0.75,144.0291,153.9095,12.4899,5.1617,4.8228,,0.2092,10701.6,7101.6,7101.6,2131651.704,1414567.704
603236.SH,20200819,211.8,214.53,204.26,205.0,211.8,-6.8,-3.2106,14474.94,300888.397,205.0,2.0383,2.0383,0.85,148.2301,158.3988,12.8542,5.3123,4.9634,,0.2033,10701.6,7101.6,7101.6,2193828.0,1455828.0
603236.SH,20200818,213.21,213.3,208.53,211.8,212.54,-0.74,-0.3482,13545.96,285669.032,211.8,1.9075,1.9075,0.78,153.147,163.653,13.2806,5.4885,5.1281,,0.1967,10701.6,7101.6,7101.6,2266598.88,1504118.88
603236.SH,20200817,210.0,215.5,204.8,212.54,206.81,5.73,2.7707,28238.48,596149.192,212.54,3.9764,3.9764,1.76,153.6821,164.2248,13.327,5.5076,5.146,,0.196,10701.6,7101.6,7101.6,2274518.064,1509374.064
603236.SH,20200814,201.9,207.8,200.01,206.81,200.0,6.81,3.405,13978.25,286430.285,206.81,1.9683,1.9683,0.78,149.5389,159.7973,12.9677,5.3592,5.0073,,0.2015,10701.6,7101.6,7101.6,2213197.896,1468681.896
603236.SH,20200813,201.72,203.0,198.52,200.0,200.7,-0.7,-0.3488,9231.78,185178.141,200.0,1.3,1.3,0.44,144.6148,154.5354,12.5407,5.1827,4.8424,,0.2083,10701.6,7101.6,7101.6,2140320.0,1420320.0
603236.SH,20200812,203.96,208.9,195.0,200.7,206.5,-5.8,-2.8087,20450.22,408798.485,200.7,2.8797,2.8797,0.84,145.1209,155.0763,12.5845,5.2008,4.8593,,0.2076,10701.6,7101.6,7101.6,2147811.12,1425291.12
603236.SH,20200811,210.0,214.8,206.11,206.5,209.69,-3.19,-1.5213,15328.32,322485.64,206.5,2.1584,2.1584,0.51,149.3148,159.5578,12.9482,5.3511,4.9998,,0.2018,10701.6,7101.6,7101.6,2209880.4,1466480.4
603236.SH,20200810,212.56,215.5,204.5,209.69,214.09,-4.4,-2.0552,21245.75,443090.535,209.69,2.9917,2.9917,0.68,151.6214,162.0226,13.1482,5.4338,5.077,,0.1987,10701.6,7101.6,7101.6,2244018.504,1489134.504
603236.SH,20200807,216.41,220.43,207.0,214.09,217.99,-3.9,-1.7891,23758.37,508471.021,214.09,3.3455,3.3455,0.77,154.8029,165.4224,13.4241,5.5478,5.1835,,0.1946,10701.6,7101.6,7101.6,2291105.544,1520381.544
603236.SH,20200806,215.5,220.38,213.88,217.99,218.3,-0.31,-0.142,23616.94,513086.298,217.99,3.3256,3.3256,0.78,157.6229,168.4359,13.6687,5.6489,5.278,,0.1911,10701.6,7101.6,7101.6,2332841.784,1548077.784
603236.SH,20200805,209.0,222.0,208.88,218.3,210.35,7.95,3.7794,37548.28,812248.497,218.3,5.2873,5.2873,1.42,157.847,168.6754,13.6881,5.6569,5.2855,,0.1909,10701.6,7101.6,7101.6,2336159.28,1550279.28
603236.SH,20200804,202.01,220.0,199.09,210.35,200.0,10.35,5.175,43045.06,897815.29,210.35,6.0613,6.0613,2.0,152.0986,162.5326,13.1896,5.4509,5.093,,0.1981,10701.6,7101.6,7101.6,2251081.56,1493821.56
603236.SH,20200803,198.98,202.7,198.0,200.0,196.36,3.64,1.8537,28497.59,570507.537,200.0,4.0128,4.0128,1.5,144.6148,154.5354,12.5407,5.1827,4.8424,,0.2083,10701.6,7101.6,7101.6,2140320.0,1420320.0
603236.SH,20200731,197.65,199.98,193.91,196.36,197.59,-1.23,-0.6225,21698.08,426542.964,196.36,3.0554,3.0554,1.17,141.9828,151.7229,12.3124,5.0884,4.7543,,0.2122,10701.6,7101.6,7101.6,2101366.176,1394470.176
603236.SH,20200730,202.3,203.5,197.59,197.59,200.32,-2.73,-1.3628,20733.29,413980.629,197.59,2.9195,2.9195,1.19,142.8722,152.6733,12.3895,5.1202,4.784,,0.2109,10701.6,7101.6,7101.6,2114529.144,1403205.144
603236.SH,20200729,194.4,201.26,194.33,200.32,194.4,5.92,3.0453,18669.46,372193.233,200.32,2.6289,2.6289,1.03,144.8462,154.7827,12.5607,5.191,4.8501,,0.208,10701.6,7101.6,7101.6,2143744.512,1422592.512
603236.SH,20200728,189.0,197.68,189.0,194.4,187.0,7.4,3.9572,17842.64,345310.086,194.4,2.5125,2.5125,0.94,140.5656,150.2084,12.1895,5.0376,4.7068,,0.2143,10701.6,7101.6,7101.6,2080391.04,1380551.04
603236.SH,20200727,194.49,194.8,185.92,187.0,190.0,-3.0,-1.5789,15845.6,299502.598,187.0,2.2313,2.2313,0.68,135.2148,144.4906,11.7255,4.8458,4.5276,,0.2228,10701.6,7101.6,7101.6,2001199.2,1327999.2
603236.SH,20200724,199.88,199.88,185.44,190.0,199.88,-9.88,-4.943,19321.02,371047.669,190.0,2.7207,2.951,0.64,137.384,146.8086,11.9136,4.9236,4.6003,,0.2193,10701.6,7101.6,6547.2,2033304.0,1349304.0
603236.SH,20200723,200.01,201.92,194.01,199.88,201.12,-1.24,-0.6165,15365.25,304223.828,199.88,2.1636,2.3468,0.41,144.528,154.4427,12.5331,5.1796,4.8395,,0.2085,10701.6,7101.6,6547.2,2139035.808,1419467.808
603236.SH,20200722,194.8,204.99,194.0,201.12,196.0,5.12,2.6122,22483.25,453590.908,201.12,3.1659,3.434,0.61,145.4246,155.4008,12.6109,5.2117,4.8695,,0.2072,10701.6,7101.6,6547.2,2152305.792,1428273.792
603236.SH,20200721,199.69,202.0,195.96,196.0,199.2,-3.2,-1.6064,21880.73,436105.672,196.0,3.0811,3.342,0.61,141.7225,151.4447,12.2898,5.079,4.7455,,0.2126,10701.6,7101.6,6547.2,2097513.6,1391913.6
603236.SH,20200720,189.93,201.46,189.11,199.2,193.9,5.3,2.7334,37582.68,743685.153,199.2,5.2921,5.7403,1.17,144.0363,153.9173,12.4905,5.162,4.823,,0.2092,10701.6,7101.6,6547.2,2131758.72,1414638.72
603236.SH,20200717,185.0,195.02,177.32,193.9,197.02,-3.12,-1.5836,53648.32,977074.615,193.9,7.5544,8.1941,2.19,140.204,149.8221,12.1582,5.0246,4.6947,,0.2149,10701.6,7101.6,6547.2,2075040.24,1377000.24
603236.SH,20200716,206.5,209.5,197.02,197.02,218.91,-21.89,-9.9995,50903.16,1036495.705,197.02,7.1678,7.7748,2.9,142.46,152.2328,12.3538,5.1055,4.7702,,0.2115,10701.6,7101.6,6547.2,2108429.232,1399157.232
603236.SH,20200715,218.02,226.88,212.0,218.91,219.78,-0.87,-0.3959,20129.9,445258.985,218.91,7.5224,7.5224,1.26,158.2881,169.1467,13.7264,5.6727,5.3002,,0.1903,10701.6,2676.0,2676.0,2342687.256,585803.16
603236.SH,20200714,224.27,231.3,216.11,219.78,226.99,-7.21,-3.1764,16817.51,374101.809,219.78,6.2846,6.2846,1.04,158.9172,169.819,13.7809,5.6953,5.3213,,0.1896,10701.6,2676.0,2676.0,2351997.648,588131.28
603236.SH,20200713,227.02,229.0,219.26,226.99,229.56,-2.57,-1.1195,18457.71,414501.307,226.99,6.8975,6.8975,1.1,164.1305,175.39,14.233,5.8821,5.4959,,0.1836,10701.6,2676.0,2676.0,2429156.184,607425.24
603236.SH,20200710,222.1,234.85,219.25,229.56,225.0,4.56,2.0267,16431.05,374930.266,229.56,6.1402,6.1402,1.04,165.9888,177.3757,14.3942,5.9487,5.5581,,0.1815,10701.6,2676.0,2676.0,2456659.296,614302.56
603236.SH,20200709,220.0,232.32,219.11,225.0,220.4,4.6,2.0871,15874.19,357952.159,225.0,5.9321,5.9321,1.05,162.6916,173.8523,14.1082,5.8305,5.4477,,0.1852,10701.6,2676.0,2676.0,2407860.0,602100.0
603236.SH,20200708,220.0,224.9,216.0,220.4,221.01,-0.61,-0.276,12522.73,274623.712,220.4,4.6796,4.6796,0.79,159.3655,170.298,13.8198,5.7113,5.3363,,0.1891,10701.6,2676.0,2676.0,2358632.64,589790.4
603236.SH,20200707,217.7,225.79,215.2,221.01,217.69,3.32,1.5251,17561.0,388690.228,221.01,6.5624,6.5624,1.07,159.8066,170.7693,13.8581,5.7271,5.3511,,0.1885,10701.6,2676.0,2676.0,2365160.616,591422.76
603236.SH,20200706,205.99,220.1,203.88,217.69,202.42,15.27,7.5437,21261.73,449913.252,217.69,7.9453,7.9453,1.5,157.4059,168.2041,13.6499,5.6411,5.2707,,0.1914,10701.6,2676.0,2676.0,2329631.304,582538.44
603236.SH,20200703,202.43,203.76,197.0,202.42,201.36,1.06,0.5264,12046.97,241470.922,202.42,4.5019,4.5019,0.82,146.3646,156.4053,12.6924,5.2454,4.901,,0.2058,10701.6,2676.0,2676.0,2166217.872,541675.92
603236.SH,20200702,206.99,206.99,201.11,201.36,203.99,-2.63,-1.2893,12523.53,254198.117,201.36,4.6799,4.6799,0.78,145.5982,155.5862,12.6259,5.2179,4.8753,,0.2069,10701.6,2676.0,2676.0,2154874.176,538839.36
603236.SH,20200701,209.9,212.95,201.0,203.99,208.0,-4.01,-1.9279,16284.84,335806.329,203.99,6.0855,6.0855,1.04,147.4998,157.6184,12.7908,5.2861,4.939,,0.2043,10701.6,2676.0,2676.0,2183019.384,545877.24
603236.SH,20200630,193.61,210.0,193.61,208.0,193.0,15.0,7.772,19895.96,406392.219,208.0,7.435,7.435,1.17,150.3994,160.7168,13.0423,5.39,5.0361,,0.2003,10701.6,2676.0,2676.0,2225932.8,556608.0
603236.SH,20200629,195.01,196.58,191.24,193.0,196.99,-3.99,-2.0255,10255.16,198592.831,193.0,3.8323,3.8323,0.56,139.5533,149.1267,12.1017,5.0013,4.6729,,0.2159,10701.6,2676.0,2676.0,2065408.8,516468.0
603236.SH,20200624,193.18,198.14,191.3,196.99,194.45,2.54,1.3062,14212.72,277782.24,196.99,5.3112,5.3112,0.71,142.4383,152.2096,12.3519,5.1047,4.7695,,0.2115,10701.6,2676.0,2676.0,2108108.184,527145.24
603236.SH,20200623,187.0,194.49,184.5,194.45,189.35,5.1,2.6934,19183.59,363620.281,194.45,7.1688,7.1688,0.95,140.6017,150.247,12.1927,5.0389,4.708,,0.2143,10701.6,2676.0,2676.0,2080926.12,520348.2
603236.SH,20200622,187.5,192.91,186.0,189.35,187.06,2.29,1.2242,15070.59,284638.907,189.35,5.6318,5.6318,0.75,136.914,146.3064,11.8729,4.9067,4.5845,,0.2201,10701.6,2676.0,2676.0,2026347.96,506700.6
603236.SH,20200619,176.0,190.0,174.1,187.06,176.83,10.23,5.7852,26352.41,483895.989,187.06,9.8477,9.8477,1.52,135.2582,144.537,11.7293,4.8474,4.5291,,0.2227,10701.6,2676.0,2676.0,2001841.296,500572.56
603236.SH,20200618,176.0,178.56,173.61,176.83,175.7,1.13,0.6431,16260.62,286048.671,176.83,6.0765,6.0765,0.98,127.8612,136.6325,11.0878,4.5823,4.2814,,0.2356,10701.6,2676.0,2676.0,1892363.928,473197.08
603236.SH,20200617,184.99,185.82,172.8,175.7,184.42,-8.72,-4.7283,23709.25,419217.318,175.7,8.86,8.86,1.74,127.0441,135.7594,11.017,4.553,4.254,,0.2371,10701.6,2676.0,2676.0,1880271.12,470173.2
603236.SH,20200616,190.0,195.0,182.67,184.42,185.83,-1.41,-0.7588,19980.09,374742.861,184.42,7.4664,7.4664,1.71,133.3493,142.4971,11.5637,4.779,4.4652,,0.2259,10701.6,2676.0,2676.0,1973589.072,493507.92
603236.SH,20200615,193.76,199.5,185.34,185.83,195.88,-10.05,-5.1307,14799.67,282838.371,185.83,5.5305,5.5305,1.27,134.3688,143.5866,11.6521,4.8155,4.4993,,0.2242,10701.6,2676.0,2676.0,1988678.328,497281.08
603236.SH,20200612,192.12,198.0,191.66,195.88,198.0,-2.12,-1.0707,11901.41,232128.906,195.88,4.4475,4.4475,0.97,141.6357,151.352,12.2823,5.0759,4.7426,,0.2127,10701.6,2676.0,2676.0,2096229.408,524174.88
603236.SH,20200611,200.9,201.8,196.1,198.0,202.5,-4.5,-2.2222,12548.59,249185.898,198.0,4.6893,4.6893,1.05,143.1686,152.99,12.4152,5.1309,4.794,,0.2104,10701.6,2676.0,2676.0,2118916.8,529848.0
603236.SH,20200610,204.86,206.83,198.01,202.5,204.58,-2.08,-1.0167,8817.59,177746.49,202.5,3.9541,3.9541,0.71,146.4225,156.4671,12.6974,5.2475,4.9029,,0.2058,10701.6,2230.0,2230.0,2167074.0,451575.0
603236.SH,20200609,243.56,247.88,242.17,246.0,244.54,1.46,0.597,10338.48,253979.322,246.0,4.6361,4.6361,0.83,148.2301,158.3988,12.5269,5.3123,4.9634,0.0,,8918.0,2230.0,2230.0,2193828.0,548580.0
603236.SH,20200608,238.87,248.0,235.02,244.54,238.66,5.88,2.4638,14878.45,360409.726,244.54,6.672,6.672,1.18,147.3504,157.4587,12.4525,5.2807,4.934,0.0,,8918.0,2230.0,2230.0,2180807.72,545324.2
603236.SH,20200605,224.5,239.88,223.5,238.66,223.2,15.46,6.9265,14733.28,345939.895,238.66,6.6069,6.6069,1.08,143.8073,153.6726,12.1531,5.1538,4.8154,0.0,,8918.0,2230.0,2230.0,2128369.88,532211.8
603236.SH,20200604,219.82,228.77,217.56,223.2,218.07,5.13,2.3525,11121.24,249199.197,223.2,4.9871,4.9871,0.77,134.4917,143.7179,11.3659,4.8199,4.5034,0.0,,8918.0,2230.0,2230.0,1990497.6,497736.0
603236.SH,20200603,220.5,225.71,215.67,218.07,220.12,-2.05,-0.9313,10923.53,241598.348,218.07,4.8984,4.8984,0.75,131.4006,140.4147,11.1046,4.7091,4.3999,0.0,,8918.0,2230.0,2230.0,1944748.26,486296.1
603236.SH,20200602,224.99,226.58,217.0,220.12,223.2,-3.08,-1.3799,10505.82,231884.843,220.12,4.7111,4.7111,0.67,132.6358,141.7347,11.209,4.7534,4.4413,0.0,,8918.0,2230.0,2230.0,1963030.16,490867.6
603236.SH,20200601,217.91,225.75,213.46,223.2,215.36,7.84,3.6404,15913.95,350637.875,223.2,7.1363,7.1363,1.02,134.4917,143.7179,11.3659,4.8199,4.5034,0.0,,8918.0,2230.0,2230.0,1990497.6,497736.0
603236.SH,20200529,223.93,223.93,214.0,215.36,226.49,-11.13,-4.9141,19594.2,425546.146,215.36,8.7866,8.7866,1.43,129.7677,138.6698,10.9666,4.6506,4.3452,0.0,,8918.0,2230.0,2230.0,1920580.48,480252.8
603236.SH,20200528,218.47,226.5,216.19,226.49,219.0,7.49,3.4201,14924.72,330888.295,226.49,6.6927,6.6927,1.13,136.4742,145.8363,11.5334,4.8909,4.5698,0.0,,8918.0,2230.0,2230.0,2019837.82,505072.7
603236.SH,20200527,224.81,224.81,215.58,219.0,222.73,-3.73,-1.6747,12312.34,269478.465,219.0,5.5212,5.5212,0.88,131.961,141.0136,11.152,4.7292,4.4187,0.0,,8918.0,2230.0,2230.0,1953042.0,488370.0
603236.SH,20200526,214.7,225.25,213.5,222.73,210.24,12.49,5.9408,15331.28,338173.724,222.73,6.875,6.875,1.08,134.2085,143.4153,11.3419,4.8098,4.4939,0.0,,8918.0,2230.0,2230.0,1986306.14,496687.9
603236.SH,20200525,214.0,215.97,206.9,210.24,217.0,-6.76,-3.1152,15789.04,332424.285,210.24,7.0803,7.0803,1.05,126.6825,135.373,10.7059,4.54,4.2419,0.0,,8918.0,2230.0,2230.0,1874920.32,468835.2
603236.SH,20200522,218.0,221.8,212.39,217.0,217.44,-0.44,-0.2024,10312.45,224218.158,217.0,4.6244,4.6244,0.68,130.7559,139.7258,11.0501,4.686,4.3783,0.0,,8918.0,2230.0,2230.0,1935206.0,483910.0
603236.SH,20200521,225.4,225.4,214.1,217.44,221.77,-4.33,-1.9525,12186.15,264754.298,217.44,5.4646,5.4646,0.85,131.021,140.0091,11.0725,4.6955,4.3872,0.0,,8918.0,2230.0,2230.0,1939129.92,484891.2
603236.SH,20200520,236.9,237.62,220.0,221.77,234.21,-12.44,-5.3115,16506.26,373318.969,221.77,7.4019,7.4019,1.32,133.6301,142.7972,11.293,4.789,4.4746,0.0,,8918.0,2230.0,2230.0,1977744.86,494547.1
603236.SH,20200519,225.06,239.13,223.08,234.21,219.31,14.9,6.794,16183.63,376803.075,234.21,7.2572,7.2572,1.44,141.1259,150.8072,11.9265,5.0577,4.7256,0.0,,8918.0,2230.0,2230.0,2088684.78,522288.3
603236.SH,20200518,232.3,236.0,218.81,219.31,234.5,-15.19,-6.4776,20229.43,459659.066,219.31,9.0715,9.0715,1.94,132.1478,141.2132,11.1678,4.7359,4.4249,0.0,,8918.0,2230.0,2230.0,1955806.58,489061.3
603236.SH,20200515,237.27,240.87,231.75,234.5,234.46,0.04,0.0171,10433.37,245948.05,234.5,4.6786,4.6786,0.85,141.3007,150.994,11.9413,5.0639,4.7314,0.0,,8918.0,2230.0,2230.0,2091271.0,522935.0
603236.SH,20200514,238.0,240.45,234.01,234.46,240.65,-6.19,-2.5722,8175.46,193006.398,234.46,3.6661,3.6661,0.61,141.2766,150.9682,11.9392,5.0631,4.7306,0.0,,8918.0,2230.0,2230.0,2090914.28,522845.8
603236.SH,20200513,236.07,242.0,235.0,240.65,238.0,2.65,1.1134,7327.31,175673.379,240.65,3.2858,3.2858,0.5,145.0064,154.9539,12.2545,5.1967,4.8555,0.0,,8918.0,2230.0,2230.0,2146116.7,536649.5
603236.SH,20200512,233.0,238.0,231.21,238.0,235.0,3.0,1.2766,10102.44,237821.197,238.0,4.5302,4.5302,0.64,143.4096,153.2476,12.1195,5.1395,4.802,0.0,,8918.0,2230.0,2230.0,2122484.0,530740.0
603236.SH,20200511,240.59,242.9,232.22,235.0,240.79,-5.79,-2.4046,16020.2,379718.642,235.0,7.1839,7.1839,1.06,141.602,151.3159,11.9667,5.0747,4.7415,0.0,,8918.0,2230.0,2230.0,2095730.0,524050.0
603236.SH,20200508,224.99,240.79,224.97,240.79,218.9,21.89,10.0,19804.35,468204.008,240.79,8.8809,8.8809,1.31,145.0908,155.0441,12.2616,5.1998,4.8583,0.0,,8918.0,2230.0,2230.0,2147365.22,536961.7
603236.SH,20200507,215.28,221.0,211.0,218.9,213.72,5.18,2.4237,13618.48,294925.553,218.9,6.1069,6.1069,0.82,131.9007,140.9492,11.1469,4.727,4.4167,0.0,,8918.0,2230.0,2230.0,1952150.2,488147.0
603236.SH,20200506,209.44,216.24,209.0,213.72,210.99,2.73,1.2939,14463.0,307545.443,213.72,6.4857,6.4857,0.9,128.7795,137.6138,10.8831,4.6152,4.3121,0.0,,8918.0,2230.0,2230.0,1905954.96,476595.6
603236.SH,20200430,196.0,214.1,196.0,210.99,195.5,15.49,7.9233,15037.16,312107.434,210.99,6.7431,6.7431,0.98,127.1345,135.8559,10.7441,4.5562,4.2571,0.0,,8918.0,2230.0,2230.0,1881608.82,470507.7
603236.SH,20200429,190.2,197.5,190.2,195.5,194.91,0.59,0.3027,12790.97,248806.4,195.5,5.7359,5.7359,0.91,117.8008,125.882,9.9553,4.2217,3.9445,0.0,,8918.0,2230.0,2230.0,1743469.0,435965.0
603236.SH,20200428,185.61,199.0,182.0,194.91,188.44,6.47,3.4335,19802.29,377360.85,194.91,8.88,8.88,1.65,117.4453,117.4453,10.137,4.209,4.209,0.0,,8918.0,2230.0,2230.0,1738207.38,434649.3
603236.SH,20200427,176.46,194.1,171.5,188.44,176.45,11.99,6.7951,20564.25,380808.789,188.44,9.2216,9.2216,2.13,113.5467,113.5467,9.8005,4.0693,4.0693,0.0,,8918.0,2230.0,2230.0,1680507.92,420221.2
603236.SH,20200424,171.5,179.77,171.5,176.45,172.85,3.6,2.0827,12159.5,214202.908,176.45,5.4527,5.4527,1.13,106.322,106.322,9.1769,3.8104,3.8104,0.0,,8918.0,2230.0,2230.0,1573581.1,393483.5
603236.SH,20200423,176.98,177.85,171.18,172.85,176.0,-3.15,-1.7898,11022.96,191426.807,172.85,4.943,4.943,0.93,104.1528,104.1528,8.9897,3.7326,3.7326,0.0,,8918.0,2230.0,2230.0,1541476.3,385455.5
603236.SH,20200422,175.0,176.88,173.68,176.0,177.0,-1.0,-0.565,6522.81,114407.361,176.0,2.925,2.925,0.44,106.0508,106.0508,9.1535,3.8006,3.8006,0.0,,8918.0,2230.0,2230.0,1569568.0,392480.0
603236.SH,20200421,176.1,178.5,172.1,177.0,177.43,-0.43,-0.2423,9711.06,170066.936,177.0,4.3547,4.3547,0.59,106.6534,106.6534,9.2055,3.8222,3.8222,0.0,,8918.0,2230.0,2230.0,1578486.0,394710.0
603236.SH,20200420,177.5,178.66,173.35,177.43,176.95,0.48,0.2713,8793.62,154688.322,177.43,3.9433,3.9433,0.5,106.9125,106.9125,9.2278,3.8315,3.8315,0.0,,8918.0,2230.0,2230.0,1582320.74,395668.9
603236.SH,20200417,172.5,178.41,172.5,176.95,170.0,6.95,4.0882,17555.38,308748.341,176.95,7.8724,7.8724,1.0,106.6233,106.6233,9.2029,3.8212,3.8212,0.0,,8918.0,2230.0,2230.0,1578040.1,394598.5
603236.SH,20200416,162.03,170.99,161.22,170.0,164.25,5.75,3.5008,16802.05,282194.925,170.0,7.5346,7.5346,1.02,102.4355,102.4355,8.8414,3.6711,3.6711,0.0,,8918.0,2230.0,2230.0,1516060.0,379100.0
603236.SH,20200415,158.73,168.86,158.73,164.25,160.74,3.51,2.1837,21104.76,348376.242,164.25,9.464,9.464,1.48,98.9707,98.9707,8.5424,3.5469,3.5469,0.0,,8918.0,2230.0,2230.0,1464781.5,366277.5
603236.SH,20200414,156.89,162.01,154.97,160.74,154.76,5.98,3.864,17459.04,275280.83,160.74,7.8292,7.8292,1.27,79.4236,87.6299,8.6458,5.3063,3.8802,0.0,,8918.0,2230.0,2230.0,1433479.32,358450.2
603236.SH,20200413,160.33,160.7,152.97,154.76,162.45,-7.69,-4.7338,14286.05,223339.163,154.76,6.4063,6.4063,1.05,76.4689,84.3698,8.3242,5.1089,3.7358,0.0,,8918.0,2230.0,2230.0,1380149.68,345114.8
603236.SH,20200410,172.6,172.6,160.28,162.45,172.93,-10.48,-6.0603,17871.39,295202.219,162.45,8.0141,8.0141,1.26,80.2686,88.5621,8.7378,5.3627,3.9215,0.0,,8918.0,2230.0,2230.0,1448729.1,362263.5
603236.SH,20200409,175.41,175.41,169.0,172.93,173.97,-1.04,-0.5978,11354.45,195426.249,172.93,5.0917,5.0917,0.77,85.4469,94.2755,9.3015,5.7087,4.1744,0.0,,8918.0,2230.0,2230.0,1542189.74,385633.9
603236.SH,20200408,176.0,178.6,172.5,173.97,177.09,-3.12,-1.7618,10511.17,184219.54,173.97,4.7135,4.7135,0.68,85.9608,94.8424,9.3575,5.743,4.1995,0.0,,8918.0,2230.0,2230.0,1551464.46,387953.1
603236.SH,20200407,177.75,179.98,175.0,177.09,172.76,4.33,2.5064,14872.71,263492.678,177.09,6.6694,6.6694,0.95,87.5024,96.5433,9.5253,5.846,4.2749,0.0,,8918.0,2230.0,2230.0,1579288.62,394910.7
603236.SH,20200403,174.06,174.09,168.5,172.76,173.6,-0.84,-0.4839,13680.88,235180.164,172.76,6.1349,6.1349,0.87,85.3629,94.1828,9.2924,5.7031,4.1703,0.0,,8918.0,2230.0,2230.0,1540673.68,385254.8
603236.SH,20200402,164.78,174.38,163.17,173.6,162.81,10.79,6.6274,20557.05,346631.386,173.6,9.2184,9.2184,1.41,85.7779,94.6407,9.3376,5.7308,4.1906,0.0,,8918.0,2230.0,2230.0,1548164.8,387128.0
603236.SH,20200401,163.0,169.55,162.68,162.81,162.58,0.23,0.1415,13766.16,227493.129,162.81,6.1732,6.1732,0.86,80.4465,88.7584,8.7572,5.3746,3.9301,0.0,,8918.0,2230.0,2230.0,1451939.58,363066.3
603236.SH,20200331,168.0,169.58,162.02,162.58,165.28,-2.7,-1.6336,14507.65,239780.283,162.58,6.5057,6.5057,0.92,80.3328,88.633,8.7448,5.367,3.9246,0.0,,8918.0,2230.0,2230.0,1449888.44,362553.4
603236.SH,20200330,171.72,172.01,162.01,165.28,175.0,-9.72,-5.5543,15404.18,256350.615,165.28,6.9077,6.9077,1.03,81.6669,90.1049,8.89,5.4562,3.9898,0.0,,8918.0,2230.0,2230.0,1473967.04,368574.4
603236.SH,20200327,183.82,184.2,174.38,175.0,179.94,-4.94,-2.7454,14601.9,259808.62,175.0,6.5479,6.5479,1.03,86.4697,95.4039,9.4129,5.777,4.2244,0.0,,8918.0,2230.0,2230.0,1560650.0,390250.0
603236.SH,20200326,182.46,187.19,178.69,179.94,185.25,-5.31,-2.8664,14571.2,263966.586,179.94,6.5342,6.5342,1.02,88.9106,98.0971,9.6786,5.9401,4.3437,0.0,,8918.0,2230.0,2230.0,1604704.92,401266.2
603236.SH,20200325,194.37,194.37,182.67,185.25,187.79,-2.54,-1.3526,20603.35,386604.219,185.25,9.2392,9.2392,1.47,91.5343,100.9919,9.9642,6.1154,4.4718,0.0,,8918.0,2230.0,2230.0,1652059.5,413107.5
603236.SH,20200324,192.5,192.5,179.0,187.79,186.09,1.7,0.9135,13576.55,252214.403,187.79,6.0881,6.0881,1.01,92.7894,102.3766,10.1008,6.1992,4.5331,0.0,,8918.0,2230.0,2230.0,1674711.22,418771.7
603236.SH,20200323,188.0,196.5,185.05,186.09,194.11,-8.02,-4.1317,11330.76,215757.437,186.09,5.0811,5.0811,0.78,91.9494,101.4498,10.0094,6.1431,4.4921,0.0,,8918.0,2230.0,2230.0,1659550.62,414980.7
603236.SH,20200320,200.1,201.68,190.88,194.11,196.71,-2.6,-1.3217,11023.03,215501.168,194.11,4.9431,4.9431,0.73,95.9122,105.8221,10.4407,6.4079,4.6857,0.0,,8918.0,2230.0,2230.0,1731072.98,432865.3
603236.SH,20200319,192.49,199.0,189.0,196.71,190.75,5.96,3.1245,15055.57,292895.596,196.71,6.7514,6.7514,1.08,97.1969,107.2395,10.5806,6.4937,4.7485,0.0,,8918.0,2230.0,2230.0,1754259.78,438663.3
603236.SH,20200318,203.9,207.89,189.0,190.75,202.0,-11.25,-5.5693,19268.85,382544.207,190.75,8.6407,8.6407,1.54,94.252,103.9903,10.26,6.297,4.6046,0.0,,8918.0,2230.0,2230.0,1701108.5,425372.5
603236.SH,20200317,201.6,204.48,193.64,202.0,198.94,3.06,1.5382,10336.67,206326.648,202.0,4.6353,4.6353,0.78,99.8107,110.1234,10.8651,6.6683,4.8762,0.0,,8918.0,2230.0,2230.0,1801436.0,450460.0
603236.SH,20200316,214.49,215.0,193.01,198.94,214.34,-15.4,-7.1848,16529.78,336171.08,198.94,7.4125,7.4125,1.35,98.2987,108.4552,10.7005,6.5673,4.8023,0.0,,8918.0,2230.0,2230.0,1774146.92,443636.2
603236.SH,20200313,199.83,218.0,198.0,214.34,209.48,4.86,2.32,14436.43,302026.724,214.34,6.4737,6.4737,1.15,105.9081,116.8508,11.5289,7.0757,5.174,0.0,,8918.0,2230.0,2230.0,1911484.12,477978.2
603236.SH,20200312,205.0,211.0,203.5,209.48,209.9,-0.42,-0.2001,8847.28,183462.692,209.48,3.9674,3.9674,0.59,103.5067,114.2013,11.2675,6.9153,5.0567,0.0,,8918.0,2230.0,2230.0,1868142.64,467140.4
603236.SH,20200311,221.0,223.99,209.5,209.9,219.21,-9.31,-4.2471,12339.74,267747.052,209.9,5.5335,5.5335,0.84,103.7142,114.4302,11.2901,6.9291,5.0669,0.0,,8918.0,2230.0,2230.0,1871888.2,468077.0
603236.SH,20200310,210.0,220.0,203.8,219.21,208.78,10.43,4.9957,14393.3,306172.583,219.21,6.4544,6.4544,0.92,108.3144,119.5057,11.7908,7.2365,5.2916,0.0,,8918.0,2230.0,2230.0,1954914.78,488838.3
603236.SH,20200309,215.0,220.0,208.34,208.78,219.0,-10.22,-4.6667,10987.19,234797.764,208.78,4.927,4.927,0.67,103.1608,113.8196,11.2298,6.8922,5.0398,0.0,,8918.0,2230.0,2230.0,1861900.04,465579.4
603236.SH,20200306,218.0,223.52,213.08,219.0,226.38,-7.38,-3.26,16362.55,357497.596,219.0,7.3375,7.3375,1.03,108.2106,119.3912,11.7795,7.2295,5.2865,0.0,,8918.0,2230.0,2230.0,1953042.0,488370.0
603236.SH,20200305,248.02,258.79,218.05,226.38,240.6,-14.22,-5.9102,20860.02,478642.846,226.38,9.3543,9.3543,1.41,111.8572,123.4145,12.1765,7.4732,5.4647,0.0,,8918.0,2230.0,2230.0,2018856.84,504827.4
603236.SH,20200304,242.0,247.6,235.0,240.6,244.1,-3.5,-1.4338,10990.68,263434.196,240.6,4.9286,4.9286,0.7,118.8835,131.1668,12.9413,7.9426,5.808,0.0,,8918.0,2230.0,2230.0,2145670.8,536538.0
603236.SH,20200303,251.86,262.9,242.8,244.1,242.7,1.4,0.5768,18825.65,474680.908,244.1,8.442,8.442,1.21,120.6129,133.0749,13.1296,8.0581,5.8924,0.0,,8918.0,2230.0,2230.0,2176883.8,544343.0
603236.SH,20200302,233.96,247.1,226.06,242.7,224.79,17.91,7.9674,14425.55,342505.958,242.7,6.4689,6.4689,0.89,119.9211,132.3116,13.0543,8.0119,5.8586,0.0,,8918.0,2230.0,2230.0,2164398.6,541221.0
603236.SH,20200228,221.99,236.0,221.1,224.79,236.0,-11.21,-4.75,14158.64,323600.635,224.79,6.3492,6.3492,0.9,111.0715,122.5477,12.091,7.4207,5.4263,0.0,,8918.0,2230.0,2230.0,2004677.22,501281.7
603236.SH,20200227,241.5,245.0,231.38,236.0,241.13,-5.13,-2.1275,15490.57,368121.403,236.0,6.9464,6.9464,1.0,116.6106,128.659,12.6939,7.7907,5.6969,0.0,,8918.0,2230.0,2230.0,2104648.0,526280.0
603236.SH,20200226,260.0,262.1,239.94,241.13,266.6,-25.47,-9.5536,16118.93,402946.62,241.13,7.2282,7.2282,1.13,119.1453,131.4557,12.9698,7.9601,5.8207,0.0,,8918.0,2230.0,2230.0,2150397.34,537719.9
603236.SH,20200225,258.96,285.0,252.53,266.6,268.0,-1.4,-0.5224,17729.99,469584.455,266.6,7.9507,7.9507,1.35,131.7304,145.3411,14.3398,8.8009,6.4356,0.0,,8918.0,2230.0,2230.0,2377538.8,594518.0
603236.SH,20200224,251.41,268.85,251.0,268.0,244.41,23.59,9.6518,17117.9,448030.204,268.0,7.6762,7.6762,1.47,132.4222,146.1043,14.4151,8.8471,6.4694,0.0,,8918.0,2230.0,2230.0,2390024.0,597640.0
603236.SH,20200221,240.5,249.97,237.3,244.41,244.28,0.13,0.0532,12274.74,298866.374,244.41,5.5044,5.5044,1.07,120.766,133.2439,13.1463,8.0684,5.8999,0.0,,8918.0,2230.0,2230.0,2179648.38,545034.3
603236.SH,20200220,241.5,248.0,230.06,244.28,242.05,2.23,0.9213,13856.19,333474.114,244.28,6.2135,6.2135,1.19,120.7018,133.173,13.1393,8.0641,5.8968,0.0,,8918.0,2230.0,2230.0,2178489.04,544744.4
603236.SH,20200219,240.0,250.0,240.0,242.05,243.51,-1.46,-0.5996,10635.99,258648.801,242.05,4.7695,4.7695,0.96,119.5999,131.9573,13.0193,7.9905,5.843,0.0,,8918.0,2230.0,2230.0,2158601.9,539771.5
603236.SH,20200218,247.2,256.02,240.79,243.51,247.48,-3.97,-1.6042,11741.73,286568.85,243.51,5.2653,5.2653,1.03,120.3213,132.7532,13.0979,8.0387,5.8782,0.0,,8918.0,2230.0,2230.0,2171622.18,543027.3
603236.SH,20200217,234.7,247.5,229.0,247.48,231.6,15.88,6.8566,9786.88,237466.977,247.48,4.3887,4.3887,0.73,122.283,134.9175,13.3114,8.1697,5.974,0.0,,8918.0,2230.0,2230.0,2207026.64,551880.4
603236.SH,20200214,224.0,241.37,223.0,231.6,223.62,7.98,3.5686,11401.35,263440.58,231.6,5.1127,5.1127,0.77,114.4365,126.2603,12.4572,7.6455,5.5907,0.0,,8918.0,2230.0,2230.0,2065408.8,516468.0
603236.SH,20200213,213.0,232.5,209.0,223.62,214.6,9.02,4.2032,14628.14,321560.777,223.62,6.5597,6.5597,0.93,110.4934,121.9099,12.028,7.3821,5.3981,0.0,,8918.0,2230.0,2230.0,1994243.16,498672.6
603236.SH,20200212,211.11,217.02,208.98,214.6,211.1,3.5,1.658,7627.42,162820.812,214.6,3.4204,3.4204,0.45,106.0365,116.9925,11.5429,7.0843,5.1803,0.0,,8918.0,2230.0,2230.0,1913802.8,478558.0
603236.SH,20200211,213.0,214.08,205.6,211.1,215.66,-4.56,-2.1144,13600.39,284777.207,211.1,6.0988,6.0988,0.79,104.3071,115.0844,11.3546,6.9688,5.0958,0.0,,8918.0,2230.0,2230.0,1882589.8,470753.0
603236.SH,20200210,196.05,215.66,192.14,215.66,196.05,19.61,10.0026,19609.94,401220.922,215.66,8.7937,8.7937,1.19,106.5603,117.5704,11.5999,7.1193,5.2059,0.0,,8918.0,2230.0,2230.0,1923255.88,480921.8
603236.SH,20200207,198.5,209.79,190.4,196.05,200.86,-4.81,-2.3947,18546.98,367446.513,196.05,8.317,8.317,1.1,96.8708,106.8797,10.5451,6.4719,4.7325,0.0,,8918.0,2230.0,2230.0,1748373.9,437191.5
603236.SH,20200206,183.99,200.86,180.2,200.86,182.6,18.26,10.0,18849.06,367944.943,200.86,8.4525,8.4525,1.25,99.2474,109.5019,10.8038,6.6307,4.8486,0.0,,8918.0,2230.0,2230.0,1791269.48,447917.8
603236.SH,20200205,179.8,187.9,177.52,182.6,177.52,5.08,2.8616,13360.92,244865.417,182.6,5.9914,5.9914,0.95,90.2249,99.5472,9.8216,6.0279,4.4079,0.0,,8918.0,2230.0,2230.0,1628426.8,407198.0
603236.SH,20200204,163.46,177.52,163.46,177.52,161.38,16.14,10.0012,15740.59,274951.471,177.52,7.0586,7.0586,1.23,87.7149,96.7778,9.5484,5.8602,4.2852,0.0,,8918.0,2230.0,2230.0,1583123.36,395869.6
603236.SH,20200203,161.38,168.43,161.38,161.38,179.31,-17.93,-9.9994,15657.83,255772.051,161.38,7.0214,7.0214,1.35,79.7399,87.9788,8.6803,5.3274,3.8956,0.0,,8918.0,2230.0,2230.0,1439186.84,359877.4
603236.SH,20200123,187.97,191.0,172.2,179.31,191.3,-11.99,-6.2676,21000.18,379122.564,179.31,9.4171,9.4171,2.01,88.5993,97.7536,9.6447,5.9193,4.3284,0.0,,8918.0,2230.0,2230.0,1599086.58,399861.3
603236.SH,20200122,186.5,194.0,186.0,191.3,188.82,2.48,1.3134,9629.04,182788.754,191.3,4.318,4.318,0.91,94.5237,104.2901,10.2896,6.3151,4.6179,0.0,,8918.0,2230.0,2230.0,1706013.4,426599.0
603236.SH,20200121,188.86,193.49,186.5,188.82,190.0,-1.18,-0.6211,8150.0,154336.303,188.82,3.6547,3.6547,0.68,93.2983,102.9381,10.1562,6.2333,4.558,0.0,,8918.0,2230.0,2230.0,1683896.76,421068.6
603236.SH,20200120,185.91,193.0,183.0,190.0,186.57,3.43,1.8385,9634.52,181651.293,190.0,4.3204,4.3204,0.77,93.8814,103.5814,10.2197,6.2722,4.5865,0.0,,8918.0,2230.0,2230.0,1694420.0,423700.0
603236.SH,20200117,191.0,193.0,185.38,186.57,190.27,-3.7,-1.9446,9778.4,184295.626,186.57,4.3849,4.3849,0.77,92.1866,101.7115,10.0352,6.159,4.5037,0.0,,8918.0,2230.0,2230.0,1663831.26,416051.1
603236.SH,20200116,181.0,192.94,179.0,190.27,179.0,11.27,6.2961,15138.66,284844.308,190.27,6.7886,6.7886,1.16,94.0148,103.7286,10.2342,6.2811,4.593,0.0,,8918.0,2230.0,2230.0,1696827.86,424302.1
603236.SH,20200115,176.1,180.29,172.56,179.0,175.74,3.26,1.855,10477.26,185635.448,179.0,4.6983,4.6983,0.76,88.4461,97.5846,9.628,5.9091,4.321,0.0,,8918.0,2230.0,2230.0,1596322.0,399170.0
603236.SH,20200114,180.0,180.64,173.89,175.74,179.8,-4.06,-2.2581,14787.79,261212.133,175.74,6.6313,6.6313,1.03,86.8353,95.8074,9.4527,5.8015,4.2423,0.0,,8918.0,2230.0,2230.0,1567249.32,391900.2
603236.SH,20200113,172.97,182.6,171.0,179.8,172.84,6.96,4.0268,12781.12,226006.213,179.8,5.7314,5.7314,0.77,88.8414,98.0207,9.671,5.9355,4.3403,0.0,,8918.0,2230.0,2230.0,1603456.4,400954.0
603236.SH,20200110,176.8,178.49,171.2,172.84,176.8,-3.96,-2.2398,10176.52,176329.708,172.84,4.5635,4.5635,0.54,85.4024,94.2264,9.2967,5.7057,4.1723,0.0,,8918.0,2230.0,2230.0,1541387.12,385433.2
603236.SH,20200109,172.49,179.0,170.96,176.8,171.48,5.32,3.1024,16911.87,296805.69,176.8,7.5838,7.5838,0.95,87.3591,96.3852,9.5097,5.8365,4.2679,0.0,,8918.0,2230.0,2230.0,1576702.4,394264.0
603236.SH,20200108,170.88,172.0,167.5,171.48,169.89,1.59,0.9359,14503.26,247252.239,171.48,6.5037,6.5037,0.87,84.7304,93.485,9.2235,5.6608,4.1394,0.0,,8918.0,2230.0,2230.0,1529258.64,382400.4
603236.SH,20200107,168.33,174.91,168.1,169.89,169.61,0.28,0.1651,17572.7,300357.974,169.89,7.8801,7.8801,1.16,83.9448,92.6182,9.138,5.6083,4.1011,0.0,,8918.0,2230.0,2230.0,1515079.02,378854.7
603236.SH,20200106,158.78,170.75,158.28,169.61,160.64,8.97,5.5839,23743.07,394989.348,169.61,10.6471,10.6471,1.9,83.8064,92.4655,9.1229,5.5991,4.0943,0.0,,8918.0,2230.0,2230.0,1512581.98,378230.3
603236.SH,20200103,149.56,161.63,148.35,160.64,150.23,10.41,6.9294,22146.31,346115.387,160.64,9.9311,9.9311,2.35,79.3742,87.5754,8.6405,5.303,3.8778,0.0,,8918.0,2230.0,2230.0,1432587.52,358227.2
603236.SH,20200102,146.08,152.0,146.08,150.23,145.9,4.33,2.9678,10726.48,160452.22,150.23,4.8101,4.8101,1.17,74.2305,81.9002,8.0805,4.9593,3.6265,0.0,,8918.0,2230.0,2230.0,1339751.14,335012.9
603236.SH,20191231,143.29,149.5,143.29,145.9,143.81,2.09,1.4533,9404.26,137775.555,145.9,4.2172,4.2172,0.98,72.091,79.5396,7.8476,4.8164,3.5219,,,8918.0,2230.0,2230.0,1301136.2,325357.0
603236.SH,20191230,139.99,144.83,136.9,143.81,142.22,1.59,1.118,9608.76,135188.316,143.81,4.3089,4.3089,1.04,71.0583,78.4002,7.7352,4.7474,3.4715,,,8918.0,2230.0,2230.0,1282497.58,320696.3
603236.SH,20191227,144.69,146.3,142.07,142.22,144.1,-1.88,-1.3046,10738.71,155243.702,142.22,4.8156,4.8156,1.23,70.2727,77.5334,7.6497,4.6949,3.4331,,,8918.0,2230.0,2230.0,1268317.96,317150.6
603236.SH,20191226,145.11,145.6,143.01,144.1,145.4,-1.3,-0.8941,6573.26,94706.138,144.1,2.9477,2.9477,0.69,71.2016,78.5583,7.7508,4.757,3.4785,,,8918.0,2230.0,2230.0,1285083.8,321343.0
603236.SH,20191225,145.29,147.28,144.5,145.4,145.0,0.4,0.2759,9539.46,139126.623,145.4,4.2778,4.2778,0.99,71.844,79.2671,7.8207,4.7999,3.5099,,,8918.0,2230.0,2230.0,1296677.2,324242.0
603236.SH,20191224,146.85,148.8,143.81,145.0,146.6,-1.6,-1.0914,11551.11,167308.869,145.0,5.1799,5.1799,1.15,71.6463,79.049,7.7992,4.7867,3.5002,,,8918.0,2230.0,2230.0,1293110.0,323350.0
603236.SH,20191223,145.6,150.75,145.5,146.6,147.69,-1.09,-0.738,7622.77,112559.084,146.6,3.4183,3.4183,0.76,72.4369,79.9213,7.8853,4.8395,3.5388,,,8918.0,2230.0,2230.0,1307378.8,326918.0
603236.SH,20191220,152.21,154.8,147.69,147.69,151.48,-3.79,-2.502,8192.0,123580.334,147.69,3.6735,3.6735,0.77,72.9755,80.5155,7.9439,4.8755,3.5652,,,8918.0,2230.0,2230.0,1317099.42,329348.7
603236.SH,20191219,155.4,155.4,150.11,151.48,155.4,-3.92,-2.5225,10861.36,165446.003,151.48,4.8706,4.8706,1.09,74.8482,82.5817,8.1478,5.0006,3.6566,,,8918.0,2230.0,2230.0,1350898.64,337800.4
603236.SH,20191218,158.0,158.41,154.5,155.4,155.51,-0.11,-0.0707,9714.75,151583.93,155.4,4.3564,4.3564,1.04,76.7851,84.7187,8.3586,5.13,3.7513,,,8918.0,2230.0,2230.0,1385857.2,346542.0
603236.SH,20191217,152.51,161.28,152.5,155.51,152.1,3.41,2.2419,13724.71,216752.808,155.51,6.1546,6.1546,1.58,76.8394,84.7787,8.3645,5.1336,3.7539,,,8918.0,2230.0,2230.0,1386838.18,346787.3
603236.SH,20191216,152.84,153.79,149.66,152.1,152.3,-0.2,-0.1313,7686.87,116420.103,152.1,3.447,3.447,0.82,75.1545,82.9197,8.1811,5.0211,3.6716,,,8918.0,2230.0,2230.0,1356427.8,339183.0
603236.SH,20191213,148.99,152.42,148.02,152.3,147.32,4.98,3.3804,11247.42,170381.167,152.3,5.0437,5.0437,1.23,75.2533,83.0287,8.1919,5.0277,3.6764,,,8918.0,2230.0,2230.0,1358211.4,339629.0
603236.SH,20191212,148.1,149.99,146.4,147.32,148.9,-1.58,-1.0611,7464.12,110875.374,147.32,3.3471,3.3471,0.74,72.7927,80.3138,7.924,4.8633,3.5562,,,8918.0,2230.0,2230.0,1313799.76,328523.6
603236.SH,20191211,150.02,151.99,148.31,148.9,150.0,-1.1,-0.7333,6769.4,101510.348,148.9,3.0356,3.0356,0.69,73.5734,81.1751,8.009,4.9154,3.5944,,,8918.0,2230.0,2230.0,1327890.2,332047.0
603236.SH,20191210,148.8,151.6,146.22,150.0,148.76,1.24,0.8336,10174.24,152409.304,150.0,4.5624,4.5624,1.1,74.1169,81.7748,8.0682,4.9517,3.6209,,,8918.0,2230.0,2230.0,1337700.0,334500.0
603236.SH,20191209,144.2,149.97,144.2,148.76,143.85,4.91,3.4133,11273.88,167404.244,148.76,5.0556,5.0556,1.37,73.5042,81.0988,8.0015,4.9108,3.591,,,8918.0,2230.0,2230.0,1326641.68,331734.8
603236.SH,20191206,141.0,143.98,140.2,143.85,141.39,2.46,1.7399,10217.49,145772.591,143.85,4.5818,4.5818,1.44,71.0781,78.422,7.7374,4.7487,3.4725,,,8918.0,2230.0,2230.0,1282854.3,320785.5
603236.SH,20191205,135.74,143.0,135.74,141.39,135.49,5.9,4.3546,12026.14,167822.331,141.39,5.3929,5.3929,2.09,69.8626,77.0809,7.6051,4.6675,3.4131,,,8918.0,2230.0,2230.0,1260916.02,315299.7
603236.SH,20191204,134.25,136.99,134.15,135.49,135.5,-0.01,-0.0074,5256.8,71266.075,135.49,2.3573,2.3573,0.85,66.9473,73.8645,7.2877,4.4727,3.2707,,,8918.0,2230.0,2230.0,1208299.82,302142.7
603236.SH,20191203,133.0,135.96,129.0,135.5,134.27,1.23,0.9161,7476.95,99020.363,135.5,3.3529,3.3529,1.24,66.9522,73.8699,7.2882,4.4731,3.2709,,,8918.0,2230.0,2230.0,1208389.0,302165.0
603236.SH,20191202,136.59,137.98,133.24,134.27,136.34,-2.07,-1.5183,6265.16,85046.064,134.27,2.8095,2.8095,0.8,66.3445,73.1994,7.2221,4.4325,3.2412,,,8918.0,2230.0,2230.0,1197419.86,299422.1
603236.SH,20191129,135.99,136.88,135.01,136.34,136.0,0.34,0.25,4506.45,61290.057,136.34,2.0208,2.0208,0.49,67.3673,74.3279,7.3334,4.5008,3.2912,,,8918.0,2230.0,2230.0,1215880.12,304038.2
603236.SH,20191128,135.6,138.18,135.2,136.0,137.34,-1.34,-0.9757,5221.8,71197.069,136.0,2.3416,2.3416,0.51,67.1993,74.1425,7.3151,4.4896,3.283,,,8918.0,2230.0,2230.0,1212848.0,303280.0
603236.SH,20191127,134.36,138.96,133.59,137.34,134.94,2.4,1.7786,7431.62,101833.993,137.34,3.3326,3.3326,0.65,67.8614,74.873,7.3872,4.5338,3.3153,,,8918.0,2230.0,2230.0,1224798.12,306268.2
603236.SH,20191126,133.39,135.96,133.2,134.94,134.0,0.94,0.7015,6757.98,91086.649,134.94,3.0305,3.0305,0.54,66.6755,73.5646,7.2581,4.4546,3.2574,,,8918.0,2230.0,2230.0,1203394.92,300916.2
603236.SH,20191125,142.78,145.98,133.22,134.0,143.81,-9.81,-6.8215,15380.62,209944.89,134.0,6.8971,6.8971,1.34,66.2111,73.0522,7.2076,4.4236,3.2347,,,8918.0,2230.0,2230.0,1195012.0,298820.0
603236.SH,20191122,147.25,150.15,141.78,143.81,147.83,-4.02,-2.7193,11434.2,166997.336,143.81,5.1274,5.1274,0.93,71.0583,78.4002,7.7352,4.7474,3.4715,,,8918.0,2230.0,2230.0,1282497.58,320696.3
603236.SH,20191121,150.27,150.27,147.0,147.83,151.97,-4.14,-2.7242,10225.91,151514.504,147.83,4.5856,4.5856,0.84,73.0447,80.5918,7.9514,4.8801,3.5685,,,8918.0,2230.0,2230.0,1318347.94,329660.9
603236.SH,20191120,152.62,156.99,151.03,151.97,152.62,-0.65,-0.4259,13781.72,212625.052,151.97,6.1801,6.1801,1.16,75.0903,82.8488,8.1741,5.0168,3.6685,,,8918.0,2230.0,2230.0,1355268.46,338893.1
603236.SH,20191119,147.7,152.8,147.7,152.62,148.93,3.69,2.4777,12085.72,181420.504,152.62,5.4196,5.4196,1.1,75.4115,83.2031,8.2091,5.0382,3.6842,,,8918.0,2230.0,2230.0,1361065.16,340342.6
603236.SH,20191118,150.4,152.0,146.7,148.93,150.58,-1.65,-1.0958,9971.18,148176.389,148.93,4.4714,4.4714,0.91,73.5882,81.1915,8.0106,4.9164,3.5951,,,8918.0,2230.0,2230.0,1328157.74,332113.9
603236.SH,20191115,149.6,155.27,148.36,150.58,149.3,1.28,0.8573,15329.44,232919.523,150.58,6.8742,6.8742,1.5,74.4035,82.091,8.0994,4.9709,3.6349,,,8918.0,2230.0,2230.0,1342872.44,335793.4
603236.SH,20191114,147.95,149.89,146.8,149.3,148.59,0.71,0.4778,9964.1,148060.703,149.3,4.4682,4.4682,0.95,73.771,81.3932,8.0305,4.9286,3.604,,,8918.0,2230.0,2230.0,1331457.4,332939.0
603236.SH,20191113,146.3,151.55,145.03,148.59,146.12,2.47,1.6904,12003.23,178516.921,148.59,5.3826,5.3826,1.02,73.4202,81.0061,7.9923,4.9052,3.5869,,,8918.0,2230.0,2230.0,1325125.62,331355.7
603236.SH,20191112,145.4,146.4,143.5,146.12,144.55,1.57,1.0861,7573.29,109812.401,146.12,3.3961,3.3961,0.6,72.1997,79.6596,7.8595,4.8237,3.5273,,,8918.0,2230.0,2230.0,1303098.16,325847.6
603236.SH,20191111,146.5,146.5,140.0,144.55,148.63,-4.08,-2.7451,10072.39,144883.675,144.55,4.5168,4.5168,0.76,71.424,78.8037,7.775,4.7718,3.4894,,,8918.0,2230.0,2230.0,1289096.9,322346.5
603236.SH,20191108,153.0,153.49,148.3,148.63,152.08,-3.45,-2.2685,11413.41,171848.184,148.63,5.1181,5.1181,0.81,73.4399,81.0279,7.9945,4.9065,3.5878,,,8918.0,2230.0,2230.0,1325482.34,331444.9
603236.SH,20191107,150.1,153.5,146.6,152.08,152.0,0.08,0.0526,11291.18,169651.115,152.08,5.0633,5.0633,0.61,75.1446,82.9088,8.18,5.0204,3.6711,,,8918.0,2230.0,2230.0,1356249.44,339138.4
603236.SH,20191106,151.4,157.8,151.1,152.0,150.7,1.3,0.8626,18278.84,282289.262,152.0,8.1968,8.1968,1.01,75.1051,82.8651,8.1757,5.0178,3.6692,,,8918.0,2230.0,2230.0,1355536.0,338960.0
603236.SH,20191105,151.0,151.23,147.0,150.7,149.94,0.76,0.5069,12347.35,184573.94,150.7,5.5369,5.5369,0.61,74.4628,82.1564,8.1058,4.9748,3.6378,,,8918.0,2230.0,2230.0,1343942.6,336061.0
603236.SH,20191104,146.0,152.46,145.8,149.94,146.0,3.94,2.6986,13277.17,199429.65,149.94,5.9539,5.9539,0.63,74.0872,81.7421,8.0649,4.9498,3.6195,,,8918.0,2230.0,2230.0,1337164.92,334366.2
603236.SH,20191101,145.0,149.99,143.33,146.0,149.5,-3.5,-2.3411,15292.95,223290.029,146.0,6.8578,6.8578,0.73,72.1404,79.5942,7.853,4.8197,3.5244,,,8918.0,2230.0,2230.0,1302028.0,325580.0
603236.SH,20191031,155.5,159.95,149.5,149.5,166.11,-16.61,-9.9994,33565.4,510667.428,149.5,15.0517,15.0517,1.79,73.8698,81.5022,8.0413,4.9352,3.6088,,,8918.0,2230.0,2230.0,1333241.0,333385.0
603236.SH,20191030,160.96,169.85,158.58,166.11,163.44,2.67,1.6336,15614.6,258711.256,166.11,7.0021,7.0021,0.84,82.077,75.6632,9.0338,5.4836,4.4017,,,8918.0,2230.0,2230.0,1481368.98,370425.3
603236.SH,20191029,171.11,172.88,163.2,163.44,173.0,-9.56,-5.526,23671.04,392295.98,163.44,10.6148,10.6148,1.41,80.7577,74.447,8.8886,5.3954,4.3309,,,8918.0,2230.0,2230.0,1457557.92,364471.2
603236.SH,20191028,172.74,175.0,168.5,173.0,170.92,2.08,1.2169,16967.0,291714.375,173.0,7.6085,7.6085,1.04,85.4815,78.8016,9.4085,5.711,4.5843,,,8918.0,2230.0,2230.0,1542814.0,385790.0
603236.SH,20191025,169.38,174.8,166.6,170.92,170.8,0.12,0.0703,14630.17,250003.542,170.92,6.5606,6.5606,0.91,84.4537,77.8542,9.2954,5.6423,4.5291,,,8918.0,2230.0,2230.0,1524264.56,381151.6
603236.SH,20191024,176.99,176.99,166.99,170.8,177.39,-6.59,-3.715,22983.55,390441.076,170.8,10.3065,10.3065,1.56,84.3944,77.7995,9.2889,5.6384,4.526,,,8918.0,2230.0,2230.0,1523194.4,380884.0
603236.SH,20191023,184.0,186.46,175.11,177.39,185.32,-7.93,-4.2791,14416.58,261311.343,177.39,6.4648,6.4648,0.99,87.6506,80.8012,9.6473,5.8559,4.7006,,,8918.0,2230.0,2230.0,1581964.02,395579.7
603236.SH,20191022,175.44,185.5,175.44,185.32,175.78,9.54,5.4272,15138.65,275765.982,185.32,6.7886,6.7886,0.97,91.5689,84.4134,10.0785,6.1177,4.9107,,,8918.0,2230.0,2230.0,1652683.76,413263.6
603236.SH,20191021,175.0,176.1,163.9,175.78,175.98,-0.2,-0.1136,14207.32,242956.203,175.78,6.371,6.371,0.86,86.8551,80.0679,9.5597,5.8028,4.6579,,,8918.0,2230.0,2230.0,1567606.04,391989.4
603236.SH,20191018,178.0,180.87,174.0,175.98,180.2,-4.22,-2.3418,13834.62,245838.498,175.98,6.2039,6.2039,0.78,86.9539,80.159,9.5706,5.8094,4.6632,,,8918.0,2230.0,2230.0,1569389.64,392435.4
603236.SH,20191017,177.0,186.5,177.0,180.2,178.02,2.18,1.2246,16268.66,297268.949,180.2,7.2954,7.2954,0.75,89.0391,82.0812,9.8001,5.9487,4.775,,,8918.0,2230.0,2230.0,1607023.6,401846.0
603236.SH,20191016,182.99,184.94,176.6,178.02,184.04,-6.02,-3.271,13233.4,237828.742,178.02,5.9343,5.9343,0.56,87.9619,81.0882,9.6815,5.8767,4.7173,,,8918.0,2230.0,2230.0,1587582.36,396984.6
603236.SH,20191015,184.99,188.85,174.0,184.04,187.0,-2.96,-1.5829,20215.23,368359.566,184.04,9.0651,9.0651,0.8,90.9365,83.8303,10.0089,6.0755,4.8768,,,8918.0,2230.0,2230.0,1641268.72,410409.2
603236.SH,20191014,189.89,190.0,184.4,187.0,188.14,-1.14,-0.6059,19356.71,361724.194,187.0,8.6801,8.6801,0.68,92.399,85.1786,10.1699,6.1732,4.9552,,,8918.0,2230.0,2230.0,1667666.0,417010.0
603236.SH,20191011,187.0,190.0,182.0,188.14,185.46,2.68,1.4451,19485.66,361826.542,188.14,8.738,8.738,0.65,92.9623,85.6979,10.2319,6.2108,4.9854,,,8918.0,2230.0,2230.0,1677832.52,419552.2
603236.SH,20191010,168.0,185.46,167.0,185.46,168.6,16.86,10.0,35575.21,641166.042,185.46,15.953,15.953,1.19,91.6381,84.4771,10.0862,6.1223,4.9144,,,8918.0,2230.0,2230.0,1653932.28,413575.8
603236.SH,20191009,158.01,169.99,156.0,168.6,158.17,10.43,6.5942,24161.39,395590.522,168.6,10.8347,10.8347,0.78,83.3074,76.7974,9.1692,5.5658,4.4677,,,8918.0,2230.0,2230.0,1503574.8,375978.0
603236.SH,20191008,165.1,168.74,155.58,158.17,168.75,-10.58,-6.2696,28144.03,457155.933,158.17,12.6206,12.6206,0.89,78.1538,72.0465,8.602,5.2214,4.1913,,,8918.0,2230.0,2230.0,1410560.06,352719.1
603236.SH,20190930,189.58,191.0,168.75,168.75,187.5,-18.75,-10.0,34302.04,606402.056,168.75,15.3821,15.3821,1.04,83.3815,76.8657,9.1774,5.5707,4.4716,,,8918.0,2230.0,2230.0,1504912.5,376312.5
603236.SH,20190927,182.02,190.68,177.0,187.5,184.5,3.0,1.626,28445.02,524739.583,187.5,12.7556,12.7556,0.87,92.6461,85.4063,10.1971,6.1897,4.9685,,,8918.0,2230.0,2230.0,1672125.0,418125.0
603236.SH,20190926,183.0,192.0,176.0,184.5,183.55,0.95,0.5176,34200.16,635347.209,184.5,15.3364,15.3364,1.04,91.1638,84.0398,10.034,6.0906,4.889,,,8918.0,2230.0,2230.0,1645371.0,411435.0
603236.SH,20190925,189.0,193.5,182.01,183.55,191.5,-7.95,-4.1514,29055.67,542572.101,183.55,13.0294,13.0294,0.91,90.6943,83.6071,9.9823,6.0593,4.8638,,,8918.0,2230.0,2230.0,1636898.9,409316.5
603236.SH,20190924,186.98,195.58,183.15,191.5,189.33,2.17,1.1461,32701.32,622937.64,191.5,14.6643,14.6643,1.09,94.6225,87.2284,10.4146,6.3217,5.0745,,,8918.0,2230.0,2230.0,1707797.0,427045.0
603236.SH,20190923,174.8,191.0,173.77,189.33,173.77,15.56,8.9544,40375.41,733340.549,189.33,18.1056,18.1056,1.58,93.5503,86.2399,10.2966,6.2501,5.017,,,8918.0,2230.0,2230.0,1688444.94,422205.9
603236.SH,20190920,171.0,180.8,171.0,173.77,173.0,0.77,0.4451,27774.83,487864.273,173.77,12.4551,12.4551,1.15,85.8619,79.1523,9.4504,5.7364,4.6047,,,8918.0,2230.0,2230.0,1549680.86,387507.1
603236.SH,20190919,159.08,175.88,158.55,173.0,160.6,12.4,7.721,33978.62,564923.426,173.0,15.237,15.237,1.42,85.4815,78.8016,9.4085,5.711,4.5843,,,8918.0,2230.0,2230.0,1542814.0,385790.0
603236.SH,20190918,162.0,162.99,155.5,160.6,161.0,-0.4,-0.2484,24202.72,384440.043,160.6,10.8532,10.8532,0.92,79.3545,73.1534,8.7342,5.3017,4.2557,,,8918.0,2230.0,2230.0,1432230.8,358138.0
603236.SH,20190917,168.0,168.8,159.5,161.0,168.8,-7.8,-4.6209,23588.24,384698.377,161.0,10.5777,10.5777,0.78,79.5521,73.3356,8.7559,5.3149,4.2663,,,8918.0,2230.0,2230.0,1435798.0,359030.0
603236.SH,20190916,169.01,172.57,167.03,168.8,169.8,-1.0,-0.5889,18273.48,309858.875,168.8,8.1944,8.1944,0.55,83.4062,76.8885,9.1801,5.5724,4.473,,,8918.0,2230.0,2230.0,1505358.4,376424.0
603236.SH,20190912,166.57,170.77,164.18,169.8,165.55,4.25,2.5672,20771.43,349453.964,169.8,9.3145,9.3145,0.6,83.9003,77.344,9.2345,5.6054,4.4995,,,8918.0,2230.0,2230.0,1514276.4,378654.0
603236.SH,20190911,171.5,173.22,162.3,165.55,171.5,-5.95,-3.4694,32455.49,541330.543,165.55,14.554,14.554,0.96,81.8003,75.4081,9.0034,5.4651,4.3868,,,8918.0,2230.0,2230.0,1476374.9,369176.5
603236.SH,20190910,178.08,179.41,168.88,171.5,180.6,-9.1,-5.0388,36837.31,638467.138,171.5,16.519,16.519,1.06,84.7403,78.1183,9.327,5.6615,4.5445,,,8918.0,2230.0,2230.0,1529437.0,382445.0
603236.SH,20190909,170.4,182.97,165.79,180.6,166.34,14.26,8.5728,43219.28,761202.897,180.6,19.3808,19.3808,1.22,89.2367,82.2634,9.8219,5.9619,4.7856,,,8918.0,2230.0,2230.0,1610590.8,402738.0
603236.SH,20190906,157.45,169.25,157.28,166.34,157.05,9.29,5.9153,31587.15,516985.785,166.34,14.1646,14.1646,0.83,82.1907,75.768,9.0463,5.4912,4.4078,,,8918.0,2230.0,2230.0,1483420.12,370938.2
603236.SH,20190905,157.5,165.0,155.85,157.05,156.93,0.12,0.0765,29087.83,466189.414,157.05,13.0439,13.0439,0.7,77.6004,71.5364,8.5411,5.1845,4.1616,,,8918.0,2230.0,2230.0,1400571.9,350221.5
603236.SH,20190904,155.77,159.0,153.0,156.93,156.01,0.92,0.5897,27865.84,434801.819,156.93,12.4959,12.4959,0.68,77.5411,71.4817,8.5346,5.1805,4.1584,,,8918.0,2230.0,2230.0,1399501.74,349953.9
603236.SH,20190903,151.08,165.35,150.03,156.01,153.49,2.52,1.6418,42572.13,666030.996,156.01,19.0906,19.0906,1.1,77.0865,71.0626,8.4845,5.1501,4.134,,,8918.0,2230.0,2230.0,1391297.18,347902.3
603236.SH,20190902,143.1,154.69,140.11,153.49,140.63,12.86,9.1446,45550.3,672851.092,153.49,20.4261,20.4261,1.26,75.8413,69.9148,8.3475,5.067,4.0673,,,8918.0,2230.0,2230.0,1368823.82,342282.7
603236.SH,20190830,139.0,148.8,136.42,140.63,139.4,1.23,0.8824,44122.47,627533.522,140.63,19.7859,19.7859,1.23,69.487,64.057,7.6481,4.6424,3.7265,,,8918.0,2230.0,2230.0,1254138.34,313604.9
603236.SH,20190829,130.95,142.8,127.25,139.4,130.84,8.56,6.5423,47729.63,649097.889,139.4,21.4034,21.4034,1.45,68.8793,63.4968,7.5812,4.6018,3.6939,,,8918.0,2230.0,2230.0,1243169.2,310862.0
603236.SH,20190828,127.01,131.18,124.02,130.84,127.18,3.66,2.8778,26424.4,339901.215,130.84,11.8495,11.8495,0.73,64.6497,64.6497,7.2813,4.3192,4.3192,,,8918.0,2230.0,2230.0,1166831.12,291773.2
603236.SH,20190827,125.0,129.68,124.61,127.18,123.45,3.73,3.0215,28968.43,368917.189,127.18,12.9903,12.9903,0.79,62.8412,62.8412,7.0776,4.1984,4.1984,,,8918.0,2230.0,2230.0,1134191.24,283611.4
603236.SH,20190826,125.9,126.88,122.04,123.45,128.35,-4.9,-3.8177,32894.33,408996.521,123.45,14.7508,14.7508,0.87,60.9982,60.9982,6.87,4.0753,4.0753,,,8918.0,2230.0,2230.0,1100927.1,275293.5
603236.SH,20190823,133.5,134.78,127.5,128.35,134.2,-5.85,-4.3592,42660.13,556387.597,128.35,19.1301,19.1301,1.19,63.4193,63.4193,7.1427,4.237,4.237,,,8918.0,2230.0,2230.0,1144625.3,286220.5
603236.SH,20190822,136.01,140.8,133.8,134.2,137.01,-2.81,-2.0509,33531.13,460265.412,134.2,15.0364,15.0364,0.89,66.3099,66.3099,7.4683,4.4302,4.4302,,,8918.0,2230.0,2230.0,1196795.6,299266.0
603236.SH,20190821,137.2,137.6,130.71,137.01,137.2,-0.19,-0.1385,43352.22,583166.552,137.01,19.4405,19.4405,1.07,67.6984,67.6984,7.6246,4.5229,4.5229,,,8918.0,2230.0,2230.0,1221855.18,305532.3
603236.SH,20190820,141.4,142.37,136.41,137.2,141.93,-4.73,-3.3326,31854.49,441930.389,137.2,14.2845,14.2845,0.73,67.7922,67.7922,7.6352,4.5292,4.5292,,,8918.0,2230.0,2230.0,1223549.6,305956.0
603236.SH,20190819,141.42,147.28,136.83,141.93,138.53,3.4,2.4543,37157.38,529106.478,141.93,16.6625,16.6625,0.78,70.1294,70.1294,7.8984,4.6853,4.6853,,,8918.0,2230.0,2230.0,1265731.74,316503.9
603236.SH,20190816,136.8,142.58,134.71,138.53,136.99,1.54,1.1242,33862.96,469151.173,138.53,15.1852,15.1852,0.65,68.4494,68.4494,7.7092,4.5731,4.5731,,,8918.0,2230.0,2230.0,1235410.54,308921.9
603236.SH,20190815,126.82,138.3,126.82,136.99,131.3,5.69,4.3336,43005.51,571454.089,136.99,19.285,19.285,0.74,67.6885,67.6885,7.6235,4.5223,4.5223,,,8918.0,2230.0,2230.0,1221676.82,305487.7
603236.SH,20190814,140.73,147.0,129.34,131.3,137.8,-6.5,-4.717,57143.42,791750.284,131.3,25.6249,25.6249,1.05,64.877,64.877,7.3069,4.3344,4.3344,,,8918.0,2230.0,2230.0,1170933.4,292799.0
603236.SH,20190813,136.0,139.0,132.51,137.8,138.41,-0.61,-0.4407,47975.87,651841.005,137.8,21.5138,21.5138,0.86,68.0887,68.0887,7.6686,4.549,4.549,,,8918.0,2230.0,2230.0,1228900.4,307294.0
603236.SH,20190812,128.64,138.41,127.0,138.41,125.83,12.58,9.9976,57334.35,760920.267,138.41,25.7105,25.7105,1.01,68.3901,68.3901,7.7026,4.5691,4.5691,,,8918.0,2230.0,2230.0,1234340.38,308654.3
603236.SH,20190809,124.61,132.78,124.41,125.83,125.8,0.03,0.0238,55205.47,706248.438,125.83,24.7558,24.7558,0.95,62.1742,62.1742,7.0025,4.1539,4.1539,,,8918.0,2230.0,2230.0,1122151.94,280600.9
603236.SH,20190808,116.23,127.44,115.3,125.8,115.85,9.95,8.5887,71480.25,883496.695,125.8,32.0539,32.0539,1.3,62.1594,62.1594,7.0008,4.1529,4.1529,,,8918.0,2230.0,2230.0,1121884.4,280534.0
603236.SH,20190807,119.0,120.58,115.25,115.85,119.0,-3.15,-2.6471,41347.68,487286.07,115.85,18.5416,18.5416,0.7,57.2429,57.2429,6.4471,3.8244,3.8244,,,8918.0,2230.0,2230.0,1033150.3,258345.5
603236.SH,20190806,113.72,122.0,113.0,119.0,117.01,1.99,1.7007,52637.61,616641.741,119.0,23.6043,23.6043,0.88,58.7994,58.7994,6.6224,3.9284,3.9284,,,8918.0,2230.0,2230.0,1061242.0,265370.0
603236.SH,20190805,124.0,128.2,116.34,117.01,125.77,-8.76,-6.9651,64380.48,790826.439,117.01,28.8702,28.8702,1.03,57.8161,57.8161,6.5116,3.8627,3.8627,,,8918.0,2230.0,2230.0,1043495.18,260932.3
603236.SH,20190802,127.0,129.35,125.25,125.77,132.28,-6.51,-4.9214,59642.08,758486.717,125.77,26.7453,26.7453,0.79,62.1445,62.1445,6.9991,4.1519,4.1519,,,8918.0,2230.0,2230.0,1121616.86,280467.1
603236.SH,20190801,126.0,134.44,125.1,132.28,127.83,4.45,3.4812,57672.3,740906.629,132.28,25.862,25.862,0.85,65.3612,65.3612,7.3614,4.3668,4.3668,,,8918.0,2230.0,2230.0,1179673.04,294984.4
603236.SH,20190731,127.2,131.33,126.01,127.83,127.6,0.23,0.1803,59125.17,758466.064,127.83,26.5135,26.5135,0.95,63.1624,63.1624,7.1138,4.2199,4.2199,,,8918.0,2230.0,2230.0,1139987.94,285060.9
603236.SH,20190730,125.5,127.98,123.81,127.6,128.0,-0.4,-0.3125,57492.69,724228.211,127.6,25.7815,25.7815,0.84,63.0488,63.0488,7.101,4.2123,4.2123,,,8918.0,2230.0,2230.0,1137936.8,284548.0
603236.SH,20190729,128.18,128.99,124.88,128.0,124.33,3.67,2.9518,77683.18,990446.865,128.0,34.8355,34.8355,1.46,63.2464,63.2464,7.1232,4.2255,4.2255,,,8918.0,2230.0,2230.0,1141504.0,285440.0
603236.SH,20190726,123.29,129.0,120.5,124.33,123.29,1.04,0.8435,125015.08,1562736.78,124.33,56.0606,56.0606,4.38,61.433,61.433,6.919,4.1043,4.1043,,,8918.0,2230.0,2230.0,1108774.94,277255.9
603236.SH,20190725,123.29,123.29,123.29,123.29,112.08,11.21,10.0018,18914.57,233197.734,123.29,8.4819,8.4819,0.76,60.9191,60.9191,6.8611,4.07,4.07,,,8918.0,2230.0,2230.0,1099500.22,274936.7
603236.SH,20190724,111.0,112.08,109.5,112.08,101.89,10.19,10.001,32867.19,365356.052,112.08,14.7387,14.7387,1.79,55.3801,55.3801,6.2373,3.6999,3.6999,,,8918.0,2230.0,2230.0,999529.44,249938.4
603236.SH,20190723,101.89,101.89,97.27,101.89,92.63,9.26,9.9968,88429.05,888268.312,101.89,39.6543,39.6543,108.28,50.3451,50.3451,5.6702,3.3636,3.3636,,,8918.0,2230.0,2230.0,908655.02,227214.7
603236.SH,20190722,92.63,92.63,92.63,92.63,84.21,8.42,9.9988,1683.86,15597.595,92.63,0.7551,0.7551,,45.7696,45.7696,5.1549,3.0579,3.0579,,,8918.0,2230.0,2230.0,826074.34,206564.9
603236.SH,20190719,84.21,84.21,84.21,84.21,76.55,7.66,10.0065,876.38,7379.996,84.21,0.393,0.393,,41.6092,41.6092,4.6863,2.7799,2.7799,,,8918.0,2230.0,2230.0,750984.78,187788.3
603236.SH,20190718,76.55,76.55,76.55,76.55,69.59,6.96,10.0014,418.31,3202.163,76.55,0.1876,0.1876,,37.8243,37.8243,4.26,2.527,2.527,,,8918.0,2230.0,2230.0,682672.9,170706.5
603236.SH,20190717,69.59,69.59,69.59,69.59,63.26,6.33,10.0063,383.11,2666.062,69.59,0.1718,0.1718,,34.3853,34.3853,3.8727,2.2973,2.2973,,,8918.0,2230.0,2230.0,620603.62,155185.7
603236.SH,20190716,52.72,63.26,52.72,63.26,43.93,19.33,44.0018,721.76,4543.72,63.26,0.3237,0.3237,,31.2576,31.2576,3.5204,2.0883,2.0883,,,8918.0,2230.0,2230.0,564152.68,141069.8
