股票代码,交易日期,开盘价,最高价,最低价,收盘价,昨收价【除权价，前复权】,涨跌额,涨跌幅 【基于除权后的昨收计算的涨跌幅：（今收-除权昨收）/除权昨收 】,成交量,成交额（千元）,close_y,换手率,换手率（自由流通股）,量比,市盈率（总市值/净利润，亏损的PE为空）,市盈率（TTM，亏损的PE为空）,市净率（总市值/净资产）,市销率,市销率（TTM）,股息率 （%）,股息率（TTM）（%）,总股本 （万股）,流通股本 （万股）,自由流通股本 （万）,总市值 （万元）,流通市值（万元）
688069.SH,20250709,20.78,21.48,20.62,21.2,20.7,0.5,2.4155,13616.7,28803.583,21.2,1.205,2.2964,1.25,,,1.9769,5.3429,5.2473,,,11300.0,11300.0,5929.6,239560.0,239560.0
688069.SH,20250708,19.86,21.02,19.66,20.7,19.75,0.95,4.8101,21024.9,43349.902,20.7,1.8606,3.5458,2.56,,,1.9303,5.2169,5.1235,,,11300.0,11300.0,5929.6,233910.0,233910.0
688069.SH,20250707,19.4,19.85,19.37,19.75,19.51,0.24,1.2301,7083.11,13876.7,19.75,0.6268,1.1945,0.79,,,1.8417,4.9775,4.8884,,,11300.0,11300.0,5929.6,223175.0,223175.0
688069.SH,20250704,19.76,19.89,19.41,19.51,19.68,-0.17,-0.8638,8155.02,15983.387,19.51,0.7217,1.3753,0.98,,,1.8193,4.917,4.829,,,11300.0,11300.0,5929.6,220463.0,220463.0
688069.SH,20250703,19.7,19.78,19.35,19.68,19.6,0.08,0.4082,8715.45,17044.197,19.68,0.7713,1.4698,1.14,,,1.8352,4.9598,4.8711,,,11300.0,11300.0,5929.6,222384.0,222384.0
688069.SH,20250702,19.59,19.78,19.14,19.6,19.48,0.12,0.616,9631.57,18709.456,19.6,0.8524,1.7954,1.26,,,1.8277,4.9397,4.8513,,,11300.0,11300.0,5364.6,221480.0,221480.0
688069.SH,20250701,19.51,19.53,19.3,19.48,19.45,0.03,0.1542,7532.7,14625.271,19.48,0.6666,1.4041,0.89,,,1.8165,4.9094,4.8216,,,11300.0,11300.0,5364.6,220124.0,220124.0
688069.SH,20250630,19.04,19.49,18.81,19.45,18.95,0.5,2.6385,11040.83,21208.642,19.45,0.9771,2.0581,1.35,,,1.8137,4.9019,4.8141,,,11300.0,11300.0,5364.6,219785.0,219785.0
688069.SH,20250627,18.97,19.16,18.72,18.95,18.94,0.01,0.0528,4749.24,8979.274,18.95,0.4203,0.8853,0.59,,,1.7671,4.7759,4.6904,,,11300.0,11300.0,5364.6,214135.0,214135.0
688069.SH,20250626,19.13,19.19,18.83,18.94,19.03,-0.09,-0.4729,5392.75,10231.184,18.94,0.4772,1.0052,0.57,,,1.7662,4.7733,4.6879,,,11300.0,11300.0,5364.6,214022.0,214022.0
688069.SH,20250625,19.19,19.19,18.5,19.03,19.01,0.02,0.1052,9621.3,18111.089,19.03,0.8514,1.8275,1.05,,,1.7746,4.796,4.7102,,,11300.0,11300.0,5264.76,215039.0,215039.0
688069.SH,20250624,18.76,19.1,18.7,19.01,18.95,0.06,0.3166,11409.97,21571.548,19.01,1.0097,2.1672,1.04,,,1.7727,4.791,4.7052,,,11300.0,11300.0,5264.76,214813.0,214813.0
688069.SH,20250623,18.37,18.95,18.37,18.95,18.63,0.32,1.7177,9652.52,17944.957,18.95,0.8542,1.8334,0.73,,,1.7671,4.7759,4.6904,,,11300.0,11300.0,5264.76,214135.0,214135.0
688069.SH,20250620,18.65,18.85,18.26,18.63,18.49,0.14,0.7572,3838.76,7137.954,18.63,0.3397,0.7291,0.21,,,1.7373,4.6952,4.6112,,,11300.0,11300.0,5264.76,210519.0,210519.0
688069.SH,20250619,18.43,18.8,18.02,18.49,18.85,-0.36,-1.9098,12842.1,23558.007,18.49,1.1365,2.4393,0.73,,,1.7242,4.6599,4.5765,,,11300.0,11300.0,5264.76,208937.0,208937.0
688069.SH,20250618,18.56,18.88,18.18,18.85,18.5,0.35,1.8919,7891.88,14713.991,18.85,0.6984,1.499,0.44,,,1.7578,4.7507,4.6656,,,11300.0,11300.0,5264.76,213005.0,213005.0
688069.SH,20250617,19.52,19.52,18.27,18.5,19.41,-0.91,-4.6883,20630.17,38735.058,18.5,1.8257,3.9185,1.19,,,1.7251,4.6624,4.579,,,11300.0,11300.0,5264.76,209050.0,209050.0
688069.SH,20250616,19.09,19.76,18.94,19.41,19.25,0.16,0.8312,20742.25,40149.766,19.41,1.8356,3.9398,1.23,,,1.81,4.8918,4.8042,,,11300.0,11300.0,5264.76,219333.0,219333.0
688069.SH,20250613,19.3,20.05,18.9,19.25,18.78,0.47,2.5027,28903.67,55957.17,19.25,2.5578,5.49,2.06,,,1.7951,4.8515,4.7646,,,11300.0,11300.0,5264.76,217525.0,217525.0
688069.SH,20250612,18.86,19.15,18.71,18.78,19.05,-0.27,-1.4173,9777.4,18471.379,18.78,0.8653,1.8571,0.7,,,1.7512,4.733,4.6483,,,11300.0,11300.0,5264.76,212214.0,212214.0
688069.SH,20250611,19.07,19.32,18.79,19.05,19.13,-0.08,-0.4182,9204.14,17507.768,19.05,0.8145,1.7483,0.7,,,1.7764,4.8011,4.7151,,,11300.0,11300.0,5264.76,215265.0,215265.0
688069.SH,20250610,19.09,19.45,18.51,19.32,18.89,0.43,2.2763,18221.9,34746.64,19.32,1.6126,3.4611,1.67,,,1.7697,4.8691,4.782,,,11300.0,11300.0,5264.76,218316.0,218316.0
688069.SH,20250609,18.07,19.0,18.07,18.89,18.03,0.86,4.7698,18475.13,34545.124,18.89,1.635,3.6666,2.17,,,1.7303,4.7607,4.6755,,,11300.0,11300.0,5038.76,213457.0,213457.0
688069.SH,20250606,17.76,18.23,17.73,18.03,17.69,0.34,1.922,14438.06,25992.012,18.03,1.2777,2.8654,1.84,,,1.6516,4.544,4.4627,,,11300.0,11300.0,5038.76,203739.0,203739.0
688069.SH,20250605,17.64,18.07,17.42,17.69,17.64,0.05,0.2834,9820.76,17519.526,17.69,0.8691,1.949,1.11,,,1.6204,4.4583,4.3785,,,11300.0,11300.0,5038.76,199897.0,199897.0
688069.SH,20250604,17.69,17.79,17.61,17.64,17.69,-0.05,-0.2826,5103.31,9032.507,17.64,0.4516,1.0128,0.47,,,1.6158,4.4457,4.3661,,,11300.0,11300.0,5038.76,199332.0,199332.0
688069.SH,20250603,17.46,17.97,17.46,17.69,17.64,0.05,0.2834,6589.18,11641.182,17.69,0.5831,1.3077,0.41,,,1.6204,4.4583,4.3785,,,11300.0,11300.0,5038.76,199897.0,199897.0
688069.SH,20250530,17.8,17.8,17.42,17.64,17.72,-0.08,-0.4515,6561.27,11520.674,17.64,0.5806,1.3022,0.38,,,1.6158,4.4457,4.3661,,,11300.0,11300.0,5038.76,199332.0,199332.0
688069.SH,20250529,17.9,17.9,17.49,17.72,17.69,0.03,0.1696,11176.96,19750.721,17.72,0.9891,2.2182,0.62,,,1.6232,4.4659,4.3859,,,11300.0,11300.0,5038.76,200236.0,200236.0
688069.SH,20250528,18.05,18.05,17.46,17.69,18.0,-0.31,-1.7222,14827.12,26342.524,17.69,1.3121,2.9426,0.9,,,1.6204,4.4583,4.3785,,,11300.0,11300.0,5038.76,199897.0,199897.0
688069.SH,20250527,18.28,18.56,17.93,18.0,18.33,-0.33,-1.8003,15111.86,27523.9,18.0,1.3373,2.9991,0.99,,,1.6488,4.5364,4.4552,,,11300.0,11300.0,5038.76,203400.0,203400.0
688069.SH,20250526,17.04,18.8,16.86,18.33,16.96,1.37,8.0778,32571.4,58528.112,18.33,2.8824,6.4642,2.71,,,1.679,4.6196,4.5369,,,11300.0,11300.0,5038.76,207129.0,207129.0
688069.SH,20250523,17.04,17.24,16.77,16.96,17.06,-0.1,-0.5862,13234.92,22532.697,16.96,1.1712,2.6266,1.01,,,1.5536,4.2743,4.1978,,,11300.0,11300.0,5038.76,191648.0,191648.0
688069.SH,20250522,17.5,17.63,16.96,17.06,17.53,-0.47,-2.6811,14047.68,24253.182,17.06,1.2432,2.7879,1.02,,,1.5627,4.2995,4.2226,,,11300.0,11300.0,5038.76,192778.0,192778.0
688069.SH,20250521,17.87,17.92,17.47,17.53,17.88,-0.35,-1.9575,7069.11,12452.865,17.53,0.6256,1.4029,0.41,,,1.6058,4.418,4.3389,,,11300.0,11300.0,5038.76,198089.0,198089.0
688069.SH,20250520,17.53,17.94,17.37,17.88,17.66,0.22,1.2458,9450.88,16808.667,17.88,0.8364,1.8756,0.53,,,1.6378,4.5062,4.4255,,,11300.0,11300.0,5038.76,202044.0,202044.0
688069.SH,20250519,17.46,17.96,17.3,17.66,17.46,0.2,1.1455,16230.34,28615.3,17.66,1.4363,3.2211,0.81,,,1.6177,4.4507,4.3711,,,11300.0,11300.0,5038.76,199558.0,199558.0
688069.SH,20250516,17.55,18.16,17.2,17.46,17.68,-0.22,-1.2443,18813.72,33227.42,17.46,1.6649,3.7338,0.9,,,1.5994,4.4003,4.3216,,,11300.0,11300.0,5038.76,197298.0,197298.0
688069.SH,20250515,17.78,18.42,17.65,17.68,17.87,-0.19,-1.0632,17050.27,30558.404,17.68,1.5089,3.3838,0.87,,,1.6195,4.4558,4.376,,,11300.0,11300.0,5038.76,199784.0,199784.0
688069.SH,20250514,17.27,17.92,16.93,17.87,17.08,0.79,4.6253,24960.24,44013.612,17.87,2.2089,4.9536,1.43,,,1.6369,4.5037,4.4231,,,11300.0,11300.0,5038.76,201931.0,201931.0
688069.SH,20250513,17.13,17.16,16.81,17.08,17.15,-0.07,-0.4082,12621.38,21473.224,17.08,1.1169,2.5049,0.74,,,1.5645,4.3046,4.2275,,,11300.0,11300.0,5038.76,193004.0,193004.0
688069.SH,20250512,16.3,17.23,16.17,17.15,16.15,1.0,6.192,26802.05,44761.85,17.15,2.3719,5.3192,2.13,,,1.571,4.3222,4.2449,,,11300.0,11300.0,5038.76,193795.0,193795.0
688069.SH,20250509,15.61,16.41,15.61,16.15,15.69,0.46,2.9318,22698.56,36291.521,16.15,2.0087,4.5048,2.31,,,1.4794,4.0702,3.9973,,,11300.0,11300.0,5038.76,182495.0,182495.0
688069.SH,20250508,15.33,15.92,15.33,15.69,15.48,0.21,1.3566,10835.68,16991.89,15.69,0.9589,2.1505,1.12,,,1.4372,3.9543,3.8835,,,11300.0,11300.0,5038.76,177297.0,177297.0
688069.SH,20250507,14.86,15.48,14.86,15.48,14.79,0.69,4.6653,14477.98,22040.273,15.48,1.2812,2.8733,1.87,,,1.418,3.9013,3.8315,,,11300.0,11300.0,5038.76,174924.0,174924.0
688069.SH,20250506,14.35,14.91,14.35,14.79,14.35,0.44,3.0662,9985.21,14726.696,14.79,0.8836,1.9817,1.49,,,1.3548,3.7274,3.6607,,,11300.0,11300.0,5038.76,167127.0,167127.0
688069.SH,20250430,14.54,14.54,14.25,14.35,14.3,0.05,0.3497,4999.57,7183.629,14.35,0.4424,0.9922,0.72,,,1.3145,3.6165,3.5518,,,11300.0,11300.0,5038.76,162155.0,162155.0
688069.SH,20250429,14.14,14.51,13.93,14.3,14.1,0.2,1.4184,8899.95,12750.575,14.3,0.7876,1.7663,1.37,,,1.3099,3.6039,3.5394,,,11300.0,11300.0,5038.76,161590.0,161590.0
688069.SH,20250428,14.57,14.57,13.85,14.1,14.51,-0.41,-2.8256,9841.21,13832.529,14.1,0.8709,1.9531,1.82,,,1.2916,3.5535,3.4899,,,11300.0,11300.0,5038.76,159330.0,159330.0
688069.SH,20250425,14.43,14.7,14.3,14.51,14.36,0.15,1.0446,4935.76,7158.69,14.51,0.4368,0.9796,0.91,,,1.3184,5.2884,3.6599,,,11300.0,11300.0,5038.76,163963.0,163963.0
688069.SH,20250424,14.42,14.57,14.18,14.36,14.54,-0.18,-1.238,4860.32,6988.616,14.36,0.4301,0.9646,0.87,,,1.3048,5.2337,3.622,,,11300.0,11300.0,5038.76,162268.0,162268.0
688069.SH,20250423,14.61,14.84,14.44,14.54,14.67,-0.13,-0.8862,6273.45,9156.327,14.54,0.5552,1.245,1.11,,,1.3212,5.2993,3.6674,,,11300.0,11300.0,5038.76,164302.0,164302.0
688069.SH,20250422,14.29,14.89,14.25,14.67,14.29,0.38,2.6592,6674.62,9706.843,14.67,0.5907,1.3247,1.26,,,1.333,5.3467,3.7002,,,11300.0,11300.0,5038.76,165771.0,165771.0
688069.SH,20250421,14.1,14.47,14.02,14.29,14.21,0.08,0.563,4314.57,6170.044,14.29,0.3818,0.8563,0.71,,,1.2984,5.2082,3.6044,,,11300.0,11300.0,5038.76,161477.0,161477.0
688069.SH,20250418,14.12,14.34,13.91,14.21,14.21,0.0,0.0,4913.0,6948.443,14.21,0.4348,0.975,0.68,,,1.2912,5.1791,3.5842,,,11300.0,11300.0,5038.76,160573.0,160573.0
688069.SH,20250417,13.95,14.36,13.81,14.21,14.1,0.11,0.7801,5875.91,8360.66,14.21,0.52,1.1661,0.72,,,1.2912,5.1791,3.5842,,,11300.0,11300.0,5038.76,160573.0,160573.0
688069.SH,20250416,14.29,14.29,13.73,14.1,14.3,-0.2,-1.3986,6554.27,9147.979,14.1,0.58,1.3008,0.74,,,1.2812,5.139,3.5565,,,11300.0,11300.0,5038.76,159330.0,159330.0
688069.SH,20250415,14.38,14.49,14.1,14.3,14.26,0.04,0.2805,4855.71,6909.998,14.3,0.4297,0.9637,0.48,,,1.2994,5.2119,3.6069,,,11300.0,11300.0,5038.76,161590.0,161590.0
688069.SH,20250414,14.29,14.56,14.03,14.26,13.96,0.3,2.149,8177.07,11655.072,14.26,0.7236,1.6228,0.74,,,1.2957,5.1973,3.5968,,,11300.0,11300.0,5038.76,161138.0,161138.0
688069.SH,20250411,13.78,14.34,13.6,13.96,13.72,0.24,1.7493,10771.86,15087.788,13.96,0.9533,2.1378,1.09,,,1.2685,5.088,3.5211,,,11300.0,11300.0,5038.76,157748.0,157748.0
688069.SH,20250410,13.89,14.13,13.67,13.72,13.65,0.07,0.5128,10543.25,14647.164,13.72,0.933,2.0924,1.18,,,1.2467,5.0005,3.4606,,,11300.0,11300.0,5038.76,155036.0,155036.0
688069.SH,20250409,13.13,13.77,12.42,13.65,13.35,0.3,2.2472,9724.33,12770.684,13.65,0.8606,1.9299,1.15,,,1.2403,4.975,3.443,,,11300.0,11300.0,5038.76,154245.0,154245.0
688069.SH,20250408,12.78,13.44,12.78,13.35,12.79,0.56,4.3784,11196.37,14648.584,13.35,0.9908,2.222,1.42,,,1.213,4.8656,3.3673,,,11300.0,11300.0,5038.76,150855.0,150855.0
688069.SH,20250407,14.57,14.57,12.36,12.79,14.79,-2.0,-13.5227,12690.18,17009.466,12.79,1.123,2.5185,1.83,,,1.1622,4.6615,3.226,,,11300.0,11300.0,5038.76,144527.0,144527.0
688069.SH,20250403,14.74,15.04,14.54,14.79,14.88,-0.09,-0.6048,5315.88,7851.433,14.79,0.4704,1.055,0.75,,,1.3439,5.3905,3.7305,,,11300.0,11300.0,5038.76,167127.0,167127.0
688069.SH,20250402,14.87,15.02,14.7,14.88,14.87,0.01,0.0672,5569.69,8266.407,14.88,0.4929,1.1054,0.74,,,1.3521,5.4233,3.7532,,,11300.0,11300.0,5038.76,168144.0,168144.0
688069.SH,20250401,14.54,15.05,14.45,14.87,14.48,0.39,2.6934,7602.65,11287.177,14.87,0.6728,1.5088,0.97,,,1.3512,5.4196,3.7507,,,11300.0,11300.0,5038.76,168031.0,168031.0
688069.SH,20250331,14.54,14.54,14.09,14.48,14.55,-0.07,-0.4811,8311.91,11888.339,14.48,0.7356,1.6496,0.97,,,1.3157,5.2775,3.6523,,,11300.0,11300.0,5038.76,163624.0,163624.0
688069.SH,20250328,14.68,14.96,14.46,14.55,14.88,-0.33,-2.2177,7889.88,11525.733,14.55,0.6982,1.5658,0.9,,,1.3221,5.303,3.67,,,11300.0,11300.0,5038.76,164415.0,164415.0
688069.SH,20250327,14.91,15.17,14.54,14.88,15.05,-0.17,-1.1296,5859.32,8677.151,14.88,0.5185,1.1628,0.64,,,1.3521,5.4233,3.7532,,,11300.0,11300.0,5038.76,168144.0,168144.0
688069.SH,20250326,14.65,15.13,14.59,15.05,14.7,0.35,2.381,7822.82,11738.131,15.05,0.6923,1.5525,0.83,,,1.3675,5.4852,3.7961,,,11300.0,11300.0,5038.76,170065.0,170065.0
688069.SH,20250325,14.89,14.89,14.45,14.7,14.87,-0.17,-1.1432,9127.8,13357.141,14.7,0.8078,1.8115,0.91,,,1.3357,5.3577,3.7078,,,11300.0,11300.0,5038.76,166110.0,166110.0
688069.SH,20250324,15.26,15.53,14.42,14.87,15.43,-0.56,-3.6293,12357.66,18427.92,14.87,1.0936,2.4525,1.31,,,1.3512,5.4196,3.7507,,,11300.0,11300.0,5038.76,168031.0,168031.0
688069.SH,20250321,15.62,15.62,15.28,15.43,15.62,-0.19,-1.2164,8718.14,13476.184,15.43,0.7715,1.7302,0.89,,,1.402,5.6237,3.8919,,,11300.0,11300.0,5038.76,174359.0,174359.0
688069.SH,20250320,15.5,15.73,15.4,15.62,15.6,0.02,0.1282,7903.29,12304.846,15.62,0.6994,1.5685,0.79,,,1.4193,5.693,3.9399,,,11300.0,11300.0,5038.76,176506.0,176506.0
688069.SH,20250319,15.88,15.88,15.48,15.6,15.75,-0.15,-0.9524,9121.29,14227.705,15.6,0.8072,1.8102,0.99,,,1.4175,5.6857,3.9348,,,11300.0,11300.0,5038.76,176280.0,176280.0
688069.SH,20250318,15.44,15.8,15.2,15.75,15.34,0.41,2.6728,12164.03,18848.194,15.75,1.0765,2.4141,1.49,,,1.4311,5.7403,3.9726,,,11300.0,11300.0,5038.76,177975.0,177975.0
688069.SH,20250317,15.48,15.49,15.18,15.34,15.33,0.01,0.0652,9358.73,14368.767,15.34,0.8282,1.8573,1.2,,,1.3939,5.5909,3.8692,,,11300.0,11300.0,5038.76,173342.0,173342.0
688069.SH,20250314,15.06,15.34,14.97,15.33,15.04,0.29,1.9282,10622.3,16153.538,15.33,0.94,2.1081,1.53,,,1.3929,5.5873,3.8667,,,11300.0,11300.0,5038.76,173229.0,173229.0
688069.SH,20250313,15.38,15.5,14.83,15.04,15.33,-0.29,-1.8917,8784.42,13205.438,15.04,0.7774,1.7434,1.23,,,1.3666,5.4816,3.7936,,,11300.0,11300.0,5038.76,169952.0,169952.0
688069.SH,20250312,15.47,15.57,15.22,15.33,15.39,-0.06,-0.3899,5223.68,8057.773,15.33,0.4623,1.0367,0.72,,,1.3929,5.5873,3.8667,,,11300.0,11300.0,5038.76,173229.0,173229.0
688069.SH,20250311,14.93,15.4,14.93,15.39,15.19,0.2,1.3167,6852.1,10435.832,15.39,0.6064,1.3599,0.99,,,1.3984,5.6091,3.8818,,,11300.0,11300.0,5038.76,173907.0,173907.0
688069.SH,20250310,15.26,15.38,15.06,15.19,15.18,0.01,0.0659,7473.75,11381.798,15.19,0.6614,1.4833,1.07,,,1.3802,5.5362,3.8314,,,11300.0,11300.0,5038.76,171647.0,171647.0
688069.SH,20250307,15.26,15.34,15.02,15.18,15.28,-0.1,-0.6545,6415.94,9737.786,15.18,0.5678,1.2733,0.87,,,1.3793,5.5326,3.8289,,,11300.0,11300.0,5038.76,171534.0,171534.0
688069.SH,20250306,15.17,15.43,15.17,15.28,15.16,0.12,0.7916,9886.16,15152.056,15.28,0.8749,1.962,0.98,,,1.3884,5.569,3.8541,,,11300.0,11300.0,5038.76,172664.0,172664.0
688069.SH,20250305,15.49,15.49,14.92,15.16,15.28,-0.12,-0.7853,5827.74,8801.592,15.16,0.5157,1.1566,0.53,,,1.3775,5.5253,3.8238,,,11300.0,11300.0,5038.76,171308.0,171308.0
688069.SH,20250304,15.09,15.32,14.88,15.28,15.05,0.23,1.5282,4938.65,7487.353,15.28,0.437,0.9801,0.44,,,1.3884,5.569,3.8541,,,11300.0,11300.0,5038.76,172664.0,172664.0
688069.SH,20250303,15.08,15.34,14.94,15.05,15.09,-0.04,-0.2651,7718.12,11692.851,15.05,0.683,1.5317,0.68,,,1.3675,5.4852,3.7961,,,11300.0,11300.0,5038.76,170065.0,170065.0
688069.SH,20250228,15.32,15.35,14.91,15.09,15.43,-0.34,-2.2035,8315.79,12580.095,15.09,0.7359,1.6504,0.75,,,1.3711,5.4998,3.8062,,,11300.0,11300.0,5038.76,170517.0,170517.0
688069.SH,20250227,15.5,16.04,15.16,15.43,15.56,-0.13,-0.8355,23521.7,36670.267,15.43,2.0816,4.6682,3.14,,,1.402,5.6237,3.8919,,,11300.0,11300.0,5038.76,174359.0,174359.0
688069.SH,20250226,15.05,15.56,15.05,15.56,15.03,0.53,3.5263,10159.7,15591.919,15.56,0.8991,2.0163,1.49,,52.253,1.2993,5.6711,3.8376,,,11300.0,11300.0,5038.76,175828.0,175828.0
688069.SH,20250225,14.71,15.17,14.71,15.03,14.86,0.17,1.144,6602.31,9899.554,15.03,0.5843,1.3103,0.94,,50.4732,1.255,5.4779,3.7069,,,11300.0,11300.0,5038.76,169839.0,169839.0
688069.SH,20250224,14.64,15.11,14.64,14.86,14.76,0.1,0.6775,8223.32,12261.256,14.86,0.7277,1.632,1.2,,49.9023,1.2408,5.416,3.665,,,11300.0,11300.0,5038.76,167918.0,167918.0
688069.SH,20250221,14.85,14.85,14.52,14.76,14.77,-0.01,-0.0677,7227.58,10639.88,14.76,0.6396,1.4344,1.13,,49.5665,1.2325,5.3795,3.6403,,,11300.0,11300.0,5038.76,166788.0,166788.0
688069.SH,20250220,14.6,14.78,14.44,14.77,14.61,0.16,1.0951,5253.97,7708.938,14.77,0.465,1.0427,0.81,,49.6001,1.2333,5.3832,3.6428,,,11300.0,11300.0,5038.76,166901.0,166901.0
688069.SH,20250219,14.32,14.7,14.21,14.61,14.32,0.29,2.0251,6711.41,9764.064,14.61,0.5939,1.332,1.1,,49.0628,1.2199,5.3249,3.6033,,,11300.0,11300.0,5038.76,165093.0,165093.0
688069.SH,20250218,14.9,14.9,14.24,14.32,14.82,-0.5,-3.3738,7528.68,10923.298,14.32,0.6663,1.4942,1.23,,48.0889,1.1957,5.2192,3.5318,,,11300.0,11300.0,5038.76,161816.0,161816.0
688069.SH,20250217,14.49,14.89,14.49,14.82,14.49,0.33,2.2774,7455.76,10988.098,14.82,0.6598,1.4797,1.27,,49.768,1.2375,5.4014,3.6551,,,11300.0,11300.0,5038.76,167466.0,167466.0
688069.SH,20250214,14.38,14.54,14.34,14.49,14.41,0.08,0.5552,5064.1,7318.389,14.49,0.4482,1.005,0.81,,48.6598,1.2099,5.2811,3.5737,,,11300.0,11300.0,5038.76,163737.0,163737.0
688069.SH,20250213,14.6,14.65,14.4,14.41,14.58,-0.17,-1.166,5825.18,8435.938,14.41,0.5155,1.1561,0.94,,48.3912,1.2032,5.252,3.554,,,11300.0,11300.0,5038.76,162833.0,162833.0
688069.SH,20250212,14.57,14.74,14.51,14.58,14.57,0.01,0.0686,4650.12,6795.035,14.58,0.4115,0.9229,0.7,,48.962,1.2174,5.3139,3.5959,,,11300.0,11300.0,5038.76,164754.0,164754.0
688069.SH,20250211,14.85,14.94,14.54,14.57,14.83,-0.26,-1.7532,7520.99,11004.59,14.57,0.6656,1.4926,1.09,,48.9285,1.2166,5.3103,3.5934,,,11300.0,11300.0,5038.76,164641.0,164641.0
688069.SH,20250210,14.66,14.87,14.45,14.83,14.58,0.25,1.7147,6331.48,9308.568,14.83,0.5603,1.2566,0.93,,49.8016,1.2383,5.405,3.6576,,,11300.0,11300.0,5038.76,167579.0,167579.0
688069.SH,20250207,14.4,14.68,14.25,14.58,14.42,0.16,1.1096,6929.84,10085.898,14.58,0.6133,1.3753,1.07,,48.962,1.2174,5.3139,3.5959,,,11300.0,11300.0,5038.76,164754.0,164754.0
688069.SH,20250206,14.17,14.43,14.05,14.42,14.17,0.25,1.7643,5529.19,7904.165,14.42,0.4893,1.0973,0.91,,48.4247,1.2041,5.2556,3.5565,,,11300.0,11300.0,5038.76,162946.0,162946.0
688069.SH,20250205,14.0,14.23,13.91,14.17,13.85,0.32,2.3105,6748.67,9527.632,14.17,0.5972,1.3394,1.19,,47.5852,1.1832,5.1645,3.4948,,,11300.0,11300.0,5038.76,160121.0,160121.0
688069.SH,20250127,13.8,14.22,13.72,13.85,14.29,-0.44,-3.0791,8895.67,12438.048,13.85,0.7872,1.7654,1.77,,46.5106,1.1565,5.0479,3.4159,,,11300.0,11300.0,5038.76,156505.0,156505.0
688069.SH,20250124,14.11,14.3,13.97,14.29,14.13,0.16,1.1323,5903.05,8356.456,14.29,0.5224,1.1715,1.22,,47.9882,1.1932,5.2082,3.5244,,,11300.0,11300.0,5038.76,161477.0,161477.0
688069.SH,20250123,14.18,14.38,14.08,14.13,14.04,0.09,0.641,5171.68,7372.916,14.13,0.4577,1.0264,1.03,,47.4509,1.1799,5.1499,3.4849,,,11300.0,11300.0,5038.76,159669.0,159669.0
688069.SH,20250122,14.23,14.23,13.92,14.04,14.1,-0.06,-0.4255,3573.62,5009.302,14.04,0.3162,0.7092,0.65,,47.1486,1.1724,5.1171,3.4627,,,11300.0,11300.0,5038.76,158652.0,158652.0
688069.SH,20250121,14.29,14.35,13.94,14.1,14.28,-0.18,-1.2605,4697.29,6635.138,14.1,0.4157,0.9322,0.82,,47.3501,1.1774,5.139,3.4775,,,11300.0,11300.0,5038.76,159330.0,159330.0
688069.SH,20250120,14.04,14.36,14.04,14.28,14.03,0.25,1.7819,5840.55,8333.496,14.28,0.5169,1.1591,1.09,,47.9546,1.1924,5.2046,3.5219,,,11300.0,11300.0,5038.76,161364.0,161364.0
688069.SH,20250117,14.17,14.2,13.93,14.03,14.1,-0.07,-0.4965,4835.45,6803.493,14.03,0.4279,0.9597,0.98,,47.1151,1.1715,5.1135,3.4603,,,11300.0,11300.0,5038.76,158539.0,158539.0
688069.SH,20250116,14.28,14.45,14.0,14.1,14.25,-0.15,-1.0526,6051.58,8578.808,14.1,0.5355,1.201,1.45,,47.3501,1.1774,5.139,3.4775,,,11300.0,11300.0,5038.76,159330.0,159330.0
688069.SH,20250115,14.54,14.54,14.2,14.25,14.54,-0.29,-1.9945,6099.51,8746.791,14.25,0.5398,1.2105,1.63,,47.8538,1.1899,5.1936,3.5145,,,11300.0,11300.0,5038.76,161025.0,161025.0
688069.SH,20250114,14.2,14.54,14.04,14.54,14.01,0.53,3.783,5745.88,8264.645,14.54,0.5085,1.1403,1.59,,48.8277,1.2141,5.2993,3.586,,,11300.0,11300.0,5038.76,164302.0,164302.0
688069.SH,20250113,14.03,14.13,13.7,14.01,14.03,-0.02,-0.1426,3959.53,5520.179,14.01,0.3504,0.7858,1.16,,47.0479,1.1698,5.1062,3.4553,,,11300.0,11300.0,5038.76,158313.0,158313.0
688069.SH,20250110,14.12,14.4,14.03,14.03,14.18,-0.15,-1.0578,2937.11,4159.717,14.03,0.2599,0.5829,0.77,,47.1151,1.1715,5.1135,3.4603,,,11300.0,11300.0,5038.76,158539.0,158539.0
688069.SH,20250109,14.05,14.35,14.04,14.18,14.24,-0.06,-0.4213,2112.9,3004.384,14.18,0.187,0.4193,0.46,,47.6188,1.184,5.1681,3.4973,,,11300.0,11300.0,5038.76,160234.0,160234.0
688069.SH,20250108,14.34,14.6,13.89,14.24,14.35,-0.11,-0.7666,3966.38,5641.309,14.24,0.351,0.7872,0.87,,47.8203,1.1891,5.19,3.5121,,,11300.0,11300.0,5038.76,160912.0,160912.0
688069.SH,20250107,14.2,14.44,14.14,14.35,14.21,0.14,0.9852,5148.36,7355.26,14.35,0.4556,1.0218,1.2,,48.1897,1.1982,5.2301,3.5392,,,11300.0,11300.0,5038.76,162155.0,162155.0
688069.SH,20250106,14.19,14.37,13.91,14.21,14.19,0.02,0.1409,2911.56,4123.55,14.21,0.2577,0.5778,0.67,,47.7195,1.1865,5.1791,3.5047,,,11300.0,11300.0,5038.76,160573.0,160573.0
688069.SH,20250103,14.62,14.87,14.12,14.19,14.58,-0.39,-2.6749,4926.58,7085.091,14.19,0.436,0.9777,1.2,,47.6524,1.1849,5.1718,3.4997,,,11300.0,11300.0,5038.76,160347.0,160347.0
688069.SH,20250102,15.02,15.23,14.48,14.58,15.02,-0.44,-2.9294,5946.44,8802.543,14.58,0.5262,1.1801,1.54,,48.962,1.2174,5.3139,3.5959,,,11300.0,11300.0,5038.76,164754.0,164754.0
688069.SH,20241231,15.11,15.44,14.93,15.02,15.3,-0.28,-1.8301,3907.05,5912.103,15.02,0.3458,0.7754,0.98,,50.4396,1.2542,5.4743,3.7044,,,11300.0,11300.0,5038.76,169726.0,169726.0
688069.SH,20241230,15.37,15.39,15.14,15.3,15.52,-0.22,-1.4175,3846.23,5880.279,15.3,0.3404,0.7633,0.8,,51.3799,1.2776,5.5763,3.7735,,,11300.0,11300.0,5038.76,172890.0,172890.0
688069.SH,20241227,15.51,15.67,15.2,15.52,15.38,0.14,0.9103,3203.34,4987.927,15.52,0.2835,0.6357,0.59,,52.1187,1.2959,5.6565,3.8277,,,11300.0,11300.0,5038.76,175376.0,175376.0
688069.SH,20241226,15.14,15.67,15.14,15.38,15.15,0.23,1.5182,3620.24,5588.045,15.38,0.3204,0.7185,0.6,,51.6486,1.2842,5.6055,3.7932,,,11300.0,11300.0,5038.76,173794.0,173794.0
688069.SH,20241225,15.53,15.55,15.05,15.15,15.53,-0.38,-2.4469,4748.29,7220.664,15.15,0.4202,0.9424,0.71,,50.8762,1.265,5.5217,3.7365,,,11300.0,11300.0,5038.76,171195.0,171195.0
688069.SH,20241224,15.42,15.77,15.25,15.53,15.49,0.04,0.2582,4449.11,6873.179,15.53,0.3937,0.883,0.54,,52.1523,1.2968,5.6602,3.8302,,,11300.0,11300.0,5038.76,175489.0,175489.0
688069.SH,20241223,16.25,16.33,15.41,15.49,16.18,-0.69,-4.2645,7930.7,12492.602,15.49,0.7018,1.5739,0.85,,52.018,1.2934,5.6456,3.8204,,,11300.0,11300.0,5038.76,175037.0,175037.0
688069.SH,20241220,15.99,16.36,15.81,16.18,15.99,0.19,1.1882,6182.04,9997.618,16.18,0.5471,1.2269,0.53,,54.3351,1.351,5.8971,3.9905,,,11300.0,11300.0,5038.76,182834.0,182834.0
688069.SH,20241219,15.83,16.04,15.65,15.99,16.01,-0.02,-0.1249,7010.46,11126.811,15.99,0.6204,1.3913,0.56,,53.6971,1.3352,5.8278,3.9437,,,11300.0,11300.0,5038.76,180687.0,180687.0
688069.SH,20241218,16.19,16.36,15.8,16.01,16.2,-0.19,-1.1728,7990.5,12868.428,16.01,0.7071,1.5858,0.67,,53.7642,1.3368,5.8351,3.9486,,,11300.0,11300.0,5038.76,180913.0,180913.0
688069.SH,20241217,17.2,17.49,16.1,16.2,17.19,-0.99,-5.7592,12160.25,20087.925,16.2,1.0761,2.4133,1.15,,54.4023,1.3527,5.9044,3.9955,,,11300.0,11300.0,5038.76,183060.0,183060.0
688069.SH,20241216,17.61,17.87,17.04,17.19,17.42,-0.23,-1.3203,13182.17,22973.017,17.19,1.1666,2.6162,1.47,,57.7269,1.4354,6.2652,4.2396,,,11300.0,11300.0,5038.76,194247.0,194247.0
688069.SH,20241213,17.13,17.97,16.68,17.42,17.1,0.32,1.8713,17681.33,30533.029,17.42,1.5647,3.5091,2.71,,58.4992,1.4546,6.349,4.2964,,,11300.0,11300.0,5038.76,196846.0,196846.0
688069.SH,20241212,16.88,17.25,16.72,17.1,16.72,0.38,2.2727,11925.98,20356.006,17.1,1.0554,2.3668,2.33,,57.4246,1.4279,6.2324,4.2174,,,11300.0,11300.0,5038.76,193230.0,193230.0
688069.SH,20241211,16.55,16.92,16.55,16.72,16.68,0.04,0.2398,4349.52,7288.925,16.72,0.3849,0.8632,0.77,,56.1485,1.3961,6.0939,4.1237,,,11300.0,11300.0,5038.76,188936.0,188936.0
688069.SH,20241210,17.08,17.17,16.64,16.68,16.64,0.04,0.2404,5777.92,9748.699,16.68,0.5113,1.1467,1.04,,56.0142,1.3928,6.0793,4.1138,,,11300.0,11300.0,5038.76,188484.0,188484.0
688069.SH,20241209,16.6,16.86,16.41,16.64,16.62,0.02,0.1203,5249.39,8741.153,16.64,0.4645,1.0418,0.77,,55.8799,1.3895,6.0647,4.104,,,11300.0,11300.0,5038.76,188032.0,188032.0
688069.SH,20241206,16.71,16.79,16.43,16.62,16.62,0.0,0.0,5344.94,8887.349,16.62,0.473,1.0608,0.78,,55.8127,1.3878,6.0574,4.099,,,11300.0,11300.0,5038.76,187806.0,187806.0
688069.SH,20241205,16.52,16.71,16.4,16.62,16.52,0.1,0.6053,4914.54,8148.701,16.62,0.4349,0.9753,0.68,,55.8127,1.3878,6.0574,4.099,,,11300.0,11300.0,5038.76,187806.0,187806.0
688069.SH,20241204,16.98,16.98,16.31,16.52,16.91,-0.39,-2.3063,6824.54,11317.592,16.52,0.6039,1.3544,0.93,,55.4769,1.3794,6.021,4.0744,,,11300.0,11300.0,5038.76,186676.0,186676.0
688069.SH,20241203,16.83,17.05,16.73,16.91,16.96,-0.05,-0.2948,5542.63,9346.923,16.91,0.4905,1.1,0.71,,56.7866,1.412,6.1631,4.1706,,,11300.0,11300.0,5038.76,191083.0,191083.0
688069.SH,20241202,16.8,17.03,16.45,16.96,16.56,0.4,2.4155,11318.29,18951.924,16.96,1.0016,2.2462,1.68,,56.9545,1.4162,6.1814,4.1829,,,11300.0,11300.0,5038.76,191648.0,191648.0
688069.SH,20241129,16.3,16.56,16.16,16.56,16.29,0.27,1.6575,5721.51,9387.186,16.56,0.5063,1.1355,0.69,,55.6112,1.3828,6.0356,4.0842,,,11300.0,11300.0,5038.76,187128.0,187128.0
688069.SH,20241128,16.05,16.45,16.05,16.29,16.04,0.25,1.5586,6956.82,11348.934,16.29,0.6156,1.4437,0.71,,54.7045,1.3602,5.9372,4.0177,,,11300.0,11300.0,4818.76,184077.0,184077.0
688069.SH,20241127,15.75,16.2,15.44,16.04,15.95,0.09,0.5643,7302.5,11582.65,16.04,0.6462,1.5154,0.76,,53.865,1.3394,5.846,3.956,,,11300.0,11300.0,4818.76,181252.0,181252.0
688069.SH,20241126,16.13,16.35,15.78,15.95,16.15,-0.2,-1.2384,7554.56,12131.503,15.95,0.6685,1.5677,0.81,,53.5627,1.3318,5.8132,3.9338,,,11300.0,11300.0,4818.76,180235.0,180235.0
688069.SH,20241125,16.09,16.27,15.81,16.15,15.96,0.19,1.1905,6169.49,9915.547,16.15,0.546,1.2803,0.63,,54.2344,1.3485,5.8861,3.9831,,,11300.0,11300.0,4818.76,182495.0,182495.0
688069.SH,20241122,16.86,16.86,15.96,15.96,16.86,-0.9,-5.3381,13251.54,21677.885,15.96,1.1727,2.75,1.48,,53.5963,1.3327,5.8169,3.9363,,,11300.0,11300.0,4818.76,180348.0,180348.0
688069.SH,20241121,16.29,16.88,16.18,16.86,16.18,0.68,4.2027,14695.21,24342.013,16.86,1.3005,3.0496,1.81,,56.6187,1.4078,6.1449,4.1582,,,11300.0,11300.0,4818.76,190518.0,190518.0
688069.SH,20241120,15.72,16.29,15.72,16.18,15.88,0.3,1.8892,6245.64,10053.38,16.18,0.5527,1.2961,0.72,,54.3351,1.351,5.8971,3.9905,,,11300.0,11300.0,4818.76,182834.0,182834.0
688069.SH,20241119,15.68,15.96,15.57,15.88,15.57,0.31,1.991,6278.26,9906.118,15.88,0.5556,1.3029,0.64,,53.3277,1.326,5.7877,3.9165,,,11300.0,11300.0,4818.76,179444.0,179444.0
688069.SH,20241118,15.9,16.31,15.44,15.57,15.82,-0.25,-1.5803,8870.27,14057.125,15.57,0.785,1.8408,0.86,,52.2866,1.3001,5.6747,3.8401,,,11300.0,11300.0,4818.76,175941.0,175941.0
688069.SH,20241115,15.86,16.38,15.81,15.82,15.92,-0.1,-0.6281,8688.87,14003.296,15.82,0.7689,1.8031,0.81,,53.1262,1.321,5.7659,3.9017,,,11300.0,11300.0,4818.76,178766.0,178766.0
688069.SH,20241114,16.65,16.7,15.88,15.92,16.65,-0.73,-4.3844,10550.26,17114.429,15.92,0.9337,2.1894,0.99,,53.462,1.3293,5.8023,3.9264,,,11300.0,11300.0,4818.76,179896.0,179896.0
688069.SH,20241113,16.95,17.05,16.47,16.65,16.8,-0.15,-0.8929,9099.19,15227.7,16.65,0.8052,1.8883,0.87,,55.9134,1.3903,6.0684,4.1064,,,11300.0,11300.0,4818.76,188145.0,188145.0
688069.SH,20241112,16.98,17.15,16.64,16.8,16.98,-0.18,-1.0601,12173.86,20586.925,16.8,1.0773,2.5263,1.26,,56.4172,1.4028,6.123,4.1434,,,11300.0,11300.0,4818.76,189840.0,189840.0
688069.SH,20241111,16.37,16.99,16.23,16.98,16.22,0.76,4.6856,10775.31,17966.409,16.98,0.9536,2.2361,1.07,,57.0216,1.4178,6.1886,4.1878,,,11300.0,11300.0,4818.76,191874.0,191874.0
688069.SH,20241108,16.7,16.7,16.19,16.22,16.4,-0.18,-1.0976,11099.49,18258.62,16.22,0.9823,2.3034,1.08,,54.4694,1.3544,5.9116,4.0004,,,11300.0,11300.0,4818.76,183286.0,183286.0
688069.SH,20241107,16.09,16.44,15.95,16.4,15.97,0.43,2.6925,10293.41,16728.912,16.4,0.9109,2.1361,1.11,,55.0739,1.3694,5.9772,4.0448,,,11300.0,11300.0,4818.76,185320.0,185320.0
688069.SH,20241106,16.2,16.54,15.95,15.97,16.24,-0.27,-1.6626,7950.08,12917.321,15.97,0.7035,1.6498,0.78,,53.6299,1.3335,5.8205,3.9387,,,11300.0,11300.0,4818.76,180461.0,180461.0
688069.SH,20241105,16.05,16.29,15.79,16.24,15.81,0.43,2.7198,8328.75,13402.725,16.24,0.7371,1.7284,0.75,,54.5366,1.3561,5.9189,4.0053,,,11300.0,11300.0,4818.76,183512.0,183512.0
688069.SH,20241104,16.06,16.07,15.6,15.81,16.07,-0.26,-1.6179,12533.39,19784.759,15.81,1.1091,2.601,1.18,,53.0926,1.3201,5.7622,3.8993,,,11300.0,11300.0,4818.76,178653.0,178653.0
688069.SH,20241101,16.71,16.97,15.92,16.07,16.83,-0.76,-4.5157,12213.25,19847.135,16.07,1.0808,2.5345,1.18,,53.9657,1.3419,5.857,3.9634,,,11300.0,11300.0,4818.76,181591.0,181591.0
688069.SH,20241031,16.66,16.95,16.42,16.83,16.68,0.15,0.8993,5519.26,9269.306,16.83,0.4884,1.1454,0.51,,56.5179,1.4053,6.134,4.1508,,,11300.0,11300.0,4818.76,190179.0,190179.0
688069.SH,20241030,16.44,17.06,16.44,16.68,16.54,0.14,0.8464,12224.5,20491.52,16.68,1.0818,2.5369,1.21,,56.0142,1.3928,6.0793,4.1138,,,11300.0,11300.0,4818.76,188484.0,188484.0
688069.SH,20241029,17.39,17.77,16.52,16.54,17.55,-1.01,-5.755,13376.26,22645.722,16.54,1.1837,2.7759,1.54,,55.544,1.3811,6.0283,4.0793,,,11300.0,11300.0,4818.76,186902.0,186902.0
688069.SH,20241028,17.09,17.58,16.96,17.55,17.08,0.47,2.7518,9908.19,17242.191,17.55,0.8768,2.0562,1.13,,115.2401,1.4578,6.3964,4.84,,,11300.0,11300.0,4818.76,198315.0,198315.0
688069.SH,20241025,16.87,17.24,16.75,17.08,16.79,0.29,1.7272,10720.38,18283.365,17.08,0.9487,2.2247,1.28,,112.1538,1.4187,6.2251,4.7104,,,11300.0,11300.0,4818.76,193004.0,193004.0
688069.SH,20241024,16.59,16.98,16.17,16.79,16.56,0.23,1.3889,7976.23,13219.67,16.79,0.7059,1.6552,1.02,,110.2496,1.3946,6.1194,4.6304,,,11300.0,11300.0,4818.76,189727.0,189727.0
688069.SH,20241023,16.19,16.69,16.03,16.56,16.19,0.37,2.2854,8658.67,14226.792,16.56,0.7663,1.7969,1.2,,108.7393,1.3755,6.0356,4.567,,,11300.0,11300.0,4818.76,187128.0,187128.0
688069.SH,20241022,16.22,16.29,16.0,16.19,16.23,-0.04,-0.2465,6035.58,9761.456,16.19,0.5341,1.2525,0.84,,106.3098,1.3448,5.9007,4.4649,,,11300.0,11300.0,4818.76,182947.0,182947.0
688069.SH,20241021,16.09,16.35,15.77,16.23,15.84,0.39,2.4621,10447.66,16801.362,16.23,0.9246,2.1681,1.58,,106.5724,1.3481,5.9153,4.476,,,11300.0,11300.0,4818.76,183399.0,183399.0
688069.SH,20241018,15.59,16.15,15.43,15.84,15.51,0.33,2.1277,8902.64,14045.864,15.84,0.7878,1.8475,1.34,,104.0115,1.3157,5.7731,4.3684,,,11300.0,11300.0,4818.76,178992.0,178992.0
688069.SH,20241017,15.79,15.98,15.51,15.51,15.71,-0.2,-1.2731,5211.21,8230.137,15.51,0.4612,1.0814,0.71,,101.8446,1.2883,5.6529,4.2774,,,11300.0,11300.0,4818.76,175263.0,175263.0
688069.SH,20241016,15.8,15.99,15.6,15.71,15.85,-0.14,-0.8833,5334.66,8406.67,15.71,0.4721,1.1071,0.54,,103.1579,1.3049,5.7258,4.3326,,,11300.0,11300.0,4818.76,177523.0,177523.0
688069.SH,20241015,15.98,16.33,15.8,15.85,16.1,-0.25,-1.5528,6109.78,9774.817,15.85,0.5407,1.2679,0.44,,104.0772,1.3166,5.7768,4.3712,,,11300.0,11300.0,4818.76,179105.0,179105.0
688069.SH,20241014,16.16,16.21,15.72,16.1,15.8,0.3,1.8987,7559.25,12097.836,16.1,0.669,1.5687,0.49,,105.7188,1.3373,5.8679,4.4401,,,11300.0,11300.0,4818.76,181930.0,181930.0
688069.SH,20241011,16.59,16.59,15.54,15.8,16.45,-0.65,-3.9514,8959.17,14275.328,15.8,0.7928,1.8592,0.61,,103.7489,1.3124,5.7586,4.3574,,,11300.0,11300.0,4818.76,178540.0,178540.0
688069.SH,20241010,16.3,16.96,16.12,16.45,16.24,0.21,1.2931,8617.17,14262.751,16.45,0.7626,1.7883,0.63,,108.017,1.3664,5.9955,4.5366,,,11300.0,11300.0,4818.76,185885.0,185885.0
688069.SH,20241009,18.05,18.05,16.12,16.24,18.23,-1.99,-10.9161,17780.19,30054.472,16.24,1.5735,3.6898,1.6,,106.6381,1.349,5.9189,4.4787,,,11300.0,11300.0,4818.76,183512.0,183512.0
688069.SH,20241008,19.09,19.5,17.46,18.23,16.68,1.55,9.2926,26145.86,48061.374,18.23,2.3138,5.4258,3.97,,119.7052,1.5143,6.6442,5.0275,,,11300.0,11300.0,4818.76,205999.0,205999.0
688069.SH,20240930,15.15,16.68,15.15,16.68,14.78,1.9,12.8552,16177.36,25836.718,16.68,1.4316,3.3572,4.33,,109.5273,1.3855,6.0793,4.6001,,,11300.0,11300.0,4818.76,188484.0,188484.0
688069.SH,20240927,14.45,14.85,14.3,14.78,14.26,0.52,3.6466,4668.18,6841.531,14.78,0.4131,0.9688,1.4,,97.0512,1.2277,5.3868,4.0761,,,11300.0,11300.0,4818.76,167014.0,167014.0
688069.SH,20240926,14.0,14.3,13.81,14.26,14.0,0.26,1.8571,4143.46,5850.792,14.26,0.3667,0.8599,1.38,,93.6366,1.1845,5.1973,3.9327,,,11300.0,11300.0,4818.76,161138.0,161138.0
688069.SH,20240925,13.9,14.14,13.72,14.0,13.76,0.24,1.7442,4406.0,6148.977,14.0,0.3899,0.9143,1.59,,91.9294,1.1629,5.1025,3.861,,,11300.0,11300.0,4818.76,158200.0,158200.0
688069.SH,20240924,13.14,13.8,13.14,13.76,13.14,0.62,4.7184,3497.09,4723.992,13.76,0.3095,0.7257,1.23,,90.3535,1.143,5.0151,3.7948,,,11300.0,11300.0,4818.76,155488.0,155488.0
688069.SH,20240923,13.24,13.37,13.1,13.14,13.25,-0.11,-0.8302,1980.21,2615.506,13.14,0.1752,0.4109,0.7,,86.2823,1.0915,4.7891,3.6238,,,11300.0,11300.0,4818.76,148482.0,148482.0
688069.SH,20240920,13.24,13.34,13.12,13.25,13.31,-0.06,-0.4508,2600.28,3439.798,13.25,0.2301,0.5396,0.96,,87.0046,1.1006,4.8292,3.6541,,,11300.0,11300.0,4818.76,149725.0,149725.0
688069.SH,20240919,13.22,13.41,13.01,13.31,13.22,0.09,0.6808,2506.43,3330.444,13.31,0.2218,0.5201,0.92,,87.3986,1.1056,4.851,3.6707,,,11300.0,11300.0,4818.76,150403.0,150403.0
688069.SH,20240918,13.25,13.38,12.89,13.22,13.28,-0.06,-0.4518,3230.41,4236.538,13.22,0.2859,0.6704,1.28,,86.8076,1.0981,4.8182,3.6459,,,11300.0,11300.0,4818.76,149386.0,149386.0
688069.SH,20240913,13.75,13.76,13.2,13.28,13.7,-0.42,-3.0657,3935.75,5286.601,13.28,0.3483,0.8168,1.8,,87.2016,1.1031,4.8401,3.6624,,,11300.0,11300.0,4818.76,150064.0,150064.0
688069.SH,20240912,13.95,13.96,13.58,13.7,13.69,0.01,0.073,1929.41,2655.329,13.7,0.1707,0.4004,0.84,,89.9595,1.138,4.9932,3.7782,,,11300.0,11300.0,4818.76,154810.0,154810.0
688069.SH,20240911,13.88,13.94,13.58,13.69,13.81,-0.12,-0.8689,1971.45,2714.225,13.69,0.1745,0.4091,0.83,,89.8938,1.1371,4.9895,3.7755,,,11300.0,11300.0,4818.76,154697.0,154697.0
688069.SH,20240910,13.73,13.86,13.48,13.81,13.65,0.16,1.1722,2603.72,3569.772,13.81,0.2304,0.5403,0.88,,90.6818,1.1471,5.0333,3.8086,,,11300.0,11300.0,4818.76,156053.0,156053.0
688069.SH,20240909,13.84,14.02,13.54,13.86,13.89,-0.03,-0.216,2196.31,3037.117,13.86,0.1944,0.4558,0.41,,91.0101,1.1313,5.0515,3.8224,,,11300.0,11300.0,4818.76,156618.0,156618.0
688069.SH,20240906,14.28,14.31,13.82,13.89,14.32,-0.43,-3.0028,2202.47,3089.425,13.89,0.1949,0.4571,0.39,,91.2071,1.1337,5.0624,3.8306,,,11300.0,11300.0,4818.76,156957.0,156957.0
688069.SH,20240905,14.12,14.38,14.06,14.32,14.12,0.2,1.4164,2501.89,3566.488,14.32,0.2214,0.5192,0.44,,94.0306,1.1688,5.2192,3.9492,,,11300.0,11300.0,4818.76,161816.0,161816.0
688069.SH,20240904,14.18,14.42,14.07,14.12,14.45,-0.33,-2.2837,2443.52,3471.895,14.12,0.2162,0.5071,0.42,,92.7174,1.1525,5.1463,3.8941,,,11300.0,11300.0,4818.76,159556.0,159556.0
688069.SH,20240903,14.6,14.6,13.96,14.45,14.39,0.06,0.417,5503.74,7880.813,14.45,0.4871,1.1421,1.06,,94.8843,1.1795,5.2665,3.9851,,,11300.0,11300.0,4818.76,163285.0,163285.0
688069.SH,20240902,13.62,14.83,13.54,14.39,13.62,0.77,5.6535,14273.1,20318.039,14.39,1.2631,2.962,4.73,,94.4903,1.1746,5.2447,3.9685,,,11300.0,11300.0,4818.76,162607.0,162607.0
688069.SH,20240830,13.42,13.67,13.2,13.62,13.38,0.24,1.7937,3164.89,4270.346,13.62,0.2801,0.6568,1.02,,89.4342,1.1117,4.964,3.7562,,,11300.0,11300.0,4818.76,153906.0,153906.0
688069.SH,20240829,13.07,13.54,12.8,13.38,13.07,0.31,2.3718,3286.68,4367.835,13.38,0.2909,0.6821,1.14,,87.8582,1.0921,4.8766,3.69,,,11300.0,11300.0,4818.76,151194.0,151194.0
688069.SH,20240828,12.86,13.26,12.78,13.07,12.95,0.12,0.9266,2918.62,3812.486,13.07,0.2583,0.6057,0.96,,85.8226,1.0668,4.7636,3.6045,,,11300.0,11300.0,4818.76,147691.0,147691.0
688069.SH,20240827,13.01,13.17,12.88,12.95,13.0,-0.05,-0.3846,2261.51,2936.458,12.95,0.2001,0.4693,0.49,,85.0347,1.057,4.7198,3.5714,,,11300.0,11300.0,4818.76,146335.0,146335.0
688069.SH,20240826,12.94,13.27,12.83,13.0,12.97,0.03,0.2313,3470.1,4523.328,13.0,0.3071,0.7201,0.7,,85.363,1.0611,4.7381,3.5852,,,11300.0,11300.0,4818.76,146900.0,146900.0
688069.SH,20240823,12.72,13.14,12.72,12.97,12.99,-0.02,-0.154,3530.71,4567.526,12.97,0.3125,0.7327,0.58,,85.166,1.0586,4.7271,3.5769,,,11300.0,11300.0,4818.76,146561.0,146561.0
688069.SH,20240822,13.26,13.39,12.98,12.99,13.26,-0.27,-2.0362,2288.87,2999.157,12.99,0.2026,0.475,0.37,,85.2973,1.0603,4.7344,3.5824,,,11300.0,11300.0,4818.76,146787.0,146787.0
688069.SH,20240821,13.12,13.35,13.04,13.26,13.24,0.02,0.1511,3572.24,4724.088,13.26,0.3161,0.7413,0.59,,87.0703,1.0823,4.8328,3.6569,,,11300.0,11300.0,4818.76,149838.0,149838.0
688069.SH,20240820,14.38,14.38,13.04,13.24,14.07,-0.83,-5.8991,10427.07,14053.026,13.24,0.9227,2.1638,2.18,,86.9389,1.0807,4.8255,3.6514,,,11300.0,11300.0,4818.76,149612.0,149612.0
688069.SH,20240819,14.05,14.13,13.66,14.07,14.18,-0.11,-0.7757,4850.7,6760.218,14.07,0.4293,1.0066,1.17,,92.389,1.1484,5.128,3.8803,,,11300.0,11300.0,4818.76,158991.0,158991.0
688069.SH,20240816,13.84,14.36,13.8,14.18,13.82,0.36,2.6049,9416.46,13341.109,14.18,0.8333,1.9541,3.67,,93.1113,1.1574,5.1681,3.9106,,,11300.0,11300.0,4818.76,160234.0,160234.0
688069.SH,20240815,13.68,13.9,13.59,13.82,13.65,0.17,1.2454,2750.52,3789.297,13.82,0.2434,0.5708,1.14,,,1.1347,5.0369,4.9228,,,11300.0,11300.0,4818.76,156166.0,156166.0
688069.SH,20240814,13.67,13.86,13.52,13.65,13.67,-0.02,-0.1463,2836.14,3890.626,13.65,0.251,0.5886,1.13,,,1.1207,4.975,4.8622,,,11300.0,11300.0,4818.76,154245.0,154245.0
688069.SH,20240813,13.43,13.76,13.16,13.67,13.31,0.36,2.7047,4080.98,5534.405,13.67,0.3611,0.8469,1.96,,,1.1223,4.9823,4.8694,,,11300.0,11300.0,4818.76,154471.0,154471.0
688069.SH,20240812,13.25,13.46,13.16,13.31,13.18,0.13,0.9863,1589.87,2120.184,13.31,0.1407,0.3299,0.62,,,1.0928,4.851,4.7411,,,11300.0,11300.0,4818.76,150403.0,150403.0
688069.SH,20240809,13.27,13.5,13.16,13.18,13.3,-0.12,-0.9023,1561.43,2075.489,13.18,0.1382,0.324,0.57,,,1.0821,4.8037,4.6948,,,11300.0,11300.0,4818.76,148934.0,148934.0
688069.SH,20240808,13.16,13.42,13.02,13.3,13.39,-0.09,-0.6721,1948.19,2571.839,13.3,0.1724,0.4043,0.68,,,1.092,4.8474,4.7376,,,11300.0,11300.0,4818.76,150290.0,150290.0
688069.SH,20240807,13.12,13.52,13.05,13.39,13.2,0.19,1.4394,3400.01,4546.318,13.39,0.3009,0.7056,1.12,,,1.0993,4.8802,4.7696,,,11300.0,11300.0,4818.76,151307.0,151307.0
688069.SH,20240806,13.16,13.27,13.03,13.2,12.95,0.25,1.9305,1896.08,2490.644,13.2,0.1678,0.3935,0.56,,,1.0838,4.811,4.7019,,,11300.0,11300.0,4818.76,149160.0,149160.0
688069.SH,20240805,13.3,13.64,12.88,12.95,13.43,-0.48,-3.5741,4063.78,5397.178,12.95,0.3596,0.8433,1.25,,,1.0632,4.7198,4.6129,,,11300.0,11300.0,4818.76,146335.0,146335.0
688069.SH,20240802,13.41,13.58,13.31,13.43,13.38,0.05,0.3737,2401.91,3232.244,13.43,0.2126,0.4984,0.69,,,1.1026,4.8948,4.7839,,,11300.0,11300.0,4818.76,151759.0,151759.0
688069.SH,20240801,13.4,13.56,13.28,13.38,13.47,-0.09,-0.6682,2652.57,3564.754,13.38,0.2347,0.5505,0.75,,,1.0985,4.8766,4.766,,,11300.0,11300.0,4818.76,151194.0,151194.0
688069.SH,20240731,13.15,13.56,13.1,13.47,13.12,0.35,2.6677,4137.48,5538.43,13.47,0.3661,0.8586,1.19,,,1.1059,4.9094,4.7981,,,11300.0,11300.0,4818.76,152211.0,152211.0
688069.SH,20240730,13.04,13.26,12.84,13.12,13.03,0.09,0.6907,3651.07,4800.06,13.12,0.3231,0.7577,0.9,,,1.0772,4.7818,4.6734,,,11300.0,11300.0,4818.76,148256.0,148256.0
688069.SH,20240729,13.02,13.15,12.88,13.03,13.08,-0.05,-0.3823,3428.77,4458.822,13.03,0.3034,0.7115,0.58,,,1.0698,4.749,4.6414,,,11300.0,11300.0,4818.76,147239.0,147239.0
688069.SH,20240726,12.98,13.2,12.98,13.08,13.02,0.06,0.4608,3540.6,4635.263,13.08,0.3133,0.7348,0.61,,,1.0739,4.7672,4.6592,,,11300.0,11300.0,4818.76,147804.0,147804.0
688069.SH,20240725,12.87,13.18,12.81,13.02,12.87,0.15,1.1655,2819.15,3658.95,13.02,0.2495,0.585,0.48,,,1.069,4.7454,4.6378,,,11300.0,11300.0,4818.76,147126.0,147126.0
688069.SH,20240724,12.92,13.25,12.83,12.87,13.19,-0.32,-2.4261,3940.77,5131.913,12.87,0.3487,0.8178,0.71,,,1.0567,4.6907,4.5844,,,11300.0,11300.0,4818.76,145431.0,145431.0
688069.SH,20240723,13.0,13.57,12.92,13.19,13.13,0.06,0.457,6571.94,8730.601,13.19,0.5816,1.3638,1.42,,,1.0829,4.8073,4.6984,,,11300.0,11300.0,4818.76,149047.0,149047.0
688069.SH,20240722,13.6,13.79,12.73,13.13,13.7,-0.57,-4.1606,12701.42,16582.442,13.13,1.124,2.6358,3.22,,,1.078,4.7854,4.677,,,11300.0,11300.0,4818.76,148369.0,148369.0
688069.SH,20240719,13.66,13.93,13.41,13.7,13.51,0.19,1.4064,3043.47,4187.364,13.7,0.2693,0.6316,0.73,,,1.1248,4.9932,4.88,,,11300.0,11300.0,4818.76,154810.0,154810.0
688069.SH,20240718,13.83,13.92,13.33,13.51,13.92,-0.41,-2.9454,3100.41,4207.094,13.51,0.2744,0.6434,0.69,,,1.1092,4.9239,4.8124,,,11300.0,11300.0,4818.76,152663.0,152663.0
688069.SH,20240717,14.21,14.24,13.5,13.92,14.2,-0.28,-1.9718,2249.82,3163.299,13.92,0.1991,0.4669,0.52,,,1.1429,5.0734,4.9584,,,11300.0,11300.0,4818.76,157296.0,157296.0
688069.SH,20240716,14.18,14.38,14.13,14.2,14.29,-0.09,-0.6298,2062.28,2939.119,14.2,0.1825,0.428,0.48,,,1.1659,5.1754,5.0581,,,11300.0,11300.0,4818.76,160460.0,160460.0
688069.SH,20240715,14.79,14.85,14.18,14.29,13.86,0.43,3.1025,9239.29,13336.354,14.29,0.8176,1.9174,2.93,,,1.1732,5.2082,5.0902,,,11300.0,11300.0,4818.76,161477.0,161477.0
688069.SH,20240712,13.45,14.07,13.32,13.86,13.41,0.45,3.3557,4144.69,5748.46,13.86,0.3668,0.8601,1.58,,,1.1379,5.0515,4.937,,,11300.0,11300.0,4818.76,156618.0,156618.0
688069.SH,20240711,13.22,13.84,13.21,13.41,13.22,0.19,1.4372,4852.41,6571.539,13.41,0.4294,1.007,2.2,,,1.101,4.8875,4.7767,,,11300.0,11300.0,4818.76,151533.0,151533.0
688069.SH,20240710,13.06,13.37,13.06,13.22,13.24,-0.02,-0.1511,1507.34,1995.865,13.22,0.1334,0.3128,0.62,,,1.0854,4.8182,4.7091,,,11300.0,11300.0,4818.76,149386.0,149386.0
688069.SH,20240709,13.0,13.27,12.75,13.24,12.95,0.29,2.2394,1702.91,2222.035,13.24,0.1507,0.3534,0.75,,,1.087,4.8255,4.7162,,,11300.0,11300.0,4818.76,149612.0,149612.0
688069.SH,20240708,13.23,13.37,12.71,12.95,13.36,-0.41,-3.0689,3578.27,4661.923,12.95,0.3117,0.7157,1.96,,,1.0803,4.7955,4.6868,,,11481.064,11481.064,4999.824,148679.7788,148679.7788
688069.SH,20240705,13.18,13.43,13.03,13.36,13.1,0.26,1.9847,1454.57,1935.088,13.36,0.1267,0.2909,0.75,,,1.1145,4.9473,4.8352,,,11481.064,11481.064,4999.824,153387.015,153387.015
688069.SH,20240704,13.58,13.67,13.08,13.1,13.66,-0.56,-4.0996,2784.09,3684.992,13.1,0.2425,0.5568,1.55,,,1.0928,4.851,4.7411,,,11481.064,11481.064,4999.824,150401.9384,150401.9384
688069.SH,20240703,13.75,13.88,13.28,13.66,13.61,0.05,0.3674,2558.41,3479.873,13.66,0.2228,0.5117,1.53,,,1.1395,5.0584,4.9438,,,11481.064,11481.064,4999.824,156831.3342,156831.3342
688069.SH,20240702,13.27,13.77,13.27,13.61,13.53,0.08,0.5913,1000.16,1364.524,13.61,0.0871,0.2,0.53,,,1.1353,5.0399,4.9257,,,11481.064,11481.064,4999.824,156257.281,156257.281
688069.SH,20240701,13.23,13.67,13.23,13.53,13.44,0.09,0.6696,1315.61,1767.83,13.53,0.1146,0.2631,0.57,,,1.1286,5.0102,4.8967,,,11481.064,11481.064,4999.824,155338.7959,155338.7959
688069.SH,20240628,13.38,13.68,13.28,13.44,13.38,0.06,0.4484,2003.73,2714.361,13.44,0.1745,0.4008,0.77,,,1.1211,4.9769,4.8641,,,11481.064,11481.064,4999.824,154305.5002,154305.5002
688069.SH,20240627,13.67,13.82,13.34,13.38,13.72,-0.34,-2.4781,2106.46,2855.515,13.38,0.1835,0.4213,0.54,,,1.1161,4.9547,4.8424,,,11481.064,11481.064,4999.824,153616.6363,153616.6363
688069.SH,20240626,13.33,13.76,13.06,13.72,13.38,0.34,2.5411,1921.98,2596.764,13.72,0.1674,0.3844,0.46,,,1.1445,5.0806,4.9655,,,11481.064,11481.064,4999.824,157520.1981,157520.1981
688069.SH,20240625,13.16,13.56,13.16,13.38,13.42,-0.04,-0.2981,2061.24,2754.916,13.38,0.1795,0.4123,0.48,,,1.1161,4.9547,4.8424,,,11481.064,11481.064,4999.824,153616.6363,153616.6363
688069.SH,20240624,14.15,14.35,13.41,13.42,14.17,-0.75,-5.2929,3524.83,4835.249,13.42,0.307,0.705,0.84,,,1.1195,4.9695,4.8569,,,11481.064,11481.064,4999.824,154075.8789,154075.8789
688069.SH,20240621,14.29,14.5,14.06,14.17,14.58,-0.41,-2.8121,3469.55,4937.38,14.17,0.3022,0.6939,0.79,,,1.182,5.2472,5.1283,,,11481.064,11481.064,4999.824,162686.6769,162686.6769
688069.SH,20240620,14.27,15.08,14.09,14.58,14.28,0.3,2.1008,8408.65,12229.039,14.58,0.7324,1.6818,2.32,,,1.2162,5.3991,5.2767,,,11481.064,11481.064,4999.824,167393.9131,167393.9131
688069.SH,20240619,14.47,14.65,14.21,14.28,14.54,-0.26,-1.7882,3250.32,4682.637,14.28,0.2831,0.6501,0.76,,,1.1912,5.288,5.1681,,,11481.064,11481.064,4999.824,163949.5939,163949.5939
688069.SH,20240618,14.63,14.72,14.39,14.54,14.64,-0.1,-0.6831,2596.77,3769.677,14.54,0.2262,0.5194,0.58,,,1.2129,5.3843,5.2622,,,11481.064,11481.064,4999.824,166934.6706,166934.6706
688069.SH,20240617,14.61,14.76,14.33,14.64,14.64,0.0,0.0,3313.63,4834.203,14.64,0.2886,0.6627,0.76,,,1.2212,5.4213,5.2984,,,11481.064,11481.064,4999.824,168082.777,168082.777
688069.SH,20240614,14.77,14.91,14.33,14.64,14.6,0.04,0.274,4514.96,6627.237,14.64,0.3933,0.903,0.94,,,1.2212,5.4213,5.2984,,,11481.064,11481.064,4999.824,168082.777,168082.777
688069.SH,20240613,14.58,14.73,14.21,14.6,14.57,0.03,0.2059,4445.46,6464.745,14.6,0.3872,0.8891,0.95,,,1.2179,5.4065,5.284,,,11481.064,11481.064,4999.824,167623.5344,167623.5344
688069.SH,20240612,14.08,14.72,13.88,14.57,14.08,0.49,3.4801,6506.95,9373.031,14.57,0.5668,1.3014,1.51,,,1.2154,5.3954,5.2731,,,11481.064,11481.064,4999.824,167279.1025,167279.1025
688069.SH,20240611,13.79,14.2,13.44,14.08,13.73,0.35,2.5492,3628.8,5041.597,14.08,0.3161,0.7258,0.68,,,1.1745,5.2139,5.0958,,,11481.064,11481.064,4999.824,161653.3811,161653.3811
688069.SH,20240607,13.36,13.81,13.35,13.73,13.34,0.39,2.9235,2760.02,3767.636,13.73,0.2404,0.552,0.39,,,1.1453,5.0843,4.9691,,,11481.064,11481.064,4999.824,157635.0087,157635.0087
688069.SH,20240606,14.14,14.14,13.09,13.34,13.95,-0.61,-4.3728,6565.01,8775.692,13.34,0.5718,1.313,0.82,,,1.1128,4.9399,4.8279,,,11481.064,11481.064,4999.824,153157.3938,153157.3938
688069.SH,20240605,14.36,14.36,13.89,13.95,14.32,-0.37,-2.5838,3993.07,5656.497,13.95,0.3478,0.7986,0.53,,,1.1637,5.1658,5.0487,,,11481.064,11481.064,4999.824,160160.8428,160160.8428
688069.SH,20240604,14.44,14.44,13.99,14.32,14.39,-0.07,-0.4864,4592.71,6520.756,14.32,0.4,0.9186,0.63,,,1.1945,5.3028,5.1826,,,11481.064,11481.064,4999.824,164408.8365,164408.8365
688069.SH,20240603,15.14,15.18,14.05,14.39,15.37,-0.98,-6.3761,8898.13,12997.13,14.39,0.775,1.7797,1.42,,,1.2004,5.3287,5.208,,,11481.064,11481.064,4999.824,165212.511,165212.511
688069.SH,20240531,15.11,15.75,14.82,15.37,15.09,0.28,1.8555,11535.47,17588.052,15.37,1.0047,2.3072,2.63,,,1.2821,5.6916,5.5626,,,11481.064,11481.064,4999.824,176463.9537,176463.9537
688069.SH,20240530,14.42,15.48,14.06,15.09,14.21,0.88,6.1928,11224.93,16682.709,15.09,0.9777,2.2451,4.14,,,1.2588,5.5879,5.4613,,,11481.064,11481.064,4999.824,173249.2558,173249.2558
688069.SH,20240529,14.06,14.39,13.85,14.21,14.04,0.17,1.2108,1519.83,2163.82,14.21,0.1324,0.304,0.5,,,1.1854,5.2621,5.1428,,,11481.064,11481.064,4999.824,163145.9194,163145.9194
688069.SH,20240528,14.5,14.5,13.95,14.04,14.33,-0.29,-2.0237,3343.67,4725.061,14.04,0.2912,0.6688,1.17,,,1.1712,5.1991,5.0813,,,11481.064,11481.064,4999.824,161194.1386,161194.1386
688069.SH,20240527,14.68,14.69,14.0,14.33,14.5,-0.17,-1.1724,3753.96,5347.826,14.33,0.327,0.7508,1.52,,,1.1954,5.3065,5.1862,,,11481.064,11481.064,4999.824,164523.6471,164523.6471
688069.SH,20240524,14.72,14.83,14.42,14.5,14.75,-0.25,-1.6949,2062.28,3017.112,14.5,0.1796,0.4125,0.84,,,1.2096,5.3694,5.2478,,,11481.064,11481.064,4999.824,166475.428,166475.428
688069.SH,20240523,14.96,15.1,14.66,14.75,15.02,-0.27,-1.7976,2878.41,4261.437,14.75,0.2507,0.5757,1.27,,,1.2304,5.462,5.3382,,,11481.064,11481.064,4999.824,169345.694,169345.694
688069.SH,20240522,15.01,15.2,14.87,15.02,15.01,0.01,0.0666,3243.44,4866.227,15.02,0.2825,0.6487,1.57,,,1.2529,5.562,5.436,,,11481.064,11481.064,4999.824,172445.5813,172445.5813
688069.SH,20240521,14.98,15.22,14.75,15.01,14.94,0.07,0.4685,2355.15,3532.445,15.01,0.2051,0.471,1.08,,,1.2521,5.5583,5.4323,,,11481.064,11481.064,4999.824,172330.7706,172330.7706
688069.SH,20240520,15.05,15.13,14.88,14.94,14.9,0.04,0.2685,1782.71,2671.26,14.94,0.1553,0.3566,0.79,,,1.2463,5.5324,5.407,,,11481.064,11481.064,4999.824,171527.0962,171527.0962
688069.SH,20240517,14.96,14.96,14.56,14.9,14.7,0.2,1.3605,2079.1,3075.659,14.9,0.1811,0.4158,0.97,,,1.2429,5.5176,5.3925,,,11481.064,11481.064,4999.824,171067.8536,171067.8536
688069.SH,20240516,14.69,14.74,14.4,14.7,14.53,0.17,1.17,1844.97,2702.684,14.7,0.1607,0.369,0.86,,,1.2262,5.4435,5.3201,,,11481.064,11481.064,4999.824,168771.6408,168771.6408
688069.SH,20240515,14.73,15.0,14.48,14.53,14.71,-0.18,-1.2237,2278.28,3340.498,14.53,0.1984,0.4557,1.07,,,1.2121,5.3806,5.2586,,,11481.064,11481.064,4999.824,166819.8599,166819.8599
688069.SH,20240514,14.45,14.82,14.34,14.71,14.39,0.32,2.2238,2936.36,4295.71,14.71,0.2558,0.5873,1.47,,,1.2271,5.4472,5.3238,,,11481.064,11481.064,4999.824,168886.4514,168886.4514
688069.SH,20240513,14.77,14.77,14.21,14.39,14.74,-0.35,-2.3745,2105.94,3056.333,14.39,0.1834,0.4212,0.91,,,1.2004,5.3287,5.208,,,11481.064,11481.064,4999.824,165212.511,165212.511
688069.SH,20240510,14.98,15.03,14.6,14.74,14.8,-0.06,-0.4054,1556.92,2299.922,14.74,0.1356,0.3114,0.57,,,1.2296,5.4583,5.3346,,,11481.064,11481.064,4999.824,169230.8834,169230.8834
688069.SH,20240509,14.77,14.89,14.51,14.8,14.77,0.03,0.2031,1888.71,2793.276,14.8,0.1645,0.3778,0.62,,,1.2346,5.4805,5.3563,,,11481.064,11481.064,4999.824,169919.7472,169919.7472
688069.SH,20240508,15.19,15.19,14.68,14.77,14.98,-0.21,-1.4019,2126.41,3149.181,14.77,0.1852,0.4253,0.68,,,1.2321,5.4694,5.3455,,,11481.064,11481.064,4999.824,169575.3153,169575.3153
688069.SH,20240507,15.36,15.36,14.81,14.98,15.06,-0.08,-0.5312,2300.46,3438.752,14.98,0.2004,0.4601,0.68,,,1.2496,5.5472,5.4215,,,11481.064,11481.064,4999.824,171986.3387,171986.3387
688069.SH,20240506,14.8,15.06,14.44,15.06,14.44,0.62,4.2936,3751.36,5575.06,15.06,0.3267,0.7503,1.25,,,1.2563,5.5768,5.4504,,,11481.064,11481.064,4999.824,172904.8238,172904.8238
688069.SH,20240430,14.81,14.81,14.3,14.44,14.41,0.03,0.2082,3704.27,5350.947,14.44,0.3226,0.7409,1.36,,,1.2046,5.3472,5.226,,,11481.064,11481.064,4999.824,165786.5642,165786.5642
688069.SH,20240429,14.7,14.75,14.03,14.41,14.26,0.15,1.0519,3335.63,4799.096,14.41,0.2905,0.6671,1.33,,,1.2021,5.3361,5.2152,,,11481.064,11481.064,4999.824,165442.1322,165442.1322
688069.SH,20240426,14.11,14.44,13.91,14.26,14.25,0.01,0.0702,2622.08,3746.758,14.26,0.2284,0.5442,1.18,29.0138,,1.1475,3.6478,5.3146,,,11481.064,11481.064,4817.9605,163719.9726,163719.9726
688069.SH,20240425,14.08,14.37,13.82,14.25,13.79,0.46,3.3358,3572.66,5057.558,14.25,0.3112,0.7415,1.75,28.9934,,1.1467,3.6452,5.3109,,,11481.064,11481.064,4817.9605,163605.162,163605.162
688069.SH,20240424,13.68,13.8,13.51,13.79,13.61,0.18,1.3226,1783.22,2445.746,13.79,0.1553,0.3701,0.69,28.0575,,1.1097,3.5276,5.1394,,,11481.064,11481.064,4817.9605,158323.8726,158323.8726
688069.SH,20240423,13.68,13.72,13.47,13.61,13.59,0.02,0.1472,2304.35,3127.193,13.61,0.2007,0.4686,0.65,27.6913,,1.0952,3.4815,5.0724,,,11481.064,11481.064,4917.9605,156257.281,156257.281
688069.SH,20240422,13.42,13.77,13.32,13.59,13.7,-0.11,-0.8029,2248.57,3053.367,13.59,0.1942,0.4572,0.55,27.8914,,1.1031,3.5067,5.109,,,11581.064,11581.064,4917.9605,157386.6598,157386.6598
688069.SH,20240419,13.68,13.85,13.51,13.7,13.8,-0.1,-0.7246,1221.02,1665.755,13.7,0.1054,0.2483,0.3,28.1172,,1.1121,3.5351,5.1504,,,11581.064,11581.064,4917.9605,158660.5768,158660.5768
688069.SH,20240418,13.55,13.97,13.54,13.8,13.85,-0.05,-0.361,2662.71,3657.228,13.8,0.2299,0.5414,0.66,28.3224,,1.1202,3.5609,5.188,,,11581.064,11581.064,4917.9605,159818.6832,159818.6832
688069.SH,20240417,13.71,14.07,13.2,13.85,13.52,0.33,2.4408,4470.01,6163.655,13.85,0.386,0.9089,1.24,28.425,,1.1243,3.5738,5.2068,,,11581.064,11581.064,4917.9605,160397.7364,160397.7364
688069.SH,20240416,14.01,14.2,13.0,13.52,14.33,-0.81,-5.6525,7208.34,9557.854,13.52,0.6224,1.4657,2.88,27.7477,,1.0975,3.4886,5.0827,,,11581.064,11581.064,4917.9605,156575.9853,156575.9853
688069.SH,20240415,14.65,15.2,14.1,14.33,15.28,-0.95,-6.2173,4842.5,6976.875,14.33,0.4181,0.9847,2.35,29.4101,,1.1632,3.6976,5.3872,,,11581.064,11581.064,4917.9605,165956.6471,165956.6471
688069.SH,20240412,15.56,15.68,15.23,15.28,15.57,-0.29,-1.8626,1467.47,2264.88,15.28,0.1267,0.2984,0.63,31.3599,,1.2403,3.9427,5.7444,,,11581.064,11581.064,4917.9605,176958.6579,176958.6579
688069.SH,20240411,15.42,16.14,15.22,15.57,15.45,0.12,0.7767,2176.49,3389.414,15.57,0.1879,0.4426,0.95,31.955,,1.2639,4.0176,5.8534,,,11581.064,11581.064,4917.9605,180317.1665,180317.1665
688069.SH,20240410,15.83,15.84,15.36,15.45,15.82,-0.37,-2.3388,2263.02,3513.735,15.45,0.1954,0.4602,0.86,31.7088,,1.2541,3.9866,5.8083,,,11581.064,11581.064,4917.9605,178927.4388,178927.4388
688069.SH,20240409,15.52,15.95,15.5,15.82,15.61,0.21,1.3453,1753.02,2764.665,15.82,0.1514,0.3565,0.65,32.4681,,1.2842,4.0821,5.9474,,,11581.064,11581.064,4917.9605,183212.4325,183212.4325
688069.SH,20240408,16.18,16.18,15.61,15.61,16.14,-0.53,-3.2838,2656.88,4211.851,15.61,0.2294,0.5402,0.98,32.0371,,1.2671,4.0279,5.8684,,,11581.064,11581.064,4917.9605,180780.409,180780.409
688069.SH,20240403,16.3,16.34,15.71,16.14,16.3,-0.16,-0.9816,2795.75,4514.92,16.14,0.2414,0.5685,1.1,33.1249,,1.3101,4.1647,6.0677,,,11581.064,11581.064,4917.9605,186918.373,186918.373
688069.SH,20240402,16.55,16.68,16.09,16.3,16.38,-0.08,-0.4884,2025.88,3300.473,16.3,0.1749,0.4119,0.8,33.4533,,1.3231,4.2059,6.1278,,,11581.064,11581.064,4917.9605,188771.3432,188771.3432
688069.SH,20240401,15.96,16.46,15.86,16.38,15.85,0.53,3.3438,3981.75,6432.558,16.38,0.3438,0.8096,1.78,33.6174,,1.3296,4.2266,6.1579,,,11581.064,11581.064,4917.9605,189697.8283,189697.8283
688069.SH,20240329,15.9,16.06,15.58,15.85,15.84,0.01,0.0631,1934.62,3053.807,15.85,0.1671,0.3934,0.75,32.5297,,1.2866,4.0898,5.9586,,,11581.064,11581.064,4917.9605,183559.8644,183559.8644
688069.SH,20240328,15.38,15.96,15.38,15.84,15.51,0.33,2.1277,2846.86,4471.548,15.84,0.2458,0.5789,1.11,32.5092,,1.2858,4.0872,5.9549,,,11581.064,11581.064,4917.9605,183444.0538,183444.0538
688069.SH,20240327,16.23,16.23,15.49,15.51,15.91,-0.4,-2.5141,1967.94,3088.842,15.51,0.1699,0.4002,0.74,31.8319,,1.259,4.0021,5.8308,,,11581.064,11581.064,4917.9605,179622.3026,179622.3026
688069.SH,20240326,16.19,16.19,15.72,15.91,16.04,-0.13,-0.8105,1875.95,2992.022,15.91,0.162,0.3814,0.7,32.6528,,1.2915,4.1053,5.9812,,,11581.064,11581.064,4917.9605,184254.7282,184254.7282
688069.SH,20240325,16.3,16.58,16.02,16.04,16.33,-0.29,-1.7759,2574.51,4171.196,16.04,0.2223,0.5235,0.97,32.9196,,1.302,4.1389,6.0301,,,11581.064,11581.064,4917.9605,185760.2666,185760.2666
688069.SH,20240322,16.95,16.98,16.25,16.33,16.82,-0.49,-2.9132,3655.43,6047.455,16.33,0.3156,0.7433,1.49,33.5148,,1.3256,4.2137,6.1391,,,11581.064,11581.064,4917.9605,189118.7751,189118.7751
688069.SH,20240321,17.2,17.23,16.63,16.82,16.97,-0.15,-0.8839,2721.13,4601.013,16.82,0.235,0.5533,1.21,34.5205,,1.3653,4.3401,6.3233,,,11581.064,11581.064,4917.9605,194793.4965,194793.4965
688069.SH,20240320,16.76,17.1,16.76,16.97,16.86,0.11,0.6524,2436.37,4126.858,16.97,0.2104,0.4954,1.1,34.8283,,1.3775,4.3788,6.3797,,,11581.064,11581.064,4917.9605,196530.6561,196530.6561
688069.SH,20240319,17.02,17.12,16.73,16.86,16.94,-0.08,-0.4723,2045.55,3465.555,16.86,0.1766,0.4159,0.79,34.6026,,1.3686,4.3504,6.3383,,,11581.064,11581.064,4917.9605,195256.739,195256.739
688069.SH,20240318,16.6,16.97,16.54,16.94,16.54,0.4,2.4184,2404.97,4020.387,16.94,0.2077,0.489,0.86,34.7668,,1.3751,4.3711,6.3684,,,11581.064,11581.064,4917.9605,196183.2242,196183.2242
688069.SH,20240315,16.32,16.67,16.11,16.54,16.32,0.22,1.348,2639.48,4323.296,16.54,0.2279,0.5367,0.96,33.9458,,1.3426,4.2679,6.218,,,11581.064,11581.064,4917.9605,191550.7986,191550.7986
688069.SH,20240314,16.54,16.63,16.16,16.32,16.35,-0.03,-0.1835,1764.52,2890.11,16.32,0.1524,0.3588,0.59,33.4943,,1.3248,4.2111,6.1353,,,11581.064,11581.064,4917.9605,189002.9645,189002.9645
688069.SH,20240313,16.62,16.73,16.33,16.35,16.73,-0.38,-2.2714,2258.32,3719.288,16.35,0.195,0.4592,0.69,33.5559,,1.3272,4.2188,6.1466,,,11581.064,11581.064,4917.9605,189350.3964,189350.3964
688069.SH,20240312,16.12,16.76,16.04,16.73,16.25,0.48,2.9538,3929.33,6499.03,16.73,0.3393,0.799,1.12,34.3358,,1.358,4.3169,6.2895,,,11581.064,11581.064,4917.9605,193751.2007,193751.2007
688069.SH,20240311,15.96,16.25,15.69,16.25,15.82,0.43,2.7181,3360.91,5399.753,16.25,0.2902,0.6834,0.9,33.3506,,1.3191,4.193,6.109,,,11581.064,11581.064,4917.9605,188192.29,188192.29
688069.SH,20240308,15.6,15.99,15.6,15.82,15.75,0.07,0.4444,2447.91,3859.806,15.82,0.2114,0.4977,0.47,32.4681,,1.2842,4.0821,5.9474,,,11581.064,11581.064,4917.9605,183212.4325,183212.4325
688069.SH,20240307,15.54,15.89,15.54,15.75,15.72,0.03,0.1908,3026.47,4769.638,15.75,0.2613,0.6154,0.57,32.3245,,1.2785,4.064,5.9211,,,11581.064,11581.064,4917.9605,182401.758,182401.758
688069.SH,20240306,15.51,15.9,15.51,15.72,15.68,0.04,0.2551,3655.15,5730.187,15.72,0.3156,0.7432,0.62,32.2629,,1.276,4.0563,5.9098,,,11581.064,11581.064,4917.9605,182054.3261,182054.3261
688069.SH,20240305,16.11,16.11,15.66,15.68,16.15,-0.47,-2.9102,5108.3,8081.176,15.68,0.4411,1.0387,0.91,32.1808,,1.2728,4.046,5.8947,,,11581.064,11581.064,4917.9605,181591.0835,181591.0835
688069.SH,20240304,16.39,16.39,15.97,16.15,16.5,-0.35,-2.1212,4434.0,7154.501,16.15,0.3829,0.9016,0.82,33.1454,,1.311,4.1672,6.0714,,,11581.064,11581.064,4917.9605,187034.1836,187034.1836
688069.SH,20240301,17.19,17.19,16.02,16.5,16.85,-0.35,-2.0772,9886.8,16143.203,16.5,0.8537,2.0103,2.51,33.8637,,1.3394,4.2576,6.203,,,11581.064,11581.064,4917.9605,191087.556,191087.556
688069.SH,20240229,16.51,16.99,16.39,16.85,16.64,0.21,1.262,3613.23,6062.892,16.85,0.312,0.7347,0.93,34.582,,1.3678,4.3479,6.3346,,,11581.064,11581.064,4917.9605,195140.9284,195140.9284
688069.SH,20240228,17.2,17.85,16.62,16.64,17.36,-0.72,-4.1475,6206.6,10665.828,16.64,0.5359,1.262,1.91,34.1511,,1.3507,4.2937,6.2556,,,11581.064,11581.064,4917.9605,192708.905,192708.905
688069.SH,20240227,16.88,17.5,16.71,17.36,16.84,0.52,3.0879,3839.07,6621.571,17.36,0.3315,0.7806,1.35,35.6287,,1.4092,4.4795,6.5263,,,11581.064,11581.064,4917.9605,201047.271,201047.271
688069.SH,20240226,16.71,17.28,16.68,16.84,16.98,-0.14,-0.8245,3407.52,5802.602,16.84,0.2942,0.6929,1.26,34.5615,,1.367,4.3453,6.3308,,,11581.064,11581.064,4917.9605,195025.1178,195025.1178
688069.SH,20240223,16.69,17.01,16.59,16.98,16.77,0.21,1.2522,2649.52,4453.128,16.98,0.2288,0.5387,0.85,34.8489,,1.3817,4.3814,6.4771,,,11581.064,11581.064,4917.9605,196646.4667,196646.4667
688069.SH,20240222,16.49,17.21,16.49,16.77,16.55,0.22,1.3293,3227.67,5450.545,16.77,0.2787,0.6563,0.85,34.4179,,1.3646,4.3272,6.397,,,11581.064,11581.064,4917.9605,194214.4433,194214.4433
688069.SH,20240221,16.35,17.21,16.32,16.55,16.42,0.13,0.7917,3128.34,5256.945,16.55,0.2701,0.6361,0.63,33.9663,,1.3467,4.2705,6.3131,,,11581.064,11581.064,4917.9605,191666.6092,191666.6092
688069.SH,20240220,16.2,16.5,16.04,16.42,16.36,0.06,0.3667,1787.54,2922.714,16.42,0.1544,0.3635,0.3,33.6995,,1.3361,4.2369,6.2635,,,11581.064,11581.064,4917.9605,190161.0709,190161.0709
688069.SH,20240219,16.12,16.66,16.12,16.36,16.1,0.26,1.6149,2709.55,4433.235,16.36,0.234,0.5509,0.37,33.5764,,1.3312,4.2214,6.2406,,,11581.064,11581.064,4917.9605,189466.207,189466.207
688069.SH,20240208,15.61,16.73,15.12,16.1,15.68,0.42,2.6786,4692.68,7479.838,16.1,0.4052,0.9542,0.54,33.0428,,1.3101,4.1543,6.1415,,,11581.064,11581.064,4917.9605,186455.1304,186455.1304
688069.SH,20240207,15.87,16.0,15.0,15.68,16.19,-0.51,-3.1501,6672.56,10410.368,15.68,0.5762,1.3568,0.74,32.1808,,1.2759,4.046,5.9812,,,11581.064,11581.064,4917.9605,181591.0835,181591.0835
688069.SH,20240206,15.03,16.48,14.01,16.19,15.8,0.39,2.4684,8953.16,13606.821,16.19,0.7731,1.8205,1.02,33.2275,,1.3174,4.1776,6.1758,,,11581.064,11581.064,4917.9605,187497.4262,187497.4262
688069.SH,20240205,16.95,16.95,15.09,15.8,17.02,-1.22,-7.168,6493.21,10362.598,15.8,0.5607,1.3203,0.71,32.4271,,1.2857,4.0769,6.027,,,11581.064,11581.064,4917.9605,182980.8112,182980.8112
688069.SH,20240202,17.6,18.12,16.48,17.02,17.6,-0.58,-3.2955,9706.09,16761.383,17.02,0.8381,1.9736,1.17,34.9309,,1.385,4.3917,6.4924,,,11581.064,11581.064,4917.9605,197109.7093,197109.7093
688069.SH,20240201,16.62,17.89,16.37,17.6,17.03,0.57,3.347,11383.46,19701.193,17.6,0.9829,2.3147,1.67,36.1213,,1.4321,4.5414,6.7136,,,11581.064,11581.064,4917.9605,203826.7264,203826.7264
688069.SH,20240131,16.97,18.18,16.53,17.03,16.83,0.2,1.1884,8699.63,15025.715,17.03,0.7512,1.769,1.18,34.9515,,1.3858,4.3943,6.4962,,,11581.064,11581.064,4917.9605,197225.5199,197225.5199
688069.SH,20240130,17.58,17.58,16.19,16.83,17.31,-0.48,-2.773,7509.27,12742.975,16.83,0.6484,1.5269,0.98,34.541,,1.3695,4.3427,6.4199,,,11581.064,11581.064,4917.9605,194909.3071,194909.3071
688069.SH,20240129,18.57,18.67,17.21,17.31,18.81,-1.5,-7.9745,8310.96,14724.582,17.31,0.7176,1.6899,0.98,35.5261,,1.4086,4.4666,6.603,,,11581.064,11581.064,4917.9605,200468.2178,200468.2178
688069.SH,20240126,18.71,19.28,18.21,18.81,18.62,0.19,1.0204,5455.48,10269.764,18.81,0.4711,1.1093,0.7,38.6046,,1.5306,4.8536,7.1752,,,11581.064,11581.064,4917.9605,217839.8138,217839.8138
688069.SH,20240125,17.66,18.68,17.5,18.62,17.7,0.92,5.1977,4121.9,7483.808,18.62,0.3559,0.8381,0.51,38.2147,,1.5151,4.8046,7.1027,,,11581.064,11581.064,4917.9605,215639.4117,215639.4117
688069.SH,20240124,18.1,18.11,16.4,17.7,17.99,-0.29,-1.612,11391.38,19693.887,17.7,0.9836,2.3163,1.81,36.3265,,1.4403,4.5672,6.7518,,,11581.064,11581.064,4917.9605,204984.8328,204984.8328
688069.SH,20240123,17.4,18.28,16.87,17.99,17.5,0.49,2.8,8924.02,15433.451,17.99,0.7706,1.8146,1.78,36.9217,,1.4639,4.642,6.8624,,,11581.064,11581.064,4917.9605,208343.3414,208343.3414
688069.SH,20240122,18.18,18.79,16.05,17.5,18.4,-0.9,-4.8913,12360.45,22526.202,17.5,1.0673,2.5133,4.33,35.9161,,1.424,4.5156,6.6755,,,11581.064,11581.064,4917.9605,202668.62,202668.62
688069.SH,20240119,18.53,18.76,18.3,18.4,18.5,-0.1,-0.5405,2250.04,4152.998,18.4,0.1943,0.4575,0.7,37.7632,,1.4972,4.7478,7.0188,,,11581.064,11581.064,4917.9605,213091.5776,213091.5776
688069.SH,20240118,19.13,19.13,18.22,18.5,19.1,-0.6,-3.1414,5586.41,10331.852,18.5,0.4824,1.1359,2.26,37.9684,,1.5054,4.7736,7.057,,,11581.064,11581.064,4917.9605,214249.684,214249.684
688069.SH,20240117,19.53,19.65,19.06,19.1,19.58,-0.48,-2.4515,2369.83,4586.248,19.1,0.2046,0.4819,0.95,39.1998,,1.5542,4.9284,7.2858,,,11581.064,11581.064,4917.9605,221198.3224,221198.3224
688069.SH,20240116,19.77,19.82,19.28,19.58,19.85,-0.27,-1.3602,2478.28,4837.291,19.58,0.214,0.5039,0.97,40.185,,1.5933,5.0523,7.4689,,,11581.064,11581.064,4917.9605,226757.2331,226757.2331
688069.SH,20240115,19.84,19.98,19.52,19.85,19.97,-0.12,-0.6009,1599.44,3173.465,19.85,0.1381,0.3252,0.54,40.7391,,1.6152,5.122,7.5719,,,11581.064,11581.064,4917.9605,229884.1204,229884.1204
688069.SH,20240112,19.95,20.4,19.83,19.97,19.83,0.14,0.706,4099.54,8258.239,19.97,0.354,0.8336,1.62,40.9854,,1.625,5.1529,7.6177,,,11581.064,11581.064,4917.9605,231273.8481,231273.8481
688069.SH,20240111,19.55,19.93,19.54,19.83,19.76,0.07,0.3543,1813.81,3586.086,19.83,0.1566,0.3688,0.64,40.698,,1.6136,5.1168,7.5643,,,11581.064,11581.064,4917.9605,229652.4991,229652.4991
688069.SH,20240110,19.74,19.97,19.3,19.76,19.69,0.07,0.3555,2525.33,4971.685,19.76,0.2181,0.5135,0.86,40.5544,,1.6079,5.0987,7.5376,,,11581.064,11581.064,4917.9605,228841.8246,228841.8246
688069.SH,20240109,19.36,19.83,19.28,19.69,19.36,0.33,1.7045,2768.65,5431.908,19.69,0.2391,0.563,0.81,40.4107,,1.6022,5.0807,7.5109,,,11581.064,11581.064,4917.9605,228031.1502,228031.1502
688069.SH,20240108,19.82,19.84,19.32,19.36,19.93,-0.57,-2.86,3689.39,7226.098,19.36,0.3186,0.7502,0.95,39.7334,,1.5754,4.9955,7.385,,,11581.064,11581.064,4917.9605,224209.399,224209.399
688069.SH,20240105,20.23,20.26,19.79,19.93,20.18,-0.25,-1.2389,1882.52,3760.063,19.93,0.1626,0.3828,0.47,40.9033,,1.6217,5.1426,7.6024,,,11581.064,11581.064,4917.9605,230810.6055,230810.6055
688069.SH,20240104,19.89,20.27,19.8,20.18,19.87,0.31,1.5601,3236.47,6495.406,20.18,0.2795,0.6581,0.87,41.4164,,1.6421,5.2071,7.6978,,,11581.064,11581.064,4917.9605,233705.8715,233705.8715
688069.SH,20240103,20.19,20.2,19.84,19.87,20.19,-0.32,-1.5849,3026.27,6059.341,19.87,0.2613,0.6154,0.86,40.7801,,1.6169,5.1271,7.5795,,,11581.064,11581.064,4917.9605,230115.7417,230115.7417
688069.SH,20240102,19.96,20.42,19.68,20.19,19.88,0.31,1.5594,5160.79,10405.657,20.19,0.4456,1.0494,1.8,41.4369,,1.6429,5.2097,7.7016,,,11581.064,11581.064,4917.9605,233821.6822,233821.6822
688069.SH,20231229,19.16,20.0,19.16,19.88,19.36,0.52,2.686,6114.53,12041.588,19.88,0.528,1.2433,2.93,40.8007,,1.6177,5.1297,7.5834,,,11581.064,11581.064,4917.9605,230231.5523,230231.5523
688069.SH,20231228,18.98,19.53,18.71,19.36,18.97,0.39,2.0559,2503.12,4821.553,19.36,0.2161,0.509,1.3,39.7334,,1.5754,4.9955,7.385,,,11581.064,11581.064,4917.9605,224209.399,224209.399
688069.SH,20231227,18.79,19.19,18.71,18.97,18.71,0.26,1.3896,1891.53,3578.277,18.97,0.1633,0.3846,0.83,38.933,,1.5436,4.8949,7.2362,,,11581.064,11581.064,4917.9605,219692.7841,219692.7841
688069.SH,20231226,18.63,18.9,18.59,18.71,18.82,-0.11,-0.5845,2015.47,3770.349,18.71,0.174,0.4098,0.8,38.3994,,1.5225,4.8278,7.1371,,,11581.064,11581.064,4917.9605,216681.7074,216681.7074
688069.SH,20231225,19.1,19.1,18.7,18.82,18.91,-0.09,-0.4759,1806.36,3406.682,18.82,0.156,0.3673,0.59,38.6252,,1.5314,4.8562,7.179,,,11581.064,11581.064,4917.9605,217955.6245,217955.6245
688069.SH,20231222,19.29,19.29,18.87,18.91,19.2,-0.29,-1.5104,2235.69,4246.786,18.91,0.193,0.4546,0.67,38.8099,,1.5387,4.8794,7.2134,,,11581.064,11581.064,4917.9605,218997.9202,218997.9202
688069.SH,20231221,19.29,19.29,18.77,19.2,19.19,0.01,0.0521,1644.95,3134.715,19.2,0.142,0.3345,0.43,39.4051,,1.5623,4.9542,7.324,,,11581.064,11581.064,4917.9605,222356.4288,222356.4288
688069.SH,20231220,19.26,19.43,18.94,19.19,19.03,0.16,0.8408,3756.26,7235.412,19.19,0.3243,0.7638,1.03,39.3845,,1.5615,4.9517,7.3202,,,11581.064,11581.064,4917.9605,222240.6182,222240.6182
688069.SH,20231219,19.14,19.2,18.68,19.03,18.94,0.09,0.4752,3212.55,6093.269,19.03,0.2774,0.6532,0.88,39.0562,,1.5485,4.9104,7.2591,,,11581.064,11581.064,4917.9605,220387.6479,220387.6479
688069.SH,20231218,19.3,19.3,18.66,18.94,19.15,-0.21,-1.0966,4533.4,8614.513,18.94,0.3914,0.9218,1.37,38.8715,,1.5412,4.8872,7.2248,,,11581.064,11581.064,4917.9605,219345.3522,219345.3522
688069.SH,20231215,19.35,19.42,19.05,19.15,19.17,-0.02,-0.1043,3539.06,6799.649,19.15,0.3056,0.7196,1.1,39.3024,,1.5583,4.9413,7.3049,,,11581.064,11581.064,4917.9605,221777.3756,221777.3756
688069.SH,20231214,19.53,19.68,18.49,19.17,19.3,-0.13,-0.6736,3960.98,7645.033,19.17,0.342,0.8054,1.3,39.3435,,1.5599,4.9465,7.3125,,,11581.064,11581.064,4917.9605,222008.9969,222008.9969
688069.SH,20231213,19.59,19.59,19.2,19.3,19.42,-0.12,-0.6179,2938.33,5687.133,19.3,0.2537,0.5975,0.99,39.6103,,1.5705,4.98,7.3621,,,11581.064,11581.064,4917.9605,223514.5352,223514.5352
688069.SH,20231212,19.76,19.77,19.21,19.42,19.66,-0.24,-1.2208,3203.15,6222.037,19.42,0.2766,0.6513,1.07,39.8566,,1.5802,5.011,7.4079,,,11581.064,11581.064,4917.9605,224904.2629,224904.2629
688069.SH,20231211,19.57,19.98,19.53,19.66,19.82,-0.16,-0.8073,2867.49,5649.302,19.66,0.2476,0.5831,0.89,40.3491,,1.5998,5.0729,7.4994,,,11581.064,11581.064,4917.9605,227683.7182,227683.7182
688069.SH,20231208,20.17,20.35,19.71,19.82,20.04,-0.22,-1.0978,3147.35,6289.524,19.82,0.2718,0.64,0.9,40.6775,,1.6128,5.1142,7.5605,,,11581.064,11581.064,4917.9605,229536.6885,229536.6885
688069.SH,20231207,20.3,20.3,19.95,20.04,20.21,-0.17,-0.8412,3033.63,6093.199,20.04,0.2619,0.6168,0.93,41.129,,1.6307,5.171,7.6444,,,11581.064,11581.064,4917.9605,232084.5226,232084.5226
688069.SH,20231206,20.06,20.36,20.0,20.21,20.16,0.05,0.248,2576.8,5217.89,20.21,0.2225,0.524,0.81,41.4779,,1.6445,5.2149,7.7092,,,11581.064,11581.064,4917.9605,234053.3034,234053.3034
688069.SH,20231205,20.71,20.76,20.12,20.16,20.7,-0.54,-2.6087,3340.76,6800.151,20.16,0.2885,0.6793,1.02,41.3753,,1.6405,5.202,7.6902,,,11581.064,11581.064,4917.9605,233474.2502,233474.2502
688069.SH,20231204,20.52,20.82,20.51,20.7,20.8,-0.1,-0.4808,3978.87,8226.126,20.7,0.3436,0.809,1.26,42.4836,,1.6844,5.3413,7.8962,,,11581.064,11581.064,4917.9605,239728.0248,239728.0248
688069.SH,20231201,21.0,21.0,20.29,20.8,20.93,-0.13,-0.6211,4478.11,9286.847,20.8,0.3867,0.9106,1.62,42.6888,,1.6925,5.3671,7.9343,,,11581.064,11581.064,4917.9605,240886.1312,240886.1312
688069.SH,20231130,21.01,21.01,20.76,20.93,20.98,-0.05,-0.2383,1919.77,4011.88,20.93,0.1658,0.3904,0.7,42.9556,,1.7031,5.4006,7.9839,,,11581.064,11581.064,4917.9605,242391.6695,242391.6695
688069.SH,20231129,21.08,21.14,20.94,20.98,21.0,-0.02,-0.0952,2095.39,4407.438,20.98,0.1809,0.4261,0.68,43.0582,,1.7072,5.4135,8.003,,,11581.064,11581.064,4917.9605,242970.7227,242970.7227
688069.SH,20231128,20.78,21.05,20.68,21.0,20.72,0.28,1.3514,3904.98,8172.948,21.0,0.3372,0.794,1.2,43.0993,,1.7088,5.4187,8.0106,,,11581.064,11581.064,4917.9605,243202.344,243202.344
688069.SH,20231127,20.87,20.96,20.66,20.72,20.86,-0.14,-0.6711,3450.5,7180.065,20.72,0.2979,0.7016,0.86,42.5246,,1.686,5.3465,7.9038,,,11581.064,11581.064,4917.9605,239959.6461,239959.6461
688069.SH,20231124,21.01,21.02,20.82,20.86,21.17,-0.31,-1.4643,2475.72,5174.002,20.86,0.2138,0.5034,0.59,42.812,,1.6974,5.3826,7.9572,,,11581.064,11581.064,4917.9605,241580.995,241580.995
688069.SH,20231123,21.07,21.22,20.85,21.17,21.06,0.11,0.5223,1716.75,3624.015,21.17,0.1482,0.3491,0.39,43.4482,,1.7226,5.4626,8.0754,,,11581.064,11581.064,4917.9605,245171.1249,245171.1249
688069.SH,20231122,21.15,21.41,20.89,21.06,21.28,-0.22,-1.0338,3873.38,8195.529,21.06,0.3345,0.7876,0.92,43.2224,,1.7137,5.4342,8.0335,,,11581.064,11581.064,4917.9605,243897.2078,243897.2078
688069.SH,20231121,21.0,21.35,20.96,21.28,21.01,0.27,1.2851,4761.82,10100.431,21.28,0.4112,0.9683,1.21,43.6739,,1.7316,5.4909,8.1174,,,11581.064,11581.064,4917.9605,246445.0419,246445.0419
688069.SH,20231120,20.64,21.23,20.41,21.01,20.55,0.46,2.2384,7279.98,15222.628,21.01,0.6286,1.4803,2.6,43.1198,,1.7096,5.4213,8.0144,,,11581.064,11581.064,4917.9605,243318.1546,243318.1546
688069.SH,20231117,20.31,20.63,20.31,20.55,20.48,0.07,0.3418,3263.95,6698.137,20.55,0.2818,0.6637,1.37,42.1757,,1.6722,5.3026,7.8389,,,11581.064,11581.064,4917.9605,237990.8652,237990.8652
688069.SH,20231116,20.74,20.79,20.4,20.48,20.72,-0.24,-1.1583,2610.46,5365.496,20.48,0.2254,0.5308,1.14,42.0321,,1.6665,5.2845,7.8122,,,11581.064,11581.064,4917.9605,237180.1907,237180.1907
688069.SH,20231115,20.64,20.9,20.31,20.72,20.5,0.22,1.0732,3099.39,6426.923,20.72,0.2676,0.6302,1.35,42.5246,,1.686,5.3465,7.9038,,,11581.064,11581.064,4917.9605,239959.6461,239959.6461
688069.SH,20231114,20.65,20.77,20.39,20.5,20.7,-0.2,-0.9662,3370.45,6936.827,20.5,0.291,0.6853,1.62,42.0731,,1.6681,5.2897,7.8199,,,11581.064,11581.064,4917.9605,237411.812,237411.812
688069.SH,20231113,20.7,20.79,20.33,20.7,20.52,0.18,0.8772,1644.16,3388.703,20.7,0.142,0.3343,0.7,42.4836,,1.6844,5.3413,7.8962,,,11581.064,11581.064,4917.9605,239728.0248,239728.0248
688069.SH,20231110,20.52,20.65,20.25,20.52,20.52,0.0,0.0,1213.37,2489.096,20.52,0.1048,0.2467,0.43,42.1142,,1.6698,5.2948,7.8275,,,11581.064,11581.064,4917.9605,237643.4333,237643.4333
688069.SH,20231109,20.88,20.88,20.35,20.52,20.76,-0.24,-1.1561,2151.49,4410.633,20.52,0.1858,0.4375,0.71,42.1142,,1.6698,5.2948,7.8275,,,11581.064,11581.064,4917.9605,237643.4333,237643.4333
688069.SH,20231108,20.66,20.86,20.44,20.76,20.55,0.21,1.0219,3129.18,6475.147,20.76,0.2702,0.6363,1.07,42.6067,,1.6893,5.3568,7.919,,,11581.064,11581.064,4917.9605,240422.8886,240422.8886
688069.SH,20231107,20.55,20.55,20.17,20.55,20.47,0.08,0.3908,2250.6,4595.462,20.55,0.1943,0.4576,0.7,42.1757,,1.6722,5.3026,7.8389,,,11581.064,11581.064,4917.9605,237990.8652,237990.8652
688069.SH,20231106,20.25,20.57,20.1,20.47,20.07,0.4,1.993,3073.03,6247.244,20.47,0.2653,0.6249,0.96,42.0115,,1.6657,5.2819,7.8084,,,11581.064,11581.064,4917.9605,237064.3801,237064.3801
688069.SH,20231103,20.08,20.4,19.99,20.07,19.98,0.09,0.4505,3651.0,7379.378,20.07,0.3153,0.7424,1.13,41.1906,,1.6331,5.1787,7.6558,,,11581.064,11581.064,4917.9605,232431.9545,232431.9545
688069.SH,20231102,19.98,20.09,19.88,19.98,19.97,0.01,0.0501,3006.29,6010.278,19.98,0.2596,0.6113,0.97,41.0059,,1.6258,5.1555,7.6215,,,11581.064,11581.064,4917.9605,231389.6587,231389.6587
688069.SH,20231101,19.88,20.05,19.6,19.97,19.8,0.17,0.8586,2708.77,5394.291,19.97,0.2339,0.5518,0.82,40.9854,,1.625,5.1529,7.6177,,,11581.064,11581.064,4909.1405,231273.8481,231273.8481
688069.SH,20231031,19.51,19.9,19.45,19.8,19.7,0.1,0.5076,3634.44,7163.326,19.8,0.3138,0.7403,1.09,40.6365,,1.6112,5.1091,7.5528,,,11581.064,11581.064,4909.1405,229305.0672,229305.0672
688069.SH,20231030,19.77,19.87,19.26,19.7,19.87,-0.17,-0.8556,2954.76,5818.613,19.7,0.2551,0.6019,0.86,40.4312,,1.603,5.0833,7.5147,,,11581.064,11581.064,4909.1405,228146.9608,228146.9608
688069.SH,20231027,19.47,19.93,19.47,19.87,19.63,0.24,1.2226,3795.05,7511.677,19.87,0.3277,0.778,1.2,40.7801,242.756,1.6022,5.1271,6.3267,,,11581.064,11581.064,4877.864,230115.7417,230115.7417
688069.SH,20231026,19.23,19.65,19.1,19.63,19.44,0.19,0.9774,2379.58,4611.986,19.63,0.2055,0.4878,0.78,40.2876,239.8239,1.5829,5.0652,6.2503,,,11581.064,11581.064,4877.864,227336.2863,227336.2863
688069.SH,20231025,18.89,19.5,18.89,19.44,18.84,0.6,3.1847,3753.21,7263.947,19.44,0.3241,0.7694,1.35,39.8976,237.5026,1.5675,5.0162,6.1898,,,11581.064,11581.064,4877.864,225135.8842,225135.8842
688069.SH,20231024,18.16,18.9,18.09,18.84,18.09,0.75,4.1459,3749.4,6977.573,18.84,0.3238,0.7687,1.51,38.6662,230.1723,1.5192,4.8613,5.9987,,,11581.064,11581.064,4877.864,218187.2458,218187.2458
688069.SH,20231023,18.36,18.67,17.93,18.09,18.33,-0.24,-1.3093,3420.25,6211.575,18.09,0.2953,0.7012,1.63,37.127,221.0094,1.4587,4.6678,5.7599,,,11581.064,11581.064,4877.864,209501.4478,209501.4478
688069.SH,20231020,18.5,18.71,18.25,18.33,18.64,-0.31,-1.6631,2518.41,4640.331,18.33,0.2175,0.5163,1.31,37.6195,223.9415,1.478,4.7298,5.8363,,,11581.064,11581.064,4877.864,212280.9031,212280.9031
688069.SH,20231019,18.55,19.07,18.5,18.64,18.77,-0.13,-0.6926,1763.18,3303.894,18.64,0.1522,0.3615,0.91,38.2557,227.7288,1.503,4.8097,5.935,,,11581.064,11581.064,4877.864,215871.033,215871.033
688069.SH,20231018,19.29,19.38,18.7,18.77,19.22,-0.45,-2.3413,2491.35,4702.62,18.77,0.2151,0.5107,1.39,38.5226,229.3171,1.5135,4.8433,5.9764,,,11581.064,11581.064,4877.864,217376.5713,217376.5713
688069.SH,20231017,19.36,19.36,19.08,19.22,19.33,-0.11,-0.5691,2191.39,4205.231,19.22,0.1892,0.4493,1.13,39.4461,234.8148,1.5498,4.9594,6.1197,,,11581.064,11581.064,4877.864,222588.0501,222588.0501
688069.SH,20231016,19.49,19.49,19.2,19.33,19.32,0.01,0.0518,1511.62,2921.817,19.33,0.1305,0.3099,0.69,39.6719,236.1587,1.5587,4.9878,6.1547,,,11581.064,11581.064,4877.864,223861.9671,223861.9671
688069.SH,20231013,19.64,19.67,19.23,19.32,19.64,-0.32,-1.6293,1641.05,3181.449,19.32,0.1417,0.3364,0.7,39.6513,236.0365,1.5579,4.9852,6.1515,,,11581.064,11581.064,4877.864,223746.1565,223746.1565
688069.SH,20231012,19.3,19.75,19.3,19.64,19.4,0.24,1.2371,1814.75,3536.439,19.64,0.1567,0.372,0.74,40.3081,239.946,1.5837,5.0678,6.2534,,,11581.064,11581.064,4877.864,227452.097,227452.097
688069.SH,20231011,19.64,19.64,19.32,19.4,19.56,-0.16,-0.818,1795.05,3498.589,19.4,0.155,0.368,0.66,39.8155,237.0139,1.5643,5.0058,6.177,,,11581.064,11581.064,4877.864,224672.6416,224672.6416
688069.SH,20231010,19.58,19.93,19.47,19.56,19.7,-0.14,-0.7107,2949.39,5808.418,19.56,0.2547,0.6046,0.92,40.1439,238.9687,1.5772,5.0471,6.228,,,11581.064,11581.064,4877.864,226525.6118,226525.6118
688069.SH,20231009,19.95,19.95,19.4,19.7,19.84,-0.14,-0.7056,2758.96,5434.812,19.7,0.2382,0.5656,0.81,40.4312,240.6791,1.5885,5.0833,6.2725,,,11581.064,11581.064,4877.864,228146.9608,228146.9608
688069.SH,20230928,19.83,20.11,19.77,19.84,19.83,0.01,0.0504,2365.36,4710.024,19.84,0.2042,0.4849,0.71,40.7186,242.3895,1.5998,5.1194,6.3171,,,11581.064,11581.064,4877.864,229768.3098,229768.3098
688069.SH,20230927,19.61,19.99,19.48,19.83,19.61,0.22,1.1219,2342.79,4639.605,19.83,0.2023,0.4803,0.72,40.698,242.2673,1.599,5.1168,6.3139,,,11581.064,11581.064,4877.864,229652.4991,229652.4991
688069.SH,20230926,19.72,19.8,19.48,19.61,19.8,-0.19,-0.9596,3169.15,6222.111,19.61,0.2736,0.6497,1.0,40.2465,239.5795,1.5812,5.06,6.2439,,,11581.064,11581.064,4877.864,227104.665,227104.665
688069.SH,20230925,20.09,20.5,19.79,19.8,20.0,-0.2,-1.0,5352.8,10724.88,19.8,0.4622,1.0974,1.96,40.6365,241.9008,1.5966,5.1091,6.3044,,,11581.064,11581.064,4877.864,229305.0672,229305.0672
688069.SH,20230922,20.0,20.34,19.91,20.0,20.1,-0.1,-0.4975,3780.19,7605.002,20.0,0.3264,0.775,1.36,41.0469,244.3442,1.6127,5.1607,6.3681,,,11581.064,11581.064,4877.864,231621.28,231621.28
688069.SH,20230921,20.06,20.19,20.0,20.1,20.1,0.0,0.0,1912.17,3843.264,20.1,0.1651,0.392,0.63,41.2522,245.566,1.6208,5.1865,6.3999,,,11581.064,11581.064,4877.864,232779.3864,232779.3864
688069.SH,20230920,20.06,20.37,19.97,20.1,20.17,-0.07,-0.3471,2094.76,4216.754,20.1,0.1809,0.4294,0.65,41.2522,245.566,1.6208,5.1865,6.3999,,,11581.064,11581.064,4877.864,232779.3864,232779.3864
688069.SH,20230919,20.26,20.52,20.08,20.17,20.18,-0.01,-0.0496,2685.33,5426.146,20.17,0.2319,0.5505,0.87,41.3958,246.4212,1.6264,5.2045,6.4222,,,11581.064,11581.064,4877.864,233590.0609,233590.0609
688069.SH,20230918,20.36,20.44,20.07,20.18,20.36,-0.18,-0.8841,3178.45,6435.901,20.18,0.2745,0.6516,0.95,41.4164,246.5433,1.6272,5.2071,6.4254,,,11581.064,11581.064,4877.864,233705.8715,233705.8715
688069.SH,20230915,20.73,20.73,20.3,20.36,20.53,-0.17,-0.8281,3992.43,8153.745,20.36,0.3447,0.8185,1.28,41.7858,248.7424,1.6417,5.2536,6.4827,,,11581.064,11581.064,4877.864,235790.463,235790.463
688069.SH,20230914,20.8,20.88,20.4,20.53,20.73,-0.2,-0.9648,3170.53,6540.894,20.53,0.2738,0.65,0.96,42.1347,250.8194,1.6554,5.2974,6.5368,,,11581.064,11581.064,4877.864,237759.2439,237759.2439
688069.SH,20230913,20.7,20.84,20.48,20.73,20.71,0.02,0.0966,3188.03,6590.593,20.73,0.2753,0.6536,1.01,42.5452,253.2628,1.6716,5.349,6.6005,,,11581.064,11581.064,4877.864,240075.4567,240075.4567
688069.SH,20230912,20.5,20.78,20.46,20.71,20.66,0.05,0.242,1969.45,4065.273,20.71,0.1701,0.4038,0.54,42.5041,253.0185,1.6699,5.3439,6.5941,,,11581.064,11581.064,4877.864,239843.8354,239843.8354
688069.SH,20230911,20.25,20.99,20.25,20.66,20.28,0.38,1.8738,4422.12,9147.06,20.66,0.3818,0.9066,1.03,42.4015,252.4076,1.6659,5.331,6.5782,,,11581.064,11581.064,4877.864,239264.7822,239264.7822
688069.SH,20230908,20.5,20.5,20.05,20.28,20.34,-0.06,-0.295,2880.51,5844.416,20.28,0.2487,0.5905,0.66,41.6216,247.7651,1.6353,5.2329,6.4572,,,11581.064,11581.064,4877.864,234863.9779,234863.9779
688069.SH,20230907,20.95,20.95,20.31,20.34,20.95,-0.61,-2.9117,4089.51,8398.347,20.34,0.3531,0.8384,0.92,41.7447,248.4981,1.6401,5.2484,6.4763,,,11581.064,11581.064,4877.864,235558.8418,235558.8418
688069.SH,20230906,20.99,21.0,20.8,20.95,20.99,-0.04,-0.1906,2348.7,4916.206,20.95,0.2028,0.4815,0.47,42.9967,255.9506,1.6893,5.4058,6.6705,,,11581.064,11581.064,4877.864,242623.2908,242623.2908
688069.SH,20230905,21.0,21.19,20.79,20.99,21.04,-0.05,-0.2376,4577.87,9584.876,20.99,0.3953,0.9385,0.89,43.0788,256.4393,1.6925,5.4161,6.6833,,,11581.064,11581.064,4877.864,243086.5334,243086.5334
688069.SH,20230904,20.54,21.06,20.5,21.04,20.42,0.62,3.0362,7637.73,15893.068,21.04,0.6595,1.5658,1.55,43.1814,257.0501,1.6966,5.429,6.6992,,,11581.064,11581.064,4877.864,243665.5866,243665.5866
688069.SH,20230901,20.65,20.88,20.29,20.42,20.66,-0.24,-1.1617,3029.15,6200.8,20.42,0.2616,0.621,0.52,41.9089,249.4755,1.6466,5.269,6.5018,,,11581.064,11581.064,4877.864,236485.3269,236485.3269
688069.SH,20230831,20.93,21.06,20.53,20.66,20.97,-0.31,-1.4783,4668.29,9658.827,20.66,0.4031,0.957,0.83,42.4015,252.4076,1.6659,5.331,6.5782,,,11581.064,11581.064,4877.864,239264.7822,239264.7822
688069.SH,20230830,21.28,21.45,20.97,20.97,21.28,-0.31,-1.4568,4922.22,10406.511,20.97,0.425,1.0091,0.92,43.0377,63.7889,1.702,5.411,5.5788,,,11581.064,11581.064,4877.864,242854.9121,242854.9121
688069.SH,20230829,20.83,21.44,20.4,21.28,20.84,0.44,2.1113,5398.51,11448.369,21.28,0.4661,1.1067,1.11,43.6739,64.7319,1.7272,5.4909,5.6613,,,11581.064,11581.064,4877.864,246445.0419,246445.0419
688069.SH,20230828,21.3,21.61,20.78,20.84,20.84,0.0,0.0,6585.56,13970.078,20.84,0.5686,1.3501,1.53,42.7709,63.3934,1.6915,5.3774,5.5442,,,11581.064,11581.064,4877.864,241349.3738,241349.3738
688069.SH,20230825,20.25,21.71,20.25,20.84,20.1,0.74,3.6816,7800.22,16452.804,20.84,0.6735,1.5991,2.09,42.7709,63.3934,1.6915,5.3774,5.5442,,,11581.064,11581.064,4877.864,241349.3738,241349.3738
688069.SH,20230824,20.9,20.9,20.03,20.1,20.78,-0.68,-3.2724,3434.55,6960.438,20.1,0.2966,0.7041,0.93,41.2522,61.1424,1.6314,5.1865,5.3474,,,11581.064,11581.064,4877.864,232779.3864,232779.3864
688069.SH,20230823,20.77,21.1,20.68,20.78,20.79,-0.01,-0.0481,3633.33,7595.117,20.78,0.3137,0.7449,1.01,42.6478,63.2109,1.6866,5.3619,5.5283,,,11581.064,11581.064,4877.864,240654.5099,240654.5099
688069.SH,20230822,20.7,21.07,20.44,20.79,20.76,0.03,0.1445,2971.26,6153.022,20.79,0.2566,0.6091,0.93,42.6683,63.2413,1.6874,5.3645,5.5309,,,11581.064,11581.064,4877.864,240770.3206,240770.3206
688069.SH,20230821,20.52,21.1,20.44,20.76,20.52,0.24,1.1696,3664.26,7614.685,20.76,0.3164,0.7512,1.38,42.6067,63.1501,1.685,5.3568,5.523,,,11581.064,11581.064,4877.864,240422.8886,240422.8886
688069.SH,20230818,20.48,21.33,20.24,20.52,20.21,0.31,1.5339,5001.63,10356.254,20.52,0.4319,1.0254,2.57,42.1142,62.42,1.6655,5.2948,5.4591,,,11581.064,11581.064,4877.864,237643.4333,237643.4333
688069.SH,20230817,20.08,20.29,19.62,20.21,20.05,0.16,0.798,3289.04,6567.941,20.21,0.284,0.6743,2.2,41.4779,61.477,1.6404,5.2149,5.3766,,,11581.064,11581.064,4877.864,234053.3034,234053.3034
688069.SH,20230816,20.5,20.53,19.91,20.05,20.26,-0.21,-1.0365,3054.67,6129.969,20.05,0.2638,0.6262,2.14,41.1496,60.9903,1.6274,5.1736,5.3341,,,11581.064,11581.064,4877.864,232200.3332,232200.3332
688069.SH,20230815,20.8,20.8,20.17,20.26,20.65,-0.39,-1.8886,956.63,1953.698,20.26,0.0826,0.1961,0.62,41.5806,61.6291,1.6444,5.2278,5.3899,,,11581.064,11581.064,4877.864,234632.3566,234632.3566
688069.SH,20230814,20.82,20.98,20.36,20.65,20.67,-0.02,-0.0968,954.45,1968.78,20.65,0.0824,0.1957,0.42,42.381,62.8155,1.6761,5.3284,5.4937,,,11581.064,11581.064,4877.864,239148.9716,239148.9716
688069.SH,20230811,21.07,21.27,20.56,20.67,21.23,-0.56,-2.6378,1481.05,3097.864,20.67,0.1279,0.3036,0.64,42.422,62.8763,1.6777,5.3335,5.499,,,11581.064,11581.064,4877.864,239380.5929,239380.5929
688069.SH,20230810,21.44,21.46,21.07,21.23,21.18,0.05,0.2361,1025.13,2172.629,21.23,0.0885,0.2102,0.39,43.5713,64.5798,1.7231,5.478,5.648,,,11581.064,11581.064,4877.864,245865.9887,245865.9887
688069.SH,20230809,21.21,21.4,20.9,21.18,21.22,-0.04,-0.1885,2706.31,5707.03,21.18,0.2337,0.5548,1.06,43.4687,64.4277,1.7191,5.4651,5.6347,,,11581.064,11581.064,4877.864,245286.9355,245286.9355
688069.SH,20230808,21.24,21.33,20.55,21.22,21.24,-0.02,-0.0942,1591.42,3370.099,21.22,0.1374,0.3263,0.52,43.5508,64.5494,1.7223,5.4755,5.6453,,,11581.064,11581.064,4877.864,245750.1781,245750.1781
688069.SH,20230807,21.6,21.6,21.01,21.24,21.44,-0.2,-0.9328,4521.42,9582.491,21.24,0.3904,0.9269,1.34,43.5919,64.6102,1.724,5.4806,5.6507,,,11581.064,11581.064,4877.864,245981.7994,245981.7994
688069.SH,20230804,21.79,21.79,21.33,21.44,21.35,0.09,0.4215,1772.9,3810.693,21.44,0.1531,0.3635,0.41,44.0023,65.2186,1.7402,5.5322,5.7039,,,11581.064,11581.064,4877.864,248298.0122,248298.0122
688069.SH,20230803,21.6,21.62,21.32,21.35,21.61,-0.26,-1.2031,2412.37,5174.883,21.35,0.2083,0.4946,0.53,43.8176,64.9448,1.7329,5.509,5.6799,,,11581.064,11581.064,4877.864,247255.7164,247255.7164
688069.SH,20230802,21.68,21.7,21.44,21.61,21.61,0.0,0.0,2485.2,5356.877,21.61,0.2146,0.5095,0.49,44.3512,65.7357,1.754,5.5761,5.7491,,,11581.064,11581.064,4877.864,250266.793,250266.793
688069.SH,20230801,21.54,21.8,21.37,21.61,21.44,0.17,0.7929,4150.09,8952.557,21.61,0.3584,0.8508,0.89,44.3512,65.7357,1.754,5.5761,5.7491,,,11581.064,11581.064,4877.864,250266.793,250266.793
688069.SH,20230731,21.7,21.86,21.3,21.44,21.72,-0.28,-1.2891,6035.64,13010.803,21.44,0.5212,1.2374,1.53,44.0023,65.2186,1.7402,5.5322,5.7039,,,11581.064,11581.064,4877.864,248298.0122,248298.0122
688069.SH,20230728,21.3,21.87,21.05,21.72,21.28,0.44,2.0677,6682.99,14412.613,21.72,0.5771,1.3701,2.21,44.577,66.0703,1.7629,5.6045,5.7784,,,11581.064,11581.064,4877.864,251540.7101,251540.7101
688069.SH,20230727,21.27,21.42,20.82,21.28,21.2,0.08,0.3774,3410.4,7232.578,21.28,0.2945,0.6992,1.23,43.6739,64.7319,1.7272,5.4909,5.6613,,,11581.064,11581.064,4877.864,246445.0419,246445.0419
688069.SH,20230726,20.4,21.51,20.32,21.2,20.58,0.62,3.0126,5269.44,11151.665,21.2,0.455,1.0803,2.55,43.5098,64.4885,1.7207,5.4703,5.64,,,11581.064,11581.064,4877.864,245518.5568,245518.5568
688069.SH,20230725,20.19,20.66,19.98,20.58,20.07,0.51,2.5411,1960.53,4009.672,20.58,0.1693,0.4019,1.05,42.2373,62.6025,1.6704,5.3103,5.4751,,,11581.064,11581.064,4877.864,238338.2971,238338.2971
688069.SH,20230724,20.01,20.35,19.81,20.07,20.2,-0.13,-0.6436,2450.12,4895.679,20.07,0.2116,0.5023,1.36,41.1906,61.0512,1.629,5.1787,5.3394,,,11581.064,11581.064,4877.864,232431.9545,232431.9545
688069.SH,20230721,20.18,20.44,20.02,20.2,20.1,0.1,0.4975,2036.29,4133.388,20.2,0.2879,0.4175,1.16,41.4574,61.4466,1.6395,5.2123,5.374,,,11581.064,7073.064,4877.864,233937.4928,142875.8928
688069.SH,20230720,20.75,20.84,20.09,20.1,20.59,-0.49,-2.3798,2158.75,4391.257,20.1,0.3052,0.4426,1.19,41.2522,61.1424,1.6314,5.1865,5.3474,,,11581.064,7073.064,4877.864,232779.3864,142168.5864
688069.SH,20230719,20.81,21.02,20.47,20.59,20.77,-0.18,-0.8666,1735.56,3588.686,20.59,0.2454,0.3558,0.93,42.2578,62.633,1.6712,5.3129,5.4777,,,11581.064,7073.064,4877.864,238454.1078,145634.3878
688069.SH,20230718,20.85,20.85,20.53,20.77,20.7,0.07,0.3382,954.58,1975.985,20.77,0.135,0.1957,0.48,42.6272,63.1805,1.6858,5.3594,5.5256,,,11581.064,7073.064,4877.864,240538.6993,146907.5393
688069.SH,20230717,20.9,20.9,20.33,20.7,20.77,-0.07,-0.337,2108.62,4366.845,20.7,0.2981,0.4323,1.13,42.4836,62.9676,1.6801,5.3413,5.507,,,11581.064,7073.064,4877.864,239728.0248,146412.4248
688069.SH,20230714,20.51,21.05,20.51,20.77,20.76,0.01,0.0482,1815.4,3780.62,20.77,0.2567,0.3722,0.95,42.6272,63.1805,1.6858,5.3594,5.5256,,,11581.064,7073.064,4877.864,240538.6993,146907.5393
688069.SH,20230713,20.54,20.87,20.54,20.76,20.49,0.27,1.3177,2451.03,5088.526,20.76,0.3465,0.5025,1.36,42.6067,63.1501,1.685,5.3568,5.523,,,11581.064,7073.064,4877.864,240422.8886,146836.8086
688069.SH,20230712,20.5,20.94,20.3,20.49,20.55,-0.06,-0.292,2003.47,4137.188,20.49,0.2833,0.4107,1.05,42.0526,62.3288,1.6631,5.2871,5.4511,,,11581.064,7073.064,4877.864,237296.0014,144927.0814
688069.SH,20230711,20.68,20.68,20.41,20.55,20.64,-0.09,-0.436,1500.44,3079.643,20.55,0.2121,0.3076,0.72,42.1757,62.5113,1.668,5.3026,5.4671,,,11581.064,7073.064,4877.864,237990.8652,145351.4652
688069.SH,20230710,20.84,20.99,20.61,20.64,20.79,-0.15,-0.7215,1540.7,3197.752,20.64,0.2178,0.3159,0.64,42.3604,62.7851,1.6753,5.3258,5.491,,,11581.064,7073.064,4877.864,239033.161,145988.041
688069.SH,20230707,20.46,20.88,20.38,20.79,20.64,0.15,0.7267,2047.07,4242.508,20.79,0.2894,0.4197,0.82,42.6683,63.2413,1.6874,5.3645,5.5309,,,11581.064,7073.064,4877.864,240770.3206,147049.0006
688069.SH,20230706,20.64,20.9,20.56,20.64,20.64,0.0,0.0,1950.25,4039.824,20.64,0.2757,0.3998,0.66,42.3604,62.7851,1.6753,5.3258,5.491,,,11581.064,7073.064,4877.864,239033.161,145988.041
688069.SH,20230705,20.5,20.98,20.47,20.64,20.55,0.09,0.438,2533.51,5264.867,20.64,0.3582,0.5194,0.56,42.3604,62.7851,1.6753,5.3258,5.491,,,11581.064,7073.064,4877.864,239033.161,145988.041
688069.SH,20230704,20.76,20.76,20.34,20.55,20.71,-0.16,-0.7726,2318.08,4753.142,20.55,0.3277,0.4752,0.47,42.1757,62.5113,1.668,5.3026,5.4671,,,11581.064,7073.064,4877.864,237990.8652,145351.4652
688069.SH,20230703,21.24,21.26,20.67,20.71,21.24,-0.53,-2.4953,3217.64,6713.018,20.71,0.4549,0.6596,0.66,42.5041,62.998,1.6809,5.3439,5.5097,,,11581.064,7073.064,4877.864,239843.8354,146483.1554
688069.SH,20230630,21.09,21.39,21.0,21.24,21.08,0.16,0.759,2435.96,5158.728,21.24,0.3444,0.4994,0.47,43.5919,64.6102,1.724,5.4806,5.6507,,,11581.064,7073.064,4877.864,245981.7994,150231.8794
688069.SH,20230629,20.86,21.27,20.81,21.08,20.86,0.22,1.0547,4200.71,8857.249,21.08,0.5939,0.8612,0.82,43.2635,64.1235,1.711,5.4393,5.6081,,,11581.064,7073.064,4877.864,244128.8291,149100.1891
688069.SH,20230628,20.23,21.57,20.23,20.86,20.23,0.63,3.1142,10400.21,21880.886,20.86,1.4704,2.1321,2.65,42.812,63.4543,1.6931,5.3826,5.5496,,,11581.064,7073.064,4877.864,241580.995,147544.115
688069.SH,20230627,19.22,20.25,19.19,20.23,19.28,0.95,4.9274,4550.33,9051.339,20.23,0.6433,0.9329,1.29,41.519,61.5379,1.642,5.22,5.382,,,11581.064,7073.064,4877.864,234284.9247,143088.0847
688069.SH,20230626,19.33,19.61,19.1,19.28,19.47,-0.19,-0.9759,2910.2,5622.801,19.28,0.4114,0.5966,0.89,39.5693,58.6481,1.5649,4.9749,5.1292,,,11581.064,7073.064,4877.864,223282.9139,136368.6739
688069.SH,20230621,19.92,20.03,19.22,19.47,19.9,-0.43,-2.1608,4068.65,8036.299,19.47,0.5752,0.8341,1.49,39.9592,59.226,1.5803,5.0239,5.1798,,,11581.064,7073.064,4877.864,225483.3161,137712.5561
688069.SH,20230620,19.75,20.0,19.53,19.9,19.77,0.13,0.6576,3728.22,7393.901,19.9,0.5271,0.7643,1.73,40.8417,60.534,1.6152,5.1349,5.2942,,,11581.064,7073.064,4877.864,230463.1736,140753.9736
688069.SH,20230619,20.0,20.3,19.5,19.77,19.98,-0.21,-1.0511,4355.87,8659.989,19.77,0.6158,0.893,2.8,40.5749,60.1386,1.6046,5.1013,5.2596,,,11581.064,7073.064,4877.864,228957.6353,139834.4753
688069.SH,20230616,27.37,28.14,27.37,28.0,27.31,0.69,2.5265,2507.51,6990.143,28.0,0.4916,0.7099,1.72,41.286,61.1925,1.6152,5.1907,5.3518,,,8320.36,5100.36,3532.36,232970.08,142810.08
688069.SH,20230615,27.76,27.76,27.19,27.31,27.7,-0.39,-1.4079,1711.38,4693.906,27.31,0.3355,0.4845,1.38,40.2686,59.6846,1.5754,5.0628,5.2199,,,8320.36,5100.36,3532.36,227229.0316,139290.8316
688069.SH,20230614,27.34,27.85,27.24,27.7,27.28,0.42,1.5396,1368.73,3782.28,27.7,0.2684,0.3875,1.13,40.8436,60.5369,1.5979,5.1351,5.2944,,,8320.36,5100.36,3532.36,230473.972,141279.972
688069.SH,20230613,27.2,27.51,27.12,27.28,27.35,-0.07,-0.2559,800.68,2183.648,27.28,0.157,0.2267,0.57,40.2243,59.619,1.5737,5.0572,5.2141,,,8320.36,5100.36,3532.36,226979.4208,139137.8208
688069.SH,20230612,27.3,27.58,27.0,27.35,27.24,0.11,0.4038,1393.5,3803.825,27.35,0.2732,0.3945,0.96,40.3275,59.772,1.5777,5.0702,5.2275,,,8320.36,5100.36,3532.36,227561.846,139494.846
688069.SH,20230609,27.6,27.72,26.85,27.24,27.69,-0.45,-1.6251,1999.21,5439.412,27.24,0.392,0.566,1.42,40.1654,59.5316,1.5714,5.0498,5.2065,,,8320.36,5100.36,3532.36,226646.6064,138933.8064
688069.SH,20230608,27.62,27.82,27.4,27.69,27.62,0.07,0.2534,649.66,1796.688,27.69,0.1274,0.1839,0.41,40.8289,60.515,1.5973,5.1333,5.2925,,,8320.36,5100.36,3532.36,230390.7684,141228.9684
688069.SH,20230607,27.79,27.81,27.41,27.62,27.72,-0.1,-0.3608,1234.0,3401.01,27.62,0.2419,0.3493,0.67,40.7257,60.362,1.5933,5.1203,5.2791,,,8320.36,5100.36,3532.36,229808.3432,140871.9432
688069.SH,20230606,28.5,28.59,27.55,27.72,28.53,-0.81,-2.8391,1755.17,4940.101,27.72,0.3441,0.4969,0.96,40.8731,60.5806,1.5991,5.1388,5.2982,,,8320.36,5100.36,3532.36,230640.3792,141381.9792
688069.SH,20230605,28.54,28.65,28.12,28.53,28.57,-0.04,-0.14,1634.34,4643.36,28.53,0.3204,0.4627,0.85,42.0675,62.3508,1.6458,5.289,5.4531,,,8320.36,5100.36,3532.36,237379.8708,145513.2708
688069.SH,20230602,28.24,28.75,28.23,28.57,28.23,0.34,1.2044,1747.25,4974.086,28.57,0.3426,0.4946,0.7,42.1264,62.4382,1.6481,5.2964,5.4607,,,8320.36,5100.36,3532.36,237712.6852,145717.2852
688069.SH,20230601,28.02,28.51,27.9,28.23,28.16,0.07,0.2486,1576.2,4453.996,28.23,0.309,0.4462,0.59,41.6251,61.6952,1.6285,5.2334,5.3957,,,8320.36,5100.36,3532.36,234883.7628,143983.1628
688069.SH,20230531,28.8,28.91,28.14,28.16,28.86,-0.7,-2.4255,2472.41,7025.536,28.16,0.4848,0.6999,1.04,41.5219,61.5422,1.6245,5.2204,5.3823,,,8320.36,5100.36,3532.36,234301.3376,143626.1376
688069.SH,20230530,28.66,29.32,28.56,28.86,29.04,-0.18,-0.6198,1695.56,4913.681,28.86,0.3324,0.48,0.68,42.554,63.072,1.6648,5.3501,5.5161,,,8320.36,5100.36,3532.36,240125.5896,147196.3896
688069.SH,20230529,28.85,29.43,28.75,29.04,29.06,-0.02,-0.0688,2079.65,6027.234,29.04,0.4077,0.5887,0.81,42.8194,63.4654,1.6752,5.3835,5.5505,,,8320.36,5100.36,3532.36,241623.2544,148114.4544
688069.SH,20230526,29.22,29.98,28.86,29.06,28.78,0.28,0.9729,4571.04,13383.525,29.06,0.8962,1.294,2.34,42.8489,63.5091,1.6764,5.3872,5.5544,,,8320.36,5100.36,3532.36,241789.6616,148216.4616
688069.SH,20230525,28.65,28.78,28.25,28.78,28.72,0.06,0.2089,2543.3,7260.329,28.78,0.4987,0.72,1.23,42.4361,62.8972,1.6602,5.3353,5.5008,,,8320.36,5100.36,3532.36,239459.9608,146788.3608
688069.SH,20230524,28.79,28.99,28.25,28.72,28.73,-0.01,-0.0348,978.98,2820.84,28.72,0.1919,0.2771,0.42,42.3476,62.766,1.6568,5.3242,5.4894,,,8320.36,5100.36,3532.36,238960.7392,146482.3392
688069.SH,20230523,28.35,29.19,28.22,28.73,28.71,0.02,0.0697,2244.74,6487.179,28.73,0.4401,0.6355,1.04,42.3624,62.7879,1.6573,5.326,5.4913,,,8320.36,5100.36,3532.36,239043.9428,146533.3428
688069.SH,20230522,28.5,28.74,28.35,28.71,28.65,0.06,0.2094,2454.42,7012.226,28.71,0.4812,0.6948,1.01,42.3329,62.7442,1.6562,5.3223,5.4875,,,8320.36,5100.36,3532.36,238877.5356,146431.3356
688069.SH,20230519,28.73,28.96,28.48,28.65,28.68,-0.03,-0.1046,1536.74,4411.593,28.65,0.3013,0.435,0.59,42.2444,62.6131,1.6527,5.3112,5.476,,,8320.36,5100.36,3532.36,238378.314,146125.314
688069.SH,20230518,28.07,28.79,27.96,28.68,28.01,0.67,2.392,3132.68,8883.302,28.68,0.6142,0.8869,1.42,42.2886,62.6786,1.6545,5.3168,5.4817,,,8320.36,5100.36,3532.36,238627.9248,146278.3248
688069.SH,20230517,27.73,28.17,27.7,28.01,28.13,-0.12,-0.4266,2187.22,6116.442,28.01,0.4288,0.6192,0.97,41.3007,61.2144,1.6158,5.1926,5.3537,,,8320.36,5100.36,3532.36,233053.2836,142861.0836
688069.SH,20230516,28.3,28.5,27.86,28.13,28.3,-0.17,-0.6007,1454.55,4084.651,28.13,0.2852,0.4118,0.5,41.4777,61.4766,1.6227,5.2148,5.3766,,,8320.36,5100.36,3532.36,234051.7268,143473.1268
688069.SH,20230515,27.35,28.5,27.35,28.3,27.35,0.95,3.4735,3886.36,10881.013,28.3,0.762,1.1002,1.62,41.7283,61.8482,1.6325,5.2463,5.4091,,,8320.36,5100.36,3532.36,235466.188,144340.188
688069.SH,20230512,28.19,28.19,27.33,27.35,28.06,-0.71,-2.5303,2278.23,6293.63,27.35,0.4467,0.645,0.94,40.3275,59.772,1.5777,5.0702,5.2275,,,8320.36,5100.36,3532.36,227561.846,139494.846
688069.SH,20230511,27.9,28.32,27.74,28.06,28.05,0.01,0.0357,1257.31,3534.167,28.06,0.2465,0.3559,0.47,41.3744,61.3236,1.6187,5.2018,5.3632,,,8320.36,5100.36,3532.36,233469.3016,143116.1016
688069.SH,20230510,28.09,28.34,27.71,28.05,28.08,-0.03,-0.1068,2454.79,6897.518,28.05,0.4813,0.6949,0.81,41.3597,61.3018,1.6181,5.2,5.3613,,,8320.36,5100.36,3532.36,233386.098,143065.098
688069.SH,20230509,29.49,29.49,28.01,28.08,29.34,-1.26,-4.2945,4630.68,13251.158,28.08,0.9079,1.3109,1.8,41.4039,61.3674,1.6198,5.2056,5.367,,,8320.36,5100.36,3532.36,233635.7088,143218.1088
688069.SH,20230508,29.83,29.83,29.11,29.34,29.41,-0.07,-0.238,1351.7,3967.273,29.34,0.265,0.3827,0.48,43.2618,64.121,1.6925,5.4391,5.6079,,,8320.36,5100.36,3532.36,244119.3624,149644.5624
688069.SH,20230505,30.03,30.04,29.34,29.41,29.96,-0.55,-1.8358,2432.96,7183.768,29.41,0.477,0.6888,0.82,43.365,64.274,1.6966,5.4521,5.6212,,,8320.36,5100.36,3532.36,244701.7876,150001.5876
688069.SH,20230504,30.05,30.22,29.72,29.96,29.98,-0.02,-0.0667,2529.56,7593.84,29.96,0.496,0.7161,0.87,44.176,65.476,1.7283,5.5541,5.7264,,,8320.36,5100.36,3532.36,249277.9856,152806.7856
688069.SH,20230428,29.5,30.27,29.11,29.98,30.11,-0.13,-0.4318,4241.55,12600.536,29.98,0.8316,1.2008,1.47,44.2055,65.5197,1.7295,5.5578,5.7302,,,8320.36,5100.36,3532.36,249444.3928,152908.7928
688069.SH,20230427,30.69,30.8,30.01,30.11,30.72,-0.61,-1.9857,2297.29,6966.295,30.11,0.4504,0.6504,0.67,23.0261,45.0697,1.6948,5.0976,5.5729,,,8320.36,5100.36,3532.36,250526.0396,153571.8396
688069.SH,20230426,30.65,31.08,30.22,30.72,30.65,0.07,0.2284,2488.36,7626.598,30.72,0.4879,0.7044,0.66,23.4926,45.9828,1.7291,5.2008,5.6858,,,8320.36,5100.36,3532.36,255601.4592,156683.0592
688069.SH,20230425,31.76,31.86,30.57,30.65,31.74,-1.09,-3.4342,3347.12,10418.506,30.65,0.6563,0.9476,0.81,23.4391,45.878,1.7252,5.189,5.6729,,,8320.36,5100.36,3532.36,255019.034,156326.034
688069.SH,20230424,31.69,31.99,31.39,31.74,31.7,0.04,0.1262,2107.6,6671.139,31.74,0.4132,0.5967,0.35,24.2726,47.5096,1.7865,5.3735,5.8746,,,8320.36,5100.36,3532.36,264088.2264,161885.4264
688069.SH,20230421,32.79,32.79,31.33,31.7,32.34,-0.64,-1.979,4164.43,13319.055,31.7,0.8165,1.1789,0.68,24.242,47.4497,1.7843,5.3667,5.8672,,,8320.36,5100.36,3532.36,263755.412,161681.412
688069.SH,20230420,33.06,33.53,32.2,32.34,33.12,-0.78,-2.3551,5147.58,16743.846,32.34,1.0093,1.4573,0.81,24.7315,48.4077,1.8203,5.4751,5.9857,,,8320.36,5100.36,3532.36,269080.4424,164945.6424
688069.SH,20230419,33.42,33.43,32.82,33.12,33.38,-0.26,-0.7789,4150.44,13739.744,33.12,0.8138,1.175,0.55,25.328,49.5752,1.8642,5.6071,6.13,,,8320.36,5100.36,3532.36,275570.3232,168923.9232
688069.SH,20230418,33.1,33.51,32.71,33.38,32.96,0.42,1.2743,5069.16,16826.987,33.38,0.9939,1.4351,0.69,25.5268,49.9644,1.8788,5.6512,6.1781,,,8320.36,5100.36,3532.36,277733.6168,170250.0168
688069.SH,20230417,32.7,34.17,32.53,32.96,32.63,0.33,1.0113,11500.02,38156.85,32.96,2.2547,3.2556,1.86,25.2056,49.3357,1.8552,5.5801,6.1004,,,8320.36,5100.36,3532.36,274239.0656,168107.8656
688069.SH,20230414,32.27,32.88,32.01,32.63,32.32,0.31,0.9592,4678.94,15182.889,32.63,0.9174,1.3246,0.71,24.9532,48.8418,1.8366,5.5242,6.0393,,,8320.36,5100.36,3532.36,271493.3468,166424.7468
688069.SH,20230413,31.93,32.64,31.88,32.32,32.0,0.32,1.0,6249.05,20173.11,32.32,1.2252,1.7691,0.83,24.7162,48.3778,1.8192,5.4717,5.982,,,8320.36,5100.36,3532.36,268914.0352,164843.6352
688069.SH,20230412,30.93,32.41,30.8,32.0,30.93,1.07,3.4594,10039.52,32069.869,32.0,1.9684,2.8422,1.57,24.4715,47.8988,1.8012,5.4175,5.9227,,,8320.36,5100.36,3532.36,266251.52,163211.52
688069.SH,20230411,30.17,31.0,30.03,30.93,30.35,0.58,1.911,4412.92,13518.048,30.93,0.8652,1.2493,0.68,23.6532,46.2972,1.7409,5.2364,5.7247,,,8320.36,5100.36,3532.36,257348.7348,157754.1348
688069.SH,20230410,30.88,31.11,30.34,30.35,30.81,-0.46,-1.493,5499.06,16907.241,30.35,1.0782,1.5568,0.86,23.2096,45.429,1.7083,5.1382,5.6173,,,8320.36,5100.36,3532.36,252522.926,154795.926
688069.SH,20230407,30.85,31.48,30.6,30.81,30.86,-0.05,-0.162,6918.1,21464.655,30.81,1.3564,1.9585,1.07,23.5614,46.1175,1.7342,5.2161,5.7025,,,8320.36,5100.36,3532.36,256350.2916,157142.0916
688069.SH,20230406,29.5,30.95,29.35,30.86,29.62,1.24,4.1864,10688.28,32633.23,30.86,2.0956,3.0258,1.67,23.5997,46.1924,1.737,5.2245,5.7117,,,8320.36,5100.36,3532.36,256766.3096,157397.1096
688069.SH,20230404,30.25,30.25,29.5,29.62,30.18,-0.56,-1.8555,4428.87,13160.676,29.62,0.8683,1.2538,0.52,22.6514,44.3363,1.6672,5.0146,5.4822,,,8320.36,5100.36,3532.36,246449.0632,151072.6632
688069.SH,20230403,29.83,30.3,29.68,30.18,29.94,0.24,0.8016,5123.29,15392.208,30.18,1.0045,1.4504,0.63,23.0796,45.1745,1.6987,5.1094,5.5859,,,8320.36,5100.36,3532.36,251108.4648,153928.8648
688069.SH,20230331,30.05,30.38,29.62,29.94,30.0,-0.06,-0.2,4777.38,14280.184,29.94,0.9367,1.3525,0.62,22.8961,44.8153,1.6852,5.0688,5.5415,,,8320.36,5100.36,3532.36,249111.5784,152704.7784
688069.SH,20230330,31.2,31.2,29.71,30.0,30.63,-0.63,-2.0568,7401.87,22281.938,30.0,1.4512,2.0954,1.1,22.942,44.9051,1.6886,5.0789,5.5526,,,8320.36,5100.36,3532.36,249610.8,153010.8
688069.SH,20230329,31.99,31.99,30.4,30.63,31.67,-1.04,-3.2839,10228.51,31621.42,30.63,2.0054,2.8957,1.82,23.4238,45.8481,1.724,5.1856,5.6692,,,8320.36,5100.36,3532.36,254852.6268,156224.0268
688069.SH,20230328,29.28,32.18,28.93,31.67,29.22,2.45,8.3847,15466.56,47869.891,31.67,3.0324,4.3785,5.13,24.2191,47.4048,1.7826,5.3617,5.8616,,,8320.36,5100.36,3532.36,263505.8012,161528.4012
688069.SH,20230327,29.14,29.34,28.8,29.22,29.11,0.11,0.3779,2850.73,8301.641,29.22,0.5589,0.807,0.94,22.3455,43.7376,1.6447,4.9469,5.4082,,,8320.36,5100.36,3532.36,243120.9192,149032.5192
688069.SH,20230324,29.17,29.24,28.82,29.11,29.11,0.0,0.0,2344.31,6803.966,29.11,0.4596,0.6637,0.77,22.2614,43.5729,1.6385,4.9283,5.3878,,,8320.36,5100.36,3532.36,242205.6796,148471.4796
688069.SH,20230323,29.08,29.31,28.63,29.11,29.15,-0.04,-0.1372,2628.21,7612.292,29.11,0.5153,0.744,0.87,22.2614,43.5729,1.6385,4.9283,5.3878,,,8320.36,5100.36,3532.36,242205.6796,148471.4796
688069.SH,20230322,28.5,29.19,28.37,29.15,28.45,0.7,2.4605,4792.33,13864.017,29.15,0.9396,1.3567,1.8,22.292,43.6328,1.6407,4.935,5.3952,,,8320.36,5100.36,3532.36,242538.494,148675.494
688069.SH,20230321,28.36,28.5,28.1,28.45,28.14,0.31,1.1016,2462.46,6973.094,28.45,0.4828,0.6971,0.9,21.7567,42.585,1.6013,4.8165,5.2657,,,8320.36,5100.36,3532.36,236714.242,145105.242
688069.SH,20230320,28.6,28.6,28.01,28.14,28.63,-0.49,-1.7115,2992.17,8467.92,28.14,0.5867,0.8471,1.08,21.5196,42.121,1.5839,4.764,5.2083,,,8320.36,5100.36,3532.36,234134.9304,143524.1304
688069.SH,20230317,28.25,29.07,28.25,28.63,28.26,0.37,1.3093,2275.0,6527.872,28.63,0.446,0.644,0.77,21.8943,42.8544,1.6115,4.847,5.299,,,8320.36,5100.36,3532.36,238211.9068,146023.3068
688069.SH,20230316,28.22,28.69,28.08,28.26,28.44,-0.18,-0.6329,2591.08,7357.912,28.26,0.508,0.7335,0.78,21.6114,42.3006,1.5907,4.7844,5.2305,,,8320.36,5100.36,3532.36,235133.3736,144136.1736
688069.SH,20230315,28.19,28.9,27.9,28.44,28.13,0.31,1.102,2980.94,8480.989,28.44,0.5845,0.8439,0.95,21.749,42.57,1.6008,4.8148,5.2638,,,8320.36,5100.36,3532.36,236631.0384,145054.2384
688069.SH,20230314,28.54,28.66,28.03,28.13,28.49,-0.36,-1.2636,2793.5,7911.537,28.13,0.5477,0.7908,0.91,21.5119,42.106,1.5833,4.7624,5.2064,,,8320.36,5100.36,3532.36,234051.7268,143473.1268
688069.SH,20230313,29.11,29.11,28.22,28.49,29.1,-0.61,-2.0962,3210.28,9181.294,28.49,0.6294,0.9088,1.01,21.7872,42.6449,1.6036,4.8233,5.2731,,,8320.36,5100.36,3532.36,237047.0564,145309.2564
688069.SH,20230310,28.95,29.45,28.91,29.1,29.2,-0.1,-0.3425,3138.04,9160.333,29.1,0.6153,0.8884,1.04,22.2537,43.5579,1.6379,4.9266,5.386,,,8320.36,5100.36,3532.36,242122.476,148420.476
688069.SH,20230309,28.54,29.28,28.5,29.2,28.62,0.58,2.0266,4516.31,13130.027,29.2,0.8855,1.2786,1.82,22.3302,43.7076,1.6436,4.9435,5.4045,,,8320.36,5100.36,3532.36,242954.512,148930.512
688069.SH,20230308,27.99,28.79,27.99,28.62,28.73,-0.11,-0.3829,2048.37,5837.791,28.62,0.4016,0.5799,0.8,21.8867,42.8395,1.6109,4.8453,5.2971,,,8320.36,5100.36,3532.36,238128.7032,145972.3032
688069.SH,20230307,29.13,29.28,28.34,28.73,29.24,-0.51,-1.7442,2517.79,7249.055,28.73,0.4936,0.7128,1.08,21.9708,43.0041,1.6171,4.8639,5.3175,,,8320.36,5100.36,3532.36,239043.9428,146533.3428
688069.SH,20230306,29.02,29.38,28.5,29.24,28.77,0.47,1.6336,3642.8,10609.009,29.24,0.7142,1.0313,1.66,22.3608,43.7675,1.6458,4.9503,5.4119,,,8320.36,5100.36,3532.36,243287.3264,149134.5264
688069.SH,20230303,28.68,28.99,28.46,28.77,28.69,0.08,0.2788,2307.57,6611.935,28.77,0.4524,0.6533,1.04,22.0014,43.064,1.6194,4.8707,5.3249,,,8320.36,5100.36,3532.36,239376.7572,146737.3572
688069.SH,20230302,28.72,28.92,28.42,28.69,28.67,0.02,0.0698,1876.34,5385.246,28.69,0.3679,0.5312,0.82,21.9402,42.9442,1.6149,4.8572,5.3101,,,8320.36,5100.36,3532.36,238711.1284,146329.3284
688069.SH,20230301,28.52,28.86,28.27,28.67,28.54,0.13,0.4555,2416.06,6897.976,28.67,0.4737,0.684,0.97,21.9249,42.9143,1.6137,4.8538,5.3064,,,8320.36,5100.36,3532.36,238544.7212,146227.3212
688069.SH,20230228,27.9,28.56,27.89,28.54,27.9,0.64,2.2939,1397.87,3953.795,28.54,0.2741,0.3957,0.5,21.8255,42.7197,1.6064,4.8318,5.2823,,,8320.36,5100.36,3532.36,237463.0744,145564.2744
688069.SH,20230227,28.39,28.68,27.86,27.9,28.26,-0.36,-1.2739,2975.8,8413.69,27.9,0.5834,0.8424,1.14,21.3361,20.3624,1.5628,4.7234,4.4486,,,8320.36,5100.36,3532.36,232138.044,142300.044
688069.SH,20230224,28.45,28.45,28.03,28.26,28.48,-0.22,-0.7725,2467.23,6962.004,28.26,0.4837,0.6985,0.92,21.6114,20.6252,1.583,4.7844,4.506,,,8320.36,5100.36,3532.36,235133.3736,144136.1736
688069.SH,20230223,28.67,28.68,28.24,28.48,28.53,-0.05,-0.1753,2222.94,6318.979,28.48,0.4358,0.6293,0.77,21.7796,20.7857,1.5953,4.8216,4.5411,,,8320.36,5100.36,3532.36,236963.8528,145258.2528
688069.SH,20230222,28.28,28.77,28.17,28.53,28.39,0.14,0.4931,3392.97,9681.083,28.53,0.6652,0.9605,1.26,21.8178,20.8222,1.5981,4.8301,4.5491,,,8320.36,5100.36,3532.36,237379.8708,145513.2708
688069.SH,20230221,28.64,28.87,28.11,28.39,28.63,-0.24,-0.8383,2808.94,7972.449,28.39,0.5507,0.7952,1.08,21.7108,20.72,1.5903,4.8064,4.5267,,,8320.36,5100.36,3532.36,236215.0204,144799.2204
688069.SH,20230220,28.51,28.84,28.21,28.63,28.41,0.22,0.7744,2104.8,5985.561,28.63,0.4127,0.5959,0.76,21.8943,20.8952,1.6037,4.847,4.565,,,8320.36,5100.36,3532.36,238211.9068,146023.3068
688069.SH,20230217,28.62,28.86,28.21,28.41,28.48,-0.07,-0.2458,2924.22,8340.993,28.41,0.5733,0.8278,1.07,21.7261,20.7346,1.5914,4.8098,4.5299,,,8320.36,5100.36,3532.36,236381.4276,144901.2276
688069.SH,20230216,29.08,29.38,28.05,28.48,28.98,-0.5,-1.7253,3197.35,9225.943,28.48,0.6269,0.9052,1.19,21.7796,20.7857,1.5953,4.8216,4.5411,,,8320.36,5100.36,3532.36,236963.8528,145258.2528
688069.SH,20230215,29.39,29.45,28.97,28.98,29.24,-0.26,-0.8892,2408.78,7019.432,28.98,0.4723,0.6819,0.85,22.162,21.1506,1.6233,4.9063,4.6208,,,8320.36,5100.36,3532.36,241124.0328,147808.4328
688069.SH,20230214,30.01,30.03,29.08,29.24,29.6,-0.36,-1.2162,2412.9,7094.128,29.24,0.4731,0.6831,0.77,22.3608,21.3404,1.6379,4.9503,4.6623,,,8320.36,5100.36,3532.36,243287.3264,149134.5264
688069.SH,20230213,29.58,29.85,29.2,29.6,29.48,0.12,0.4071,2819.66,8319.924,29.6,0.5528,0.7982,0.93,22.6361,21.6031,1.6581,5.0112,4.7197,,,8320.36,5100.36,3532.36,246282.656,150970.656
688069.SH,20230210,29.36,29.65,29.15,29.48,29.18,0.3,1.0281,2871.33,8448.635,29.48,0.563,0.8129,0.93,22.5443,21.5156,1.6513,4.9909,4.7005,,,8320.36,5100.36,3532.36,245284.2128,150358.6128
688069.SH,20230209,28.85,29.36,28.84,29.18,28.9,0.28,0.9689,2940.75,8564.584,29.18,0.5766,0.8325,1.0,22.3149,21.2966,1.6345,4.9401,4.6527,,,8320.36,5100.36,3532.36,242788.1048,148828.5048
688069.SH,20230208,29.26,29.39,28.79,28.9,29.25,-0.35,-1.1966,3200.31,9292.559,28.9,0.6275,0.906,1.03,22.1008,21.0923,1.6189,4.8927,4.6081,,,8320.36,5100.36,3532.36,240458.404,147400.404
688069.SH,20230207,29.37,29.46,28.89,29.25,29.05,0.2,0.6885,3804.71,11108.506,29.25,0.746,1.0771,1.16,22.3684,21.3477,1.6385,4.952,4.6639,,,8320.36,5100.36,3532.36,243370.53,149185.53
688069.SH,20230206,28.6,29.1,28.51,29.05,28.66,0.39,1.3608,2305.12,6652.976,29.05,0.452,0.6526,0.68,22.2155,21.2017,1.6273,4.9181,4.632,,,8320.36,5100.36,3532.36,241706.458,148165.458
688069.SH,20230203,28.33,28.73,28.22,28.66,28.33,0.33,1.1648,3113.47,8886.781,28.66,0.6104,0.8814,1.0,21.9173,20.9171,1.6054,4.8521,4.5698,,,8320.36,5100.36,3532.36,238461.5176,146176.3176
688069.SH,20230202,28.33,28.68,28.21,28.33,28.35,-0.02,-0.0705,2262.84,6421.389,28.33,0.4437,0.6406,0.74,21.6649,20.6763,1.5869,4.7962,4.5172,,,8320.36,5100.36,3532.36,235715.7988,144493.1988
688069.SH,20230201,27.5,28.54,27.5,28.35,27.76,0.59,2.1254,4041.8,11405.032,28.35,0.7925,1.1442,1.55,21.6802,20.6909,1.588,4.7996,4.5204,,,8320.36,5100.36,3532.36,235882.206,144595.206
688069.SH,20230131,27.29,27.98,27.2,27.76,27.86,-0.1,-0.3589,4626.48,12736.033,27.76,0.9071,1.3097,2.26,21.229,20.2602,1.555,4.6997,4.4263,,,8320.36,5100.36,3532.36,230973.1936,141585.9936
688069.SH,20230130,28.15,28.16,27.72,27.86,27.8,0.06,0.2158,2972.84,8306.454,27.86,0.5829,0.8416,1.48,21.3055,20.3332,1.5606,4.7166,4.4422,,,8320.36,5100.36,3532.36,231805.2296,142096.0296
688069.SH,20230120,27.76,27.99,27.69,27.8,27.77,0.03,0.108,1611.45,4485.242,27.8,0.3159,0.4562,0.82,21.2596,20.2894,1.5572,4.7065,4.4327,,,8320.36,5100.36,3532.36,231306.008,141790.008
688069.SH,20230119,27.58,27.89,27.26,27.77,27.35,0.42,1.5356,2073.02,5740.101,27.77,0.4064,0.5869,1.25,21.2366,20.2675,1.5556,4.7014,4.4279,,,8320.36,5100.36,3532.36,231056.3972,141636.9972
688069.SH,20230118,27.35,27.78,27.08,27.35,27.19,0.16,0.5885,1737.35,4744.397,27.35,0.3406,0.4918,1.08,20.9155,19.961,1.532,4.6303,4.3609,,,8320.36,5100.36,3532.36,227561.846,139494.846
688069.SH,20230117,27.65,27.68,27.12,27.19,27.38,-0.19,-0.6939,1840.65,5020.423,27.19,0.3609,0.5211,1.22,20.7931,19.8442,1.5231,4.6032,4.3354,,,8320.36,5100.36,3532.36,226230.5884,138678.7884
688069.SH,20230116,27.18,27.46,26.81,27.38,27.12,0.26,0.9587,2802.43,7642.614,27.38,0.5495,0.7934,2.02,20.9384,19.9829,1.5337,4.6354,4.3657,,,8320.36,5100.36,3532.36,227811.4568,139647.8568
688069.SH,20230113,26.66,27.19,26.66,27.12,26.92,0.2,0.7429,1403.47,3776.373,27.12,0.2752,0.3973,0.66,20.7396,19.7932,1.5191,4.5914,4.3242,,,8320.36,5100.36,3532.36,225648.1632,138321.7632
688069.SH,20230112,27.12,27.12,26.71,26.92,26.98,-0.06,-0.2224,499.08,1343.797,26.92,0.0979,0.1413,0.2,20.5866,19.6472,1.5079,4.5575,4.2923,,,8320.36,5100.36,3532.36,223984.0912,137301.6912
688069.SH,20230111,26.86,27.22,26.77,26.98,27.02,-0.04,-0.148,1529.48,4133.057,26.98,0.2999,0.433,0.56,20.6325,19.691,1.5113,4.5677,4.3019,,,8320.36,5100.36,3532.36,224483.3128,137607.7128
688069.SH,20230110,26.9,27.29,26.8,27.02,27.12,-0.1,-0.3687,1325.45,3576.765,27.02,0.2599,0.3752,0.46,20.6631,19.7202,1.5135,4.5744,4.3083,,,8320.36,5100.36,3532.36,224816.1272,137811.7272
688069.SH,20230109,27.0,27.28,26.78,27.12,27.29,-0.17,-0.6229,2170.46,5868.581,27.12,0.4256,0.6145,0.81,20.7396,19.7932,1.5191,4.5914,4.3242,,,8320.36,5100.36,3532.36,225648.1632,138321.7632
688069.SH,20230106,26.59,27.68,26.52,27.29,26.62,0.67,2.5169,5056.4,13748.6,27.29,0.9914,1.4315,2.57,20.8696,19.9172,1.5287,4.6201,4.3513,,,8320.36,5100.36,3532.36,227062.6244,139188.8244
688069.SH,20230105,26.55,27.16,26.41,26.62,26.5,0.12,0.4528,2700.26,7204.17,26.62,0.5294,0.7644,1.58,20.3572,19.4282,1.4911,4.5067,4.2445,,,8320.36,5100.36,3532.36,221487.9832,135771.5832
688069.SH,20230104,26.33,26.93,26.33,26.5,26.5,0.0,0.0,2412.69,6420.226,26.5,0.473,0.683,1.6,20.2654,19.3407,1.4844,4.4864,4.2254,,,8320.36,5100.36,3532.36,220489.54,135159.54
688069.SH,20230103,25.7,26.63,25.7,26.5,25.8,0.7,2.7132,1956.78,5131.671,26.5,0.3837,0.554,1.35,20.2654,19.3407,1.4844,4.4864,4.2254,,,8320.36,5100.36,3532.36,220489.54,135159.54
688069.SH,20221230,25.37,25.89,25.37,25.8,25.53,0.27,1.0576,1334.32,3426.13,25.8,0.2616,0.3777,0.88,19.7301,18.8298,1.4452,4.3679,4.1138,,,8320.36,5100.36,3532.36,214665.288,131589.288
688069.SH,20221229,25.53,25.67,25.32,25.53,25.53,0.0,0.0,1443.49,3675.547,25.53,0.283,0.4086,0.94,19.5236,18.6327,1.4301,4.3222,4.0707,,,8320.36,5100.36,3532.36,212418.7908,130212.1908
688069.SH,20221228,26.08,26.08,25.52,25.53,26.07,-0.54,-2.0713,1392.17,3571.256,25.53,0.273,0.3941,0.86,19.5236,18.6327,1.4301,4.3222,4.0707,,,8320.36,5100.36,3532.36,212418.7908,130212.1908
688069.SH,20221227,26.0,26.31,25.73,26.07,26.0,0.07,0.2692,1415.76,3695.989,26.07,0.2776,0.4008,0.88,19.9366,19.0268,1.4603,4.4136,4.1568,,,8320.36,5100.36,3532.36,216911.7852,132966.3852
688069.SH,20221226,25.68,26.17,25.62,26.0,25.23,0.77,3.0519,1659.77,4304.78,26.0,0.3254,0.4699,0.89,19.8831,18.9757,1.4564,4.4017,4.1457,,,8320.36,5100.36,3532.36,216329.36,132609.36
688069.SH,20221223,25.29,25.68,25.09,25.23,25.48,-0.25,-0.9812,1653.94,4201.517,25.23,0.3243,0.4682,0.78,19.2942,18.4138,1.4133,4.2714,4.0229,,,8320.36,5100.36,3532.36,209922.6828,128682.0828
688069.SH,20221222,26.31,26.31,25.4,25.48,26.01,-0.53,-2.0377,1587.34,4093.63,25.48,0.3112,0.4494,0.73,19.4854,18.5962,1.4273,4.3137,4.0627,,,8320.36,5100.36,3532.36,212002.7728,129957.1728
688069.SH,20221221,26.28,26.45,25.95,26.01,26.24,-0.23,-0.8765,1790.43,4685.692,26.01,0.351,0.5069,0.75,19.8907,18.983,1.457,4.4034,4.1472,,,8320.36,5100.36,3532.36,216412.5636,132660.3636
688069.SH,20221220,26.17,26.55,25.79,26.24,26.44,-0.2,-0.7564,1388.55,3645.339,26.24,0.2722,0.3931,0.58,20.0666,19.1509,1.4699,4.4424,4.1839,,,8320.36,5100.36,3532.36,218326.2464,133833.4464
688069.SH,20221219,27.0,27.39,26.02,26.44,27.06,-0.62,-2.2912,2887.37,7620.205,26.44,0.5661,0.8174,1.21,20.2195,19.2969,1.4811,4.4762,4.2158,,,8320.36,5100.36,3532.36,219990.3184,134853.5184
688069.SH,20221216,27.56,27.56,26.88,27.06,27.55,-0.49,-1.7786,3003.22,8150.545,27.06,0.5888,0.8502,1.16,20.6937,19.7494,1.5158,4.5812,4.3147,,,8320.36,5100.36,3532.36,225148.9416,138015.7416
688069.SH,20221215,27.45,27.58,27.27,27.55,27.43,0.12,0.4375,1750.43,4800.86,27.55,0.3432,0.4955,0.61,21.0684,20.107,1.5432,4.6642,4.3928,,,8320.36,5100.36,3532.36,229225.918,140514.918
688069.SH,20221214,27.67,27.82,27.31,27.43,27.67,-0.24,-0.8674,2834.56,7812.12,27.43,0.5558,0.8025,0.99,20.9766,20.0194,1.5365,4.6438,4.3737,,,8320.36,5100.36,3532.36,228227.4748,139902.8748
688069.SH,20221213,27.75,27.75,27.61,27.67,27.75,-0.08,-0.2883,1436.61,3974.393,27.67,0.2817,0.4067,0.44,21.1602,20.1946,1.55,4.6845,4.4119,,,8320.36,5100.36,3532.36,230224.3612,141126.9612
688069.SH,20221212,28.15,28.15,27.62,27.75,27.92,-0.17,-0.6089,2894.45,8040.538,27.75,0.5675,0.8194,0.87,21.2213,20.253,1.5544,4.698,4.4247,,,8320.36,5100.36,3532.36,230889.99,141534.99
688069.SH,20221209,28.36,28.36,27.85,27.92,28.11,-0.19,-0.6759,3986.27,11150.12,27.92,0.7816,1.1285,1.17,21.3513,20.377,1.564,4.7268,4.4518,,,8320.36,5100.36,3532.36,232304.4512,142402.0512
688069.SH,20221208,28.44,28.44,28.07,28.11,28.45,-0.34,-1.1951,3163.25,8925.974,28.11,0.6202,0.8955,0.97,21.4966,20.5157,1.5746,4.759,4.4821,,,8320.36,5100.36,3532.36,233885.3196,143371.1196
688069.SH,20221207,28.64,28.64,28.3,28.45,28.64,-0.19,-0.6634,2862.41,8134.197,28.45,0.5612,0.8103,0.88,21.7567,20.7638,1.5936,4.8165,4.5363,,,8320.36,5100.36,3532.36,236714.242,145105.242
688069.SH,20221206,28.78,29.03,28.55,28.64,28.95,-0.31,-1.0708,3280.2,9456.366,28.64,0.6431,0.9286,1.02,21.902,20.9025,1.6043,4.8487,4.5666,,,8320.36,5100.36,3532.36,238295.1104,146074.3104
688069.SH,20221205,28.73,29.1,28.67,28.95,28.81,0.14,0.4859,3368.91,9734.648,28.95,0.6605,0.9537,1.06,22.139,21.1288,1.6217,4.9012,4.616,,,8320.36,5100.36,3532.36,240874.422,147655.422
688069.SH,20221202,28.86,29.06,28.58,28.81,28.63,0.18,0.6287,4353.33,12527.852,28.81,0.8535,1.2324,1.54,22.032,21.0266,1.6138,4.8775,4.5937,,,8320.36,5100.36,3532.36,239709.5716,146941.3716
688069.SH,20221201,28.71,28.85,28.4,28.63,28.49,0.14,0.4914,2375.84,6821.566,28.63,0.4658,0.6726,0.84,21.8943,20.8952,1.6037,4.847,4.565,,,8320.36,5100.36,3532.36,238211.9068,146023.3068
688069.SH,20221130,28.8,29.17,28.35,28.49,28.8,-0.31,-1.0764,2970.41,8485.054,28.49,0.5824,0.8409,0.99,21.7872,20.793,1.5959,4.8233,4.5427,,,8320.36,5100.36,3532.36,237047.0564,145309.2564
688069.SH,20221129,28.31,28.87,28.26,28.8,28.3,0.5,1.7668,2994.13,8587.331,28.8,0.587,0.8476,0.98,22.0243,21.0193,1.6133,4.8758,4.5921,,,8320.36,5100.36,3532.36,239626.368,146890.368
688069.SH,20221128,28.56,28.56,28.0,28.3,28.56,-0.26,-0.9104,3125.67,8817.831,28.3,0.6128,0.8849,1.0,21.6419,20.6544,1.5852,4.7911,4.5124,,,8320.36,5100.36,3532.36,235466.188,144340.188
688069.SH,20221125,28.61,28.78,28.49,28.56,28.66,-0.1,-0.3489,2689.48,7704.395,28.56,0.5273,0.7614,0.74,21.8408,20.8441,1.5998,4.8351,4.5538,,,8320.36,5100.36,3532.36,237629.4816,145666.2816
688069.SH,20221124,28.57,28.8,28.4,28.66,28.59,0.07,0.2448,2428.04,6957.026,28.66,0.4761,0.6874,0.66,21.9173,20.9171,1.6054,4.8521,4.5698,,,8320.36,5100.36,3532.36,238461.5176,146176.3176
688069.SH,20221123,28.81,28.87,28.14,28.59,28.81,-0.22,-0.7636,3735.7,10634.711,28.59,0.7324,1.0576,1.05,21.8637,20.866,1.6015,4.8402,4.5586,,,8320.36,5100.36,3532.36,237879.0924,145819.2924
688069.SH,20221122,29.45,29.45,28.69,28.81,28.9,-0.09,-0.3114,3270.43,9470.811,28.81,0.6412,0.9258,0.89,22.032,21.0266,1.6138,4.8775,4.5937,,,8320.36,5100.36,3532.36,239709.5716,146941.3716
688069.SH,20221121,29.32,29.35,28.43,28.9,29.21,-0.31,-1.0613,3528.72,10149.529,28.9,0.6919,0.999,0.87,22.1008,21.0923,1.6189,4.8927,4.6081,,,8320.36,5100.36,3532.36,240458.404,147400.404
688069.SH,20221118,29.47,30.07,29.18,29.21,29.27,-0.06,-0.205,5144.4,15228.823,29.21,1.0086,1.4564,1.31,22.3379,21.3185,1.6362,4.9452,4.6575,,,8320.36,5100.36,3532.36,243037.7156,148981.5156
688069.SH,20221117,29.15,29.3,28.71,29.27,29.14,0.13,0.4461,2650.86,7675.498,29.27,0.5197,0.7505,0.65,22.3837,21.3623,1.6396,4.9553,4.667,,,8320.36,5100.36,3532.36,243536.9372,149287.5372
688069.SH,20221116,29.19,29.44,28.83,29.14,29.03,0.11,0.3789,3114.15,9055.424,29.14,0.6106,0.8816,0.78,22.2843,21.2674,1.6323,4.9333,4.6463,,,8320.36,5100.36,3532.36,242455.2904,148624.4904
688069.SH,20221115,28.47,29.15,28.38,29.03,28.48,0.55,1.9312,3992.18,11534.946,29.03,0.7827,1.1302,0.99,22.2002,21.1871,1.6261,4.9147,4.6288,,,8320.36,5100.36,3532.36,241540.0508,148063.4508
688069.SH,20221114,28.18,28.9,27.59,28.48,27.95,0.53,1.8962,5327.76,15109.543,28.48,1.0446,1.5083,1.26,21.7796,20.7857,1.5953,4.8216,4.5411,,,8320.36,5100.36,3532.36,236963.8528,145258.2528
688069.SH,20221111,28.33,28.73,27.88,27.95,28.0,-0.05,-0.1786,4506.84,12732.553,27.95,0.8836,1.2759,1.04,21.3743,20.3989,1.5656,4.7319,4.4566,,,8320.36,5100.36,3532.36,232554.062,142555.062
688069.SH,20221110,28.38,28.51,27.8,28.0,28.43,-0.43,-1.5125,3488.2,9793.085,28.0,0.6839,0.9875,0.75,21.4125,20.4354,1.5684,4.7403,4.4645,,,8320.36,5100.36,3532.36,232970.08,142810.08
688069.SH,20221109,28.49,28.64,28.2,28.43,28.39,0.04,0.1409,2692.34,7656.555,28.43,0.5279,0.7622,0.51,21.7414,20.7492,1.5925,4.8131,4.5331,,,8320.36,5100.36,3532.36,236547.8348,145003.2348
688069.SH,20221108,28.52,28.93,28.19,28.39,28.58,-0.19,-0.6648,4093.4,11605.739,28.39,0.8026,1.1588,0.76,21.7108,20.72,1.5903,4.8064,4.5267,,,8320.36,5100.36,3532.36,236215.0204,144799.2204
688069.SH,20221107,29.0,29.33,28.36,28.58,28.94,-0.36,-1.244,6318.54,18167.322,28.58,1.2388,1.7888,1.01,21.8561,20.8587,1.6009,4.8385,4.557,,,8320.36,5100.36,3532.36,237795.8888,145768.2888
688069.SH,20221104,28.35,29.2,28.18,28.94,28.26,0.68,2.4062,4987.18,14398.966,28.94,0.9778,1.4119,0.82,22.1314,21.1215,1.6211,4.8995,4.6144,,,8320.36,5100.36,3532.36,240791.2184,147604.4184
688069.SH,20221103,28.15,28.49,28.12,28.26,28.16,0.1,0.3551,5179.23,14636.202,28.26,1.0155,1.4662,0.92,21.6114,20.6252,1.583,4.7844,4.506,,,8320.36,5100.36,3532.36,235133.3736,144136.1736
688069.SH,20221102,27.81,28.5,27.81,28.16,28.01,0.15,0.5355,5762.03,16239.406,28.16,1.1297,1.6312,1.1,21.5349,20.5522,1.5774,4.7674,4.4901,,,8320.36,5100.36,3532.36,234301.3376,143626.1376
688069.SH,20221101,28.07,28.22,27.51,28.01,27.85,0.16,0.5745,4524.35,12594.049,28.01,0.8871,1.2808,0.95,21.4202,20.4427,1.569,4.742,4.4661,,,8320.36,5100.36,3532.36,233053.2836,142861.0836
688069.SH,20221031,27.9,29.0,27.79,27.85,29.2,-1.35,-4.6233,10844.95,30571.256,27.85,2.1263,3.0702,3.33,21.2978,20.3259,1.56,4.7149,4.4406,,,8320.36,5100.36,3532.36,231722.026,142045.026
688069.SH,20221028,30.79,30.79,28.91,29.2,30.41,-1.21,-3.979,4115.12,12249.773,29.2,0.8068,1.165,1.37,22.3302,21.7768,1.6373,4.9435,4.7794,,,8320.36,5100.36,3532.36,242954.512,148930.512
688069.SH,20221027,30.24,30.77,30.0,30.41,30.36,0.05,0.1647,2992.59,9101.212,30.41,0.5867,0.8472,1.02,23.2555,22.6792,1.7051,5.1483,4.9775,,,8320.36,5100.36,3532.36,253022.1476,155101.9476
688069.SH,20221026,29.0,30.68,28.92,30.36,29.19,1.17,4.0082,3670.75,11028.845,30.36,0.7197,1.0392,1.32,23.2173,22.6419,1.7023,5.1399,4.9693,,,8320.36,5100.36,3532.36,252606.1296,154846.9296
688069.SH,20221025,29.28,29.84,28.95,29.19,29.56,-0.37,-1.2517,2066.97,6059.384,29.19,0.4053,0.5852,0.62,22.3226,21.7693,1.6367,4.9418,4.7778,,,8320.36,5100.36,3532.36,242871.3084,148879.5084
688069.SH,20221024,30.2,30.77,29.36,29.56,29.72,-0.16,-0.5384,3433.85,10321.018,29.56,0.6733,0.9721,0.88,22.6055,22.0453,1.6575,5.0044,4.8383,,,8320.36,5100.36,3532.36,245949.8416,150766.6416
688069.SH,20221021,29.69,30.27,29.31,29.72,29.87,-0.15,-0.5022,2827.88,8382.983,29.72,0.5544,0.8006,0.67,22.7279,22.1646,1.6664,5.0315,4.8645,,,8320.36,5100.36,3532.36,247281.0992,151582.6992
688069.SH,20221020,29.67,30.55,29.41,29.87,30.21,-0.34,-1.1255,2694.65,8050.017,29.87,0.5283,0.7628,0.52,22.8426,22.2765,1.6749,5.0569,4.8891,,,8320.36,5100.36,3532.36,248529.1532,152347.7532
688069.SH,20221019,30.55,31.13,29.98,30.21,31.17,-0.96,-3.0799,2834.02,8623.22,30.21,0.5557,0.8023,0.5,23.1026,22.53,1.6939,5.1145,4.9447,,,8320.36,5100.36,3532.36,251358.0756,154081.8756
688069.SH,20221018,31.98,31.98,30.7,31.17,31.51,-0.34,-1.079,4980.61,15475.056,31.17,0.9765,1.41,0.92,23.8367,23.246,1.7477,5.277,5.1019,,,8320.36,5100.36,3532.36,259345.6212,158978.2212
688069.SH,20221017,30.58,31.97,30.51,31.51,30.1,1.41,4.6844,6182.61,19295.367,31.51,1.2122,1.7503,1.38,24.0967,23.4995,1.7668,5.3346,5.1575,,,8320.36,5100.36,3532.36,262174.5436,160712.3436
688069.SH,20221014,30.6,30.62,29.65,30.1,30.07,0.03,0.0998,4499.94,13585.197,30.1,0.8823,1.2739,1.15,23.0185,22.448,1.6877,5.0959,4.9267,,,8320.36,5100.36,3532.36,250442.836,153520.836
688069.SH,20221013,29.45,30.4,29.09,30.07,29.15,0.92,3.1561,7273.45,21769.779,30.07,1.4261,2.0591,2.62,22.9955,22.4256,1.6861,5.0908,4.9218,,,8320.36,5100.36,3532.36,250193.2252,153367.8252
688069.SH,20221012,29.55,30.18,28.21,29.15,29.49,-0.34,-1.1529,5124.15,14859.868,29.15,1.0047,1.4506,2.38,22.292,21.7395,1.6345,4.935,4.7712,,,8320.36,5100.36,3532.36,242538.494,148675.494
688069.SH,20221011,30.68,31.18,29.06,29.49,30.08,-0.59,-1.9614,3867.82,11464.566,29.49,0.7583,1.095,2.18,22.552,21.9931,1.6535,4.9926,4.8269,,,8320.36,5100.36,3532.36,245367.4164,150409.6164
688069.SH,20221010,30.9,31.38,30.06,30.08,30.37,-0.29,-0.9549,1601.2,4911.876,30.08,0.3139,0.4533,0.85,23.0032,22.4331,1.6866,5.0925,4.9234,,,8320.36,5100.36,3532.36,250276.4288,153418.8288
688069.SH,20220930,30.2,30.73,29.6,30.37,30.85,-0.48,-1.5559,1651.8,4999.69,30.37,0.3239,0.4676,0.9,23.2249,22.6494,1.7029,5.1416,4.9709,,,8320.36,5100.36,3532.36,252689.3332,154897.9332
688069.SH,20220929,30.87,31.16,30.16,30.85,29.79,1.06,3.5582,1612.42,4944.691,30.85,0.3161,0.4565,0.91,23.592,23.0073,1.7298,5.2228,5.0495,,,8320.36,5100.36,3532.36,256683.106,157346.106
688069.SH,20220928,31.0,32.38,29.79,29.79,31.61,-1.82,-5.7577,2042.1,6233.292,29.79,0.4004,0.5781,1.11,22.7814,22.2168,1.6704,5.0434,4.876,,,8320.36,5100.36,3532.36,247863.5244,151939.7244
688069.SH,20220927,30.86,31.83,30.5,31.61,30.25,1.36,4.4959,1950.98,6065.756,31.61,0.3825,0.5523,1.18,24.1732,23.5741,1.7724,5.3515,5.1739,,,8320.36,5100.36,3532.36,263006.5796,161222.3796
688069.SH,20220926,30.28,30.79,29.23,30.25,30.42,-0.17,-0.5588,2191.18,6585.243,30.25,0.4296,0.6203,1.5,23.1332,22.5599,1.6962,5.1213,4.9513,,,8320.36,5100.36,3532.36,251690.89,154285.89
688069.SH,20220923,30.96,31.19,30.22,30.42,31.14,-0.72,-2.3121,1360.12,4149.991,30.42,0.2667,0.385,0.9,23.2632,22.6866,1.7057,5.15,4.9791,,,8320.36,5100.36,3532.36,253105.3512,155152.9512
688069.SH,20220922,31.0,31.8,30.97,31.14,31.04,0.1,0.3222,1271.57,3976.915,31.14,0.2493,0.36,0.73,23.8138,23.2236,1.7461,5.2719,5.0969,,,8320.36,5100.36,3532.36,259096.0104,158825.2104
688069.SH,20220921,31.55,31.56,30.22,31.04,31.49,-0.45,-1.429,2399.97,7415.342,31.04,0.4705,0.6794,1.47,23.7373,23.149,1.7405,5.255,5.0806,,,8320.36,5100.36,3532.36,258263.9744,158315.1744
688069.SH,20220920,31.11,31.86,31.0,31.49,31.19,0.3,0.9618,1042.48,3268.613,31.49,0.2044,0.2951,0.56,24.0814,23.4846,1.7657,5.3312,5.1542,,,8320.36,5100.36,3532.36,262008.1364,160610.3364
688069.SH,20220919,31.78,32.19,31.1,31.19,31.78,-0.59,-1.8565,1233.81,3903.928,31.19,0.2419,0.3493,0.58,23.852,23.2609,1.7489,5.2804,5.1051,,,8320.36,5100.36,3532.36,259512.0284,159080.2284
688069.SH,20220916,32.05,32.56,31.46,31.78,32.15,-0.37,-1.1509,1639.03,5223.182,31.78,0.3214,0.464,0.66,24.3032,23.7009,1.7819,5.3803,5.2017,,,8320.36,5100.36,3532.36,264421.0408,162089.4408
688069.SH,20220915,33.5,33.5,32.0,32.15,32.98,-0.83,-2.5167,2407.28,7828.104,32.15,0.472,0.6815,0.96,24.5862,23.9768,1.8027,5.4429,5.2623,,,8320.36,5100.36,3532.36,267499.574,163976.574
688069.SH,20220914,32.23,33.6,32.23,32.98,32.7,0.28,0.8563,1850.89,6096.984,32.98,0.3629,0.524,0.65,25.2209,24.5958,1.8492,5.5834,5.3981,,,8320.36,5100.36,3532.36,274405.4728,168209.8728
688069.SH,20220913,32.86,33.23,32.23,32.7,32.86,-0.16,-0.4869,2236.75,7275.281,32.7,0.4385,0.6332,0.78,25.0068,24.387,1.8335,5.536,5.3523,,,8320.36,5100.36,3532.36,272075.772,166781.772
688069.SH,20220909,31.7,32.88,31.28,32.86,32.07,0.79,2.4634,2512.77,8143.409,32.86,0.4927,0.7114,0.81,25.1291,24.5063,1.8425,5.5631,5.3785,,,8320.36,5100.36,3532.36,273407.0296,167597.8296
688069.SH,20220908,32.76,33.4,31.58,32.07,32.75,-0.68,-2.0763,3493.37,11219.515,32.07,0.6849,0.989,0.86,24.525,23.9172,1.7982,5.4294,5.2492,,,8320.36,5100.36,3532.36,266833.9452,163568.5452
688069.SH,20220907,33.01,33.18,32.4,32.75,33.24,-0.49,-1.4741,2475.81,8104.871,32.75,0.4854,0.7009,0.47,25.045,24.4243,1.8363,5.5445,5.3605,,,8320.36,5100.36,3532.36,272491.79,167036.79
688069.SH,20220906,33.2,34.15,32.76,33.24,33.15,0.09,0.2715,3457.0,11531.592,33.24,0.6778,0.9787,0.46,25.4197,24.7897,1.8638,5.6275,5.4407,,,8320.36,5100.36,3532.36,276568.7664,169535.9664
688069.SH,20220905,33.39,33.96,32.5,33.15,33.39,-0.24,-0.7188,2416.41,7947.454,33.15,0.4738,0.6841,0.34,25.3509,24.7226,1.8588,5.6122,5.4259,,,8320.36,5100.36,3532.36,275819.934,169076.934
688069.SH,20220902,32.89,33.77,32.08,33.39,32.76,0.63,1.9231,3756.13,12443.643,33.39,0.7364,1.0633,0.57,25.5344,24.9016,1.8722,5.6529,5.4652,,,8320.36,5100.36,3532.36,277816.8204,170301.0204
688069.SH,20220901,35.03,35.23,32.76,32.76,34.46,-1.7,-4.9333,8282.85,27862.141,32.76,1.624,2.3448,1.65,25.0527,24.4318,1.8369,5.5462,5.3621,,,8320.36,5100.36,3532.36,272574.9936,167087.7936
688069.SH,20220831,34.91,35.99,34.13,34.46,35.32,-0.86,-2.4349,8155.74,28597.46,34.46,1.5991,2.3089,2.18,26.3527,25.6996,1.9322,5.834,5.6404,,,8320.36,5100.36,3532.36,286719.6056,175758.4056
688069.SH,20220830,32.89,36.5,32.8,35.32,31.39,3.93,12.5199,14811.0,52119.376,35.32,2.9039,4.1929,16.06,27.0104,26.341,1.9804,5.9796,5.7811,,,8320.36,5100.36,3532.36,293875.1152,180144.7152
688069.SH,20220829,31.24,31.69,30.15,31.39,31.27,0.12,0.3838,755.31,2344.207,31.39,0.1481,0.2138,0.78,24.005,36.3922,1.7936,5.3143,6.2069,,,8320.36,5100.36,3532.36,261176.1004,160100.3004
688069.SH,20220826,32.37,32.37,31.26,31.27,31.87,-0.6,-1.8826,742.98,2359.656,31.27,0.1457,0.2103,0.68,23.9132,36.2531,1.7868,5.2939,6.1831,,,8320.36,5100.36,3532.36,260177.6572,159488.2572
688069.SH,20220825,32.65,32.65,31.68,31.87,32.45,-0.58,-1.7874,705.82,2251.953,31.87,0.1384,0.1998,0.47,24.372,36.9487,1.821,5.3955,6.3018,,,8320.36,5100.36,3532.36,265169.8732,162548.4732
688069.SH,20220824,33.13,33.13,31.95,32.45,32.89,-0.44,-1.3378,1685.96,5493.907,32.45,0.3306,0.4773,1.24,24.8156,37.6211,1.8542,5.4937,6.4165,,,8320.36,5100.36,3532.36,269995.682,165506.682
688069.SH,20220823,33.09,33.09,32.53,32.89,32.78,0.11,0.3356,719.94,2356.119,32.89,0.1412,0.2038,0.5,25.1521,38.1312,1.8793,5.5682,6.5035,,,8320.36,5100.36,3532.36,273656.6404,167750.8404
688069.SH,20220822,32.88,32.88,32.07,32.78,32.45,0.33,1.0169,981.33,3201.631,32.78,0.1924,0.2778,0.68,25.068,38.0037,1.873,5.5496,6.4817,,,8320.36,5100.36,3532.36,272741.4008,167189.8008
688069.SH,20220819,33.3,33.3,32.23,32.45,32.9,-0.45,-1.3678,1345.4,4390.348,32.45,0.2638,0.3809,0.85,24.8156,37.6211,1.8542,5.4937,6.4165,,,8320.36,5100.36,3532.36,269995.682,165506.682
688069.SH,20220818,32.7,33.19,31.92,32.9,32.33,0.57,1.7631,2708.52,8805.565,32.9,0.531,0.7668,1.63,25.1597,38.1428,1.8799,5.5699,6.5054,,,8320.36,5100.36,3532.36,273739.844,167801.844
688069.SH,20220817,32.88,32.88,32.3,32.33,32.57,-0.24,-0.7369,1032.96,3351.774,32.33,0.2025,0.2924,0.53,24.7238,37.482,1.8473,5.4734,6.3927,,,8320.36,5100.36,3532.36,268997.2388,164894.6388
688069.SH,20220816,33.15,33.15,32.45,32.57,32.86,-0.29,-0.8825,1069.94,3503.689,32.57,0.2098,0.3029,0.54,24.9074,37.7602,1.861,5.514,6.4402,,,8320.36,5100.36,3532.36,270994.1252,166118.7252
688069.SH,20220815,33.37,33.55,32.6,32.86,33.37,-0.51,-1.5283,1056.66,3495.638,32.86,0.2072,0.2991,0.53,25.1291,38.0965,1.8776,5.5631,6.4975,,,8320.36,5100.36,3532.36,273407.0296,167597.8296
688069.SH,20220812,33.02,33.61,33.02,33.37,33.35,0.02,0.06,2007.61,6676.622,33.37,0.3936,0.5683,0.98,25.5191,38.6877,1.9067,5.6495,6.5984,,,8320.36,5100.36,3532.36,277650.4132,170199.0132
688069.SH,20220811,33.58,33.98,33.0,33.35,33.1,0.25,0.7553,3130.5,10451.018,33.35,0.6138,0.8862,1.64,25.5038,38.6645,1.9056,5.6461,6.5944,,,8320.36,5100.36,3532.36,277484.006,170097.006
688069.SH,20220810,32.78,33.49,32.5,33.1,32.87,0.23,0.6997,2553.49,8408.578,33.1,0.5006,0.7229,1.42,25.3127,38.3747,1.8913,5.6038,6.545,,,8320.36,5100.36,3532.36,275403.916,168821.916
688069.SH,20220809,33.37,33.78,32.66,32.87,33.47,-0.6,-1.7927,1185.29,3905.273,32.87,0.2324,0.3356,0.48,25.1368,38.108,1.8782,5.5648,6.4995,,,8320.36,5100.36,3532.36,273490.2332,167648.8332
688069.SH,20220808,32.53,33.68,32.32,33.47,32.93,0.54,1.6398,1174.59,3909.759,33.47,0.2303,0.3325,0.49,25.5956,38.8037,1.9125,5.6664,6.6182,,,8320.36,5100.36,3532.36,278482.4492,170709.0492
688069.SH,20220805,32.95,33.69,32.53,32.93,32.82,0.11,0.3352,2158.02,7181.315,32.93,0.4231,0.6109,0.94,25.1827,38.1776,1.8816,5.575,6.5114,,,8320.36,5100.36,3532.36,273989.4548,167954.8548
688069.SH,20220804,33.11,33.12,32.2,32.82,33.23,-0.41,-1.2338,2473.12,8066.944,32.82,0.4849,0.7001,1.09,25.0985,38.0501,1.8753,5.5564,6.4896,,,8320.36,5100.36,3532.36,273074.2152,167393.8152
688069.SH,20220803,33.21,33.7,32.56,33.23,32.88,0.35,1.0645,2006.32,6629.925,33.23,0.3934,0.568,0.98,25.4121,38.5254,1.8987,5.6258,6.5707,,,8320.36,5100.36,3532.36,276485.5628,169484.9628
688069.SH,20220802,34.38,34.38,32.25,32.88,34.38,-1.5,-4.363,4475.92,14892.525,32.88,0.8776,1.2671,3.34,25.1444,38.1196,1.8787,5.5665,6.5015,,,8320.36,5100.36,3532.36,273573.4368,167699.8368
688069.SH,20220801,33.3,34.8,33.21,34.38,34.46,-0.08,-0.2322,947.48,3244.872,34.38,0.1858,0.2682,0.72,26.2915,39.8587,1.9645,5.8205,6.7981,,,8320.36,5100.36,3532.36,286053.9768,175350.3768
688069.SH,20220729,35.09,35.09,33.61,34.46,34.68,-0.22,-0.6344,1616.7,5598.479,34.46,0.317,0.4577,1.27,26.3527,39.9514,1.969,5.834,6.8139,,,8320.36,5100.36,3532.36,286719.6056,175758.4056
688069.SH,20220728,34.95,35.4,34.61,34.68,34.61,0.07,0.2023,2282.11,7992.842,34.68,0.4474,0.6461,1.86,26.5209,40.2065,1.9816,5.8713,6.8574,,,8320.36,5100.36,3532.36,288550.0848,176880.4848
688069.SH,20220727,33.35,34.76,33.35,34.61,33.85,0.76,2.2452,886.77,3046.535,34.61,0.1739,0.251,0.54,26.4674,40.1253,1.9776,5.8594,6.8436,,,8320.36,5100.36,3532.36,287967.6596,176523.4596
688069.SH,20220726,34.95,34.95,33.54,33.85,34.2,-0.35,-1.0234,965.65,3271.602,33.85,0.1893,0.2734,0.5,25.8862,39.2442,1.9342,5.7307,6.6933,,,8320.36,5100.36,3532.36,281644.186,172647.186
688069.SH,20220725,34.99,35.09,34.15,34.2,34.53,-0.33,-0.9557,803.29,2774.488,34.2,0.1575,0.2274,0.22,26.1539,39.65,1.9542,5.79,6.7625,,,8320.36,5100.36,3532.36,284556.312,174432.312
688069.SH,20220722,33.9,34.88,33.9,34.53,34.1,0.43,1.261,1416.41,4884.977,34.53,0.2777,0.401,0.39,26.4062,40.0326,1.973,5.8459,6.8277,,,8320.36,5100.36,3532.36,287302.0308,176115.4308
688069.SH,20220721,34.94,35.26,34.02,34.1,34.99,-0.89,-2.5436,2066.16,7129.707,34.1,0.4118,0.5991,0.53,26.0774,39.5341,1.9485,5.7731,6.7427,,,8320.36,5017.0267,3449.0267,283724.276,171080.6105
688069.SH,20220720,34.35,35.18,34.2,34.99,34.7,0.29,0.8357,2980.38,10409.712,34.99,0.5941,0.8641,0.79,26.758,40.5659,1.9993,5.9237,6.9187,,,8320.36,5017.0267,3449.0267,291129.3964,175545.7642
688069.SH,20220719,35.19,35.46,34.22,34.7,35.19,-0.49,-1.3924,2452.96,8523.929,34.7,0.4889,0.7112,0.7,26.5362,40.2297,1.9827,5.8746,6.8614,,,8320.36,5017.0267,3449.0267,288716.492,174090.8265
688069.SH,20220718,32.69,35.25,32.3,35.19,32.69,2.5,7.6476,8991.55,30843.762,35.19,1.7922,2.607,4.2,26.911,40.7978,2.0107,5.9576,6.9583,,,8320.36,5017.0267,3449.0267,292793.4684,176549.1696
688069.SH,20220715,32.15,33.53,31.86,32.69,32.12,0.57,1.7746,1537.78,5051.719,32.69,0.3065,0.4459,0.73,24.9991,37.8994,1.8679,5.5343,6.4639,,,8320.36,5017.0267,3449.0267,271992.5684,164006.6028
688069.SH,20220714,33.5,33.5,32.12,32.12,33.26,-1.14,-3.4275,3621.2,11891.123,32.12,0.7218,1.0499,2.15,24.5632,37.2385,1.8353,5.4378,6.3512,,,8320.36,5017.0267,3449.0267,267249.9632,161146.8976
688069.SH,20220713,32.64,33.26,31.98,33.26,31.88,1.38,4.3287,2317.48,7601.311,33.26,0.4619,0.6719,1.56,25.435,38.5602,1.9005,5.6308,6.5766,,,8320.36,5017.0267,3449.0267,276735.1736,166866.308
688069.SH,20220712,31.78,32.1,31.32,31.88,31.58,0.3,0.95,1137.98,3611.151,31.88,0.2268,0.3299,0.64,24.3797,36.9603,1.8216,5.3972,6.3038,,,8320.36,5017.0267,3449.0267,265253.0768,159942.8112
688069.SH,20220711,31.53,31.9,31.01,31.58,31.93,-0.35,-1.0961,2095.28,6583.69,31.58,0.4176,0.6075,1.34,24.1503,36.6125,1.8045,5.3464,6.2444,,,8320.36,5017.0267,3449.0267,262756.9688,158437.7032
688069.SH,20220708,31.95,32.5,31.8,31.93,32.21,-0.28,-0.8693,1421.74,4562.888,31.93,0.2834,0.4122,0.84,24.4179,37.0183,1.8245,5.4057,6.3136,,,8320.36,5017.0267,3449.0267,265669.0948,160193.6625
688069.SH,20220707,32.87,32.87,31.88,32.21,32.43,-0.22,-0.6784,1459.52,4687.384,32.21,0.2909,0.4232,0.78,24.6321,37.3429,1.8405,5.4531,6.369,,,8320.36,5017.0267,3449.0267,267998.7956,161598.43
688069.SH,20220706,32.24,32.7,31.92,32.43,32.08,0.35,1.091,1336.48,4321.953,32.43,0.2664,0.3875,0.65,24.8003,37.5979,1.853,5.4903,6.4125,,,8320.36,5017.0267,3449.0267,269829.2748,162702.1759
688069.SH,20220705,31.95,32.72,31.67,32.08,31.96,0.12,0.3755,2517.24,8129.482,32.08,0.5017,0.7298,1.37,24.5326,37.1922,1.833,5.4311,6.3433,,,8320.36,5017.0267,3449.0267,266917.1488,160946.2165
688069.SH,20220704,31.85,31.98,31.42,31.96,31.85,0.11,0.3454,1057.7,3368.995,31.96,0.2108,0.3067,0.49,24.4409,37.053,1.8262,5.4108,6.3196,,,8320.36,5017.0267,3449.0267,265918.7056,160344.1733
688069.SH,20220701,32.16,32.4,31.57,31.85,32.15,-0.3,-0.9331,2091.71,6682.968,31.85,0.4169,0.6065,0.86,24.3567,36.9255,1.8199,5.3921,6.2978,,,8320.36,5017.0267,3449.0267,265003.466,159792.3004
688069.SH,20220630,31.75,32.48,31.13,32.15,31.6,0.55,1.7405,2368.88,7555.86,32.15,0.4722,0.6868,0.99,24.5862,37.2733,1.837,5.4429,6.3571,,,8320.36,5017.0267,3449.0267,267499.574,161297.4084
688069.SH,20220629,31.85,33.0,31.52,31.6,32.69,-1.09,-3.3344,2202.36,7031.023,31.6,0.439,0.6385,0.84,24.1656,36.6357,1.8056,5.3498,6.2484,,,8320.36,5017.0267,3449.0267,262923.376,158538.0437
688069.SH,20220628,33.0,33.39,32.05,32.69,32.62,0.07,0.2146,1465.42,4760.849,32.69,0.2921,0.4249,0.53,24.9991,37.8994,1.8679,5.5343,6.4639,,,8320.36,5017.0267,3449.0267,271992.5684,164006.6028
688069.SH,20220627,31.8,32.97,31.8,32.62,32.29,0.33,1.022,2599.47,8462.026,32.62,0.5181,0.7537,0.92,24.9456,37.8182,1.8639,5.5225,6.4501,,,8320.36,5017.0267,3449.0267,271410.1432,163655.411
688069.SH,20220624,31.39,32.3,31.39,32.29,31.7,0.59,1.8612,3544.36,11304.675,32.29,0.7065,1.0276,1.2,24.6932,37.4356,1.845,5.4666,6.3848,,,8320.36,5017.0267,3449.0267,268664.4244,161999.7921
688069.SH,20220623,31.05,31.88,30.68,31.7,31.03,0.67,2.1592,2092.46,6587.123,31.7,0.4171,0.6067,0.68,24.242,36.7516,1.8113,5.3667,6.2682,,,8320.36,5017.0267,3449.0267,263755.412,159039.7464
688069.SH,20220622,30.26,31.68,29.76,31.03,30.25,0.78,2.5785,3370.3,10346.091,31.03,0.6718,0.9772,1.26,23.7297,35.9748,1.773,5.2533,6.1357,,,8320.36,5017.0267,3449.0267,258180.7708,155678.3385
688069.SH,20220621,30.48,30.8,30.01,30.25,30.72,-0.47,-1.5299,2311.13,7025.749,30.25,0.4607,0.6701,0.91,23.1332,35.0705,1.7285,5.1213,5.9814,,,8320.36,5017.0267,3449.0267,251690.89,151765.0577
688069.SH,20220620,30.9,30.99,30.33,30.72,30.53,0.19,0.6223,2769.14,8514.799,30.72,0.7719,1.1223,1.26,23.4926,35.6154,1.7553,5.2008,6.0744,,,8320.36,3587.4762,2467.4762,255601.4592,110207.2689
688069.SH,20220617,42.78,43.81,41.69,43.27,42.35,0.92,2.1724,4284.91,18543.917,43.27,1.1944,1.7366,2.87,23.6512,35.8558,1.7277,5.2359,6.1154,,,5947.0,3587.4762,2467.4762,257326.69,155230.0952
688069.SH,20220616,39.99,42.38,39.99,42.35,40.37,1.98,4.9046,2618.92,10837.714,42.35,0.73,1.0614,2.17,23.1483,35.0935,1.6909,5.1246,5.9854,,,5947.0,3587.4762,2467.4762,251855.45,151929.6171
688069.SH,20220615,39.22,40.67,39.21,40.37,39.45,0.92,2.3321,1361.41,5445.143,40.37,0.3795,0.5517,1.01,22.066,33.4527,1.6119,4.885,5.7055,,,5947.0,3587.4762,2467.4762,240080.39,144826.4142
688069.SH,20220614,39.59,40.35,38.68,39.45,39.94,-0.49,-1.2268,1649.7,6475.881,39.45,0.4598,0.6686,1.14,21.5632,32.6904,1.5751,4.7737,5.5755,,,5947.0,3587.4762,2467.4762,234609.15,141525.9361
688069.SH,20220613,40.2,40.33,39.65,39.94,39.83,0.11,0.2762,1056.26,4213.38,39.94,0.2944,0.4281,0.54,21.831,33.0964,1.5947,4.833,5.6448,,,5947.0,3587.4762,2467.4762,237523.18,143283.7994
688069.SH,20220610,39.31,39.83,39.31,39.83,39.31,0.52,1.3228,766.4,3038.103,39.83,0.2136,0.3106,0.29,21.7709,33.0053,1.5903,4.8197,5.6292,,,5947.0,3587.4762,2467.4762,236869.01,142889.177
688069.SH,20220609,40.19,40.19,39.25,39.31,40.09,-0.78,-1.9456,1196.06,4727.615,39.31,0.3334,0.4847,0.44,21.4867,32.5744,1.5696,4.7568,5.5557,,,5947.0,3587.4762,2467.4762,233776.57,141023.6894
688069.SH,20220608,40.77,41.28,39.21,40.09,40.68,-0.59,-1.4503,2053.51,8215.68,40.09,0.5724,0.8322,0.82,21.913,33.2207,1.6007,4.8511,5.666,,,5947.0,3587.4762,2467.4762,238415.23,143821.9209
688069.SH,20220607,42.4,42.4,40.41,40.68,42.49,-1.81,-4.2598,2185.43,8967.504,40.68,0.6092,0.8857,0.95,22.2355,33.7096,1.6243,4.9225,5.7493,,,5947.0,3587.4762,2467.4762,241923.96,145938.5318
688069.SH,20220606,41.3,42.92,41.03,42.49,40.74,1.75,4.2955,3587.19,15059.921,42.49,0.9999,1.4538,1.93,23.2248,35.2095,1.6965,5.1416,6.0051,,,5947.0,3587.4762,2467.4762,252688.03,152431.8637
688069.SH,20220602,38.91,40.74,38.23,40.74,38.49,2.25,5.8457,3987.43,15825.572,40.74,1.1115,1.616,3.36,22.2683,33.7593,1.6266,4.9298,5.7578,,,5947.0,3587.4762,2467.4762,242280.78,146153.7804
688069.SH,20220601,37.58,38.84,37.27,38.49,37.55,0.94,2.5033,1806.67,6916.951,38.49,0.5036,0.7322,1.98,21.0384,31.8949,1.5368,4.6575,5.4398,,,5947.0,3587.4762,2467.4762,228900.03,138081.9589
688069.SH,20220531,36.98,37.66,36.38,37.55,36.8,0.75,2.038,964.48,3599.06,37.55,0.2688,0.3909,0.96,20.5246,31.1159,1.4993,4.5438,5.307,,,5947.0,3587.4762,2467.4762,223309.85,134709.7313
688069.SH,20220530,37.12,37.12,35.85,36.8,36.83,-0.03,-0.0815,1164.54,4276.448,36.8,0.3246,0.472,1.26,20.1147,30.4944,1.4693,4.453,5.201,,,5947.0,3587.4762,2467.4762,218849.6,132019.1242
688069.SH,20220527,35.82,37.15,35.82,36.83,36.6,0.23,0.6284,1385.76,5070.405,36.83,0.3863,0.5616,1.59,20.1311,30.5193,1.4705,4.4567,5.2052,,,5947.0,3587.4762,2467.4762,219028.01,132126.7484
688069.SH,20220526,36.4,36.86,35.8,36.6,36.5,0.1,0.274,618.28,2249.086,36.6,0.1723,0.2506,0.66,20.0054,30.3287,1.4613,4.4288,5.1727,,,5947.0,3587.4762,2467.4762,217660.2,131301.6289
688069.SH,20220525,37.3,37.3,36.36,36.5,36.25,0.25,0.6897,425.55,1556.47,36.5,0.1186,0.1725,0.42,19.9507,30.2458,1.4574,4.4167,5.1586,,,5947.0,3587.4762,2467.4762,217065.5,130942.8813
688069.SH,20220524,37.81,38.2,36.14,36.25,38.13,-1.88,-4.9305,1411.54,5244.077,36.25,0.3935,0.5721,1.51,19.8141,30.0387,1.4474,4.3865,5.1232,,,5947.0,3587.4762,2467.4762,215578.75,130046.0123
688069.SH,20220523,37.61,38.2,37.61,38.13,38.14,-0.01,-0.0262,766.74,2909.929,38.13,0.2137,0.3107,0.73,20.8417,31.5965,1.5224,4.614,5.3889,,,5947.0,3587.4762,2467.4762,226759.11,136790.4675
688069.SH,20220520,39.08,39.09,37.74,38.14,38.13,0.01,0.0262,1129.23,4298.246,38.14,0.3148,0.4576,1.11,20.8471,31.6048,1.5228,4.6152,5.3904,,,5947.0,3587.4762,2467.4762,226818.58,136826.3423
688069.SH,20220519,37.99,38.82,37.02,38.13,37.89,0.24,0.6334,985.52,3772.024,38.13,0.2747,0.3994,0.72,20.8417,31.5965,1.5224,4.614,5.3889,,,5947.0,3587.4762,2467.4762,226759.11,136790.4675
688069.SH,20220518,36.89,38.28,36.89,37.89,37.14,0.75,2.0194,728.62,2750.161,37.89,0.2031,0.2953,0.48,20.7105,31.3977,1.5129,4.5849,5.355,,,5947.0,3587.4762,2467.4762,225331.83,135929.4732
688069.SH,20220517,37.6,37.73,36.8,37.14,37.83,-0.69,-1.8239,1077.4,4012.796,37.14,0.3003,0.4366,0.69,20.3005,30.7762,1.4829,4.4942,5.249,,,5947.0,3587.4762,2467.4762,220871.58,133238.8661
688069.SH,20220516,38.44,38.44,37.22,37.83,37.97,-0.14,-0.3687,1366.12,5163.551,37.83,0.3808,0.5537,0.86,20.6777,31.3479,1.5105,4.5777,5.3465,,,5947.0,3587.4762,2467.4762,224975.01,135714.2246
688069.SH,20220513,37.12,38.43,37.09,37.97,37.58,0.39,1.0378,950.08,3607.703,37.97,0.2648,0.385,0.56,20.7542,31.464,1.516,4.5946,5.3663,,,5947.0,3587.4762,2467.4762,225807.59,136216.4713
688069.SH,20220512,36.38,38.6,36.0,37.58,36.39,1.19,3.2701,2718.21,10295.366,37.58,0.7577,1.1016,1.99,20.541,31.1408,1.5005,4.5474,5.3112,,,5947.0,3587.4762,2467.4762,223488.26,134817.3556
688069.SH,20220511,36.19,37.49,36.19,36.39,36.3,0.09,0.2479,1471.76,5416.907,36.39,0.4102,0.5965,0.85,19.8906,30.1547,1.453,4.4034,5.143,,,5947.0,3587.4762,2467.4762,216411.33,130548.2589
688069.SH,20220510,35.6,36.43,35.31,36.3,35.85,0.45,1.2552,1304.53,4676.993,36.3,0.3636,0.5287,0.52,19.8414,30.0801,1.4494,4.3925,5.1303,,,5947.0,3587.4762,2467.4762,215876.1,130225.3861
688069.SH,20220509,35.96,36.06,35.28,35.85,35.85,0.0,0.0,1527.06,5440.461,35.85,0.4257,0.6189,0.43,19.5954,29.7072,1.4314,4.3381,5.0667,,,5947.0,3587.4762,2467.4762,213199.95,128611.0218
688069.SH,20220506,35.8,36.44,35.0,35.85,36.81,-0.96,-2.608,1430.92,5087.548,35.85,0.3989,0.5799,0.39,19.5954,29.7072,1.4314,4.3381,5.0667,,,5947.0,3587.4762,2467.4762,213199.95,128611.0218
688069.SH,20220505,36.52,37.19,36.0,36.81,37.53,-0.72,-1.9185,1080.44,3959.8,36.81,0.3012,0.4379,0.28,20.1202,30.5027,1.4697,4.4542,5.2024,,,5947.0,3587.4762,2467.4762,218909.07,132054.9989
688069.SH,20220429,36.1,37.55,34.15,37.53,35.7,1.83,5.1261,3323.32,11887.613,37.53,0.9264,1.3468,0.98,20.5137,31.0994,1.4985,4.5414,5.3041,,,5947.0,3587.4762,2467.4762,223190.91,134637.9818
688069.SH,20220428,32.89,36.15,31.72,35.7,32.39,3.31,10.2192,5290.44,17821.419,35.7,1.4747,2.1441,2.06,19.5134,29.5829,1.4254,4.3199,5.0455,,,5947.0,3587.4762,2467.4762,212307.9,128072.9003
688069.SH,20220427,33.01,33.88,31.06,32.39,36.3,-3.91,-10.7713,6626.32,21424.015,32.39,1.8471,2.6855,4.84,17.7042,26.8401,1.2933,3.9194,4.5777,,,5947.0,3587.4762,2467.4762,192623.33,116198.3541
