股票代码,交易日期,freq,开盘价,最高价,最低价,close,昨收价【除权价，前复权】,open_qfq,high_qfq,low_qfq,close_qfq,open_hfq,high_hfq,low_hfq,close_hfq,成交量,成交额（千元）,涨跌额,涨跌幅 【基于除权后的昨收计算的涨跌幅：（今收-除权昨收）/除权昨收 】
002177.SZ,20250704,week,7.68,8.61,7.45,8.24,7.53,7.68,8.61,7.45,8.24,68.4,76.68,66.35,73.38,10431949.75,8496254.9,0.71,0.09
002177.SZ,20250627,week,6.45,7.95,6.42,7.53,6.53,6.45,7.95,6.42,7.53,57.44,70.8,57.18,67.06,12049431.98,8907985.81,1.0,0.15
002177.SZ,20250620,week,6.69,7.75,6.37,6.53,6.62,6.69,7.75,6.37,6.53,59.58,69.02,56.73,58.16,12716148.53,9114135.99,-0.09,-0.01
002177.SZ,20250613,week,7.86,8.33,6.55,6.62,7.85,7.86,8.33,6.55,6.62,70.0,74.19,58.33,58.96,14853183.48,11223870.42,-1.23,-0.16
002177.SZ,20250606,week,6.97,8.84,6.97,7.85,6.34,6.97,8.84,6.97,7.85,62.07,78.73,62.07,69.91,13043881.59,10319625.62,1.51,0.24
002177.SZ,20250530,week,4.65,6.34,4.6,6.34,4.68,4.65,6.34,4.6,6.34,41.41,56.46,40.97,56.46,4666727.48,2458646.56,1.66,0.35
002177.SZ,20250523,week,4.6,5.25,4.57,4.68,4.58,4.6,5.25,4.57,4.68,40.97,46.76,40.7,41.68,3377849.8,1645398.18,0.1,0.02
002177.SZ,20250516,week,4.67,4.79,4.57,4.58,4.62,4.67,4.79,4.57,4.58,41.59,42.66,40.7,40.79,1453867.01,679767.15,-0.04,-0.01
002177.SZ,20250509,week,4.55,4.79,4.55,4.62,4.49,4.55,4.79,4.55,4.62,40.52,42.66,40.52,41.15,1425825.03,664191.83,0.13,0.03
002177.SZ,20250502,week,4.64,4.7,4.38,4.49,4.64,4.64,4.7,4.38,4.49,41.32,41.86,39.01,39.99,1112296.0,502440.54,-0.15,-0.03
002177.SZ,20250425,week,4.53,5.15,4.51,4.64,4.68,4.53,5.15,4.51,4.64,40.34,45.87,40.17,41.32,5798584.94,2793042.25,-0.04,-0.01
002177.SZ,20250418,week,4.3,4.68,4.13,4.68,4.24,4.3,4.68,4.13,4.68,38.3,41.68,36.78,41.68,1666995.01,739529.61,0.44,0.1
002177.SZ,20250411,week,4.18,4.42,3.46,4.24,4.39,4.18,4.42,3.46,4.24,37.23,39.36,30.81,37.76,2004287.36,815337.18,-0.15,-0.03
002177.SZ,20250404,week,4.41,4.45,4.25,4.39,4.44,4.41,4.45,4.25,4.39,39.28,39.63,37.85,39.1,623015.0,272452.55,-0.05,-0.01
002177.SZ,20250328,week,4.72,4.74,4.42,4.44,4.75,4.72,4.74,4.42,4.44,42.04,42.21,39.36,39.54,1134919.21,513834.35,-0.31,-0.07
002177.SZ,20250321,week,4.96,5.06,4.73,4.75,4.99,4.96,5.06,4.73,4.75,44.17,45.06,42.12,42.3,1436049.76,705721.48,-0.24,-0.05
002177.SZ,20250314,week,4.95,5.0,4.71,4.99,4.98,4.95,5.0,4.71,4.99,44.08,44.53,41.95,44.44,1884666.43,919085.58,0.01,0.0
002177.SZ,20250307,week,4.9,5.18,4.71,4.98,4.7,4.9,5.18,4.71,4.98,43.64,46.13,41.95,44.35,3205473.31,1593525.24,0.28,0.06
002177.SZ,20250228,week,5.06,5.15,4.67,4.7,5.08,5.06,5.15,4.67,4.7,45.06,45.87,41.59,41.86,2193011.81,1094761.26,-0.38,-0.07
002177.SZ,20250221,week,5.09,5.24,4.92,5.08,5.11,5.09,5.24,4.92,5.08,45.33,46.67,43.82,45.24,2516108.86,1274515.93,-0.03,-0.01
002177.SZ,20250214,week,4.91,5.22,4.91,5.11,4.93,4.91,5.22,4.91,5.11,43.73,46.49,43.73,45.51,2910831.84,1464943.51,0.18,0.04
002177.SZ,20250207,week,4.61,5.02,4.61,4.93,4.58,4.61,5.02,4.61,4.93,41.06,44.71,41.06,43.91,1475869.95,714392.55,0.35,0.08
002177.SZ,20250131,week,4.77,4.82,4.58,4.58,4.77,4.77,4.82,4.58,4.58,42.48,42.93,40.79,40.79,335427.0,156850.74,-0.19,-0.04
002177.SZ,20250124,week,5.36,5.37,4.58,4.77,4.88,5.36,5.37,4.58,4.77,47.74,47.82,40.79,42.48,3260991.23,1600104.76,-0.11,-0.02
002177.SZ,20250117,week,4.4,5.15,4.21,4.88,4.52,4.4,5.15,4.21,4.88,39.19,45.87,37.49,43.46,4114128.96,1986628.23,0.36,0.08
002177.SZ,20250110,week,4.2,4.69,3.96,4.52,4.2,4.2,4.69,3.96,4.52,37.4,41.77,35.27,40.25,3271048.97,1460824.28,0.32,0.08
002177.SZ,20250103,week,4.77,4.8,4.17,4.2,4.82,4.77,4.8,4.17,4.2,42.48,42.75,37.14,37.4,1759611.13,793197.2,-0.62,-0.13
002177.SZ,20241227,week,5.55,5.56,4.63,4.82,5.61,5.55,5.56,4.63,4.82,49.43,49.52,41.23,42.93,2929523.16,1448970.33,-0.79,-0.14
002177.SZ,20241220,week,5.81,6.04,5.38,5.61,5.8,5.81,6.04,5.38,5.61,51.74,53.79,47.91,49.96,4601272.24,2601582.45,-0.19,-0.03
002177.SZ,20241213,week,5.52,6.93,5.42,5.8,5.97,5.52,6.93,5.42,5.8,49.16,61.72,48.27,51.65,13128186.99,8108175.93,-0.17,-0.03
002177.SZ,20241206,week,4.94,5.97,4.88,5.97,4.98,4.94,5.97,4.88,5.97,44.0,53.17,43.46,53.17,6968525.0,3780552.72,0.99,0.2
002177.SZ,20241129,week,4.75,5.1,4.49,4.98,4.8,4.75,5.1,4.49,4.98,42.3,45.42,39.99,44.35,3335558.04,1603094.09,0.18,0.04
002177.SZ,20241122,week,4.59,5.27,4.26,4.8,4.58,4.59,5.27,4.26,4.8,40.88,46.93,37.94,42.75,3932962.28,1827710.04,0.22,0.05
002177.SZ,20241115,week,5.25,5.81,4.56,4.58,5.16,5.25,5.81,4.56,4.58,46.76,51.74,40.61,40.79,6821766.57,3551769.52,-0.58,-0.11
002177.SZ,20241108,week,4.23,5.58,4.23,5.16,4.27,4.23,5.58,4.23,5.16,37.67,49.69,37.67,45.95,6293170.23,3153616.92,0.89,0.21
002177.SZ,20241101,week,4.4,4.84,4.27,4.27,4.37,4.4,4.84,4.27,4.27,39.19,43.1,38.03,38.03,3902122.5,1748108.35,-0.1,-0.02
002177.SZ,20241025,week,4.17,4.42,4.13,4.37,4.19,4.17,4.42,4.13,4.37,37.14,39.36,36.78,38.92,2359626.28,1000040.66,0.18,0.04
002177.SZ,20241018,week,4.01,4.32,3.94,4.19,4.0,4.01,4.32,3.94,4.19,35.71,38.47,35.09,37.32,2781718.38,1145747.22,0.19,0.05
002177.SZ,20241011,week,4.84,4.84,3.93,4.0,4.4,4.84,4.84,3.93,4.0,43.1,43.1,35.0,35.62,3621581.93,1600353.34,-0.4,-0.09
002177.SZ,20241004,week,4.15,4.44,4.06,4.4,4.05,4.15,4.44,4.06,4.4,36.96,39.54,36.16,39.19,1645678.02,700858.77,0.35,0.09
002177.SZ,20240927,week,3.34,4.19,3.31,4.05,3.37,3.34,4.19,3.31,4.05,29.75,37.32,29.48,36.07,4040369.3,1522966.3,0.68,0.2
002177.SZ,20240920,week,3.21,3.39,3.14,3.37,3.22,3.21,3.39,3.14,3.37,28.59,30.19,27.96,30.01,979981.18,323524.91,0.15,0.05
002177.SZ,20240913,week,3.27,3.46,3.22,3.22,3.46,3.27,3.46,3.22,3.22,29.12,30.81,28.68,28.68,2034497.41,674644.29,-0.24,-0.07
002177.SZ,20240906,week,3.24,3.79,3.15,3.46,3.25,3.24,3.79,3.15,3.46,28.86,33.75,28.05,30.81,2046252.3,721985.15,0.21,0.06
002177.SZ,20240830,week,3.27,3.29,3.08,3.25,3.28,3.27,3.29,3.08,3.25,29.12,29.3,27.43,28.94,960744.24,306302.34,-0.03,-0.01
002177.SZ,20240823,week,3.33,3.67,3.17,3.28,3.36,3.33,3.67,3.17,3.28,29.66,32.68,28.23,29.21,2271683.04,780121.29,-0.08,-0.02
002177.SZ,20240816,week,3.36,3.47,3.25,3.36,3.45,3.36,3.47,3.25,3.36,29.92,30.9,28.94,29.92,1583335.77,533530.86,-0.09,-0.03
002177.SZ,20240809,week,3.35,3.61,3.21,3.45,3.4,3.35,3.61,3.21,3.45,29.83,32.15,28.59,30.73,2257016.26,754596.39,0.05,0.01
002177.SZ,20240802,week,3.45,3.98,3.38,3.4,3.39,3.45,3.98,3.38,3.4,30.73,35.45,30.1,30.28,4479983.14,1628145.2,0.01,0.0
002177.SZ,20240726,week,3.03,3.49,3.02,3.39,3.03,3.03,3.49,3.02,3.39,26.98,31.08,26.9,30.19,1743152.92,569041.62,0.36,0.12
002177.SZ,20240719,week,3.1,3.3,2.97,3.03,3.1,3.1,3.3,2.97,3.03,27.61,29.39,26.45,26.98,741738.93,228626.61,-0.07,-0.02
002177.SZ,20240712,week,3.19,3.19,2.93,3.1,3.19,3.18,3.18,2.92,3.1,28.32,28.32,26.01,27.61,939876.86,288368.47,-0.09,-0.03
002177.SZ,20240705,week,3.23,3.5,3.07,3.19,3.23,3.22,3.49,3.06,3.18,28.67,31.07,27.25,28.32,1854006.24,616525.66,-0.04,-0.01
002177.SZ,20240628,week,3.1,3.68,2.99,3.23,3.12,3.09,3.67,2.98,3.22,27.52,32.67,26.54,28.67,2926131.99,985602.75,0.11,0.04
002177.SZ,20240621,week,3.17,3.32,3.04,3.12,3.2,3.16,3.31,3.03,3.11,28.14,29.47,26.99,27.7,579415.65,184754.18,-0.08,-0.03
002177.SZ,20240614,week,3.06,3.23,3.0,3.2,3.07,3.05,3.22,2.99,3.19,27.16,28.67,26.63,28.41,512395.89,161537.4,0.13,0.04
002177.SZ,20240607,week,3.41,3.41,2.92,3.07,3.4,3.4,3.4,2.91,3.06,30.27,30.27,25.92,27.25,829851.69,260140.85,-0.33,-0.1
002177.SZ,20240531,week,3.36,3.54,3.27,3.4,3.35,3.35,3.53,3.26,3.39,29.83,31.42,29.03,30.18,799745.28,269024.21,0.05,0.01
002177.SZ,20240524,week,3.48,3.55,3.33,3.35,3.51,3.47,3.54,3.32,3.34,30.89,31.51,29.56,29.74,615624.81,212805.97,-0.16,-0.05
002177.SZ,20240517,week,3.5,3.53,3.38,3.51,3.53,3.49,3.52,3.37,3.5,31.07,31.34,30.0,31.16,666897.06,230091.93,-0.02,-0.01
002177.SZ,20240510,week,3.59,3.89,3.47,3.53,3.58,3.58,3.88,3.46,3.52,31.87,34.53,30.8,31.34,1225673.85,442999.71,-0.05,-0.01
002177.SZ,20240503,week,3.52,3.68,3.51,3.58,3.52,3.51,3.67,3.5,3.57,31.25,32.67,31.16,31.78,425671.0,152668.24,0.06,0.02
002177.SZ,20240426,week,3.13,3.53,3.06,3.52,3.15,3.12,3.52,3.05,3.51,27.79,31.34,27.16,31.25,1110643.04,368835.99,0.37,0.12
002177.SZ,20240419,week,3.55,3.58,3.0,3.15,3.6,3.54,3.57,2.99,3.14,31.51,31.78,26.63,27.96,1254435.53,403796.59,-0.45,-0.13
002177.SZ,20240412,week,3.87,3.89,3.58,3.6,3.89,3.86,3.88,3.57,3.59,34.35,34.53,31.78,31.96,733790.01,272157.04,-0.29,-0.07
002177.SZ,20240405,week,3.97,4.05,3.84,3.89,3.97,3.96,4.04,3.83,3.88,35.24,35.95,34.09,34.53,595775.01,236312.91,-0.08,-0.02
002177.SZ,20240329,week,4.19,4.33,3.81,3.97,4.2,4.18,4.32,3.8,3.96,37.19,38.44,33.82,35.24,1892901.07,768493.68,-0.23,-0.05
002177.SZ,20240322,week,4.13,4.25,4.09,4.2,4.17,4.12,4.24,4.08,4.19,36.66,37.73,36.31,37.28,1817858.05,761277.07,0.03,0.01
002177.SZ,20240315,week,4.06,4.36,4.01,4.17,4.07,4.05,4.35,4.0,4.16,36.04,38.7,35.6,37.02,2275596.71,942682.04,0.1,0.02
002177.SZ,20240308,week,3.88,4.43,3.72,4.07,4.01,3.87,4.42,3.71,4.06,34.44,39.33,33.02,36.13,3641382.9,1491885.62,0.06,0.01
002177.SZ,20240301,week,3.6,4.18,3.47,4.01,3.61,3.59,4.17,3.46,4.0,31.96,37.11,30.8,35.6,2631128.26,1004577.52,0.4,0.11
002177.SZ,20240223,week,3.09,3.65,3.06,3.61,3.0,3.08,3.64,3.05,3.6,27.43,32.4,27.16,32.05,1865241.06,627761.23,0.61,0.2
002177.SZ,20240209,week,3.19,3.19,2.63,3.0,3.2,3.18,3.18,2.62,2.99,28.32,28.32,23.35,26.63,1305155.83,378526.18,-0.2,-0.06
002177.SZ,20240202,week,4.03,4.06,3.08,3.2,4.02,4.02,4.05,3.07,3.19,35.77,36.04,27.34,28.41,1600740.06,569760.06,-0.82,-0.2
002177.SZ,20240126,week,4.12,4.16,3.77,4.02,4.13,4.11,4.15,3.76,4.01,36.57,36.93,33.47,35.69,2323697.68,923922.99,-0.11,-0.03
002177.SZ,20240119,week,4.33,4.64,4.13,4.13,4.48,4.32,4.62,4.12,4.12,38.44,41.19,36.66,36.66,4054256.11,1774195.24,-0.35,-0.08
002177.SZ,20240112,week,4.79,5.44,4.45,4.48,4.79,4.77,5.42,4.44,4.47,42.52,48.29,39.5,39.77,6926147.68,3444831.48,-0.31,-0.06
002177.SZ,20240105,week,4.39,5.46,4.39,4.79,4.44,4.38,5.44,4.38,4.77,38.97,48.47,38.97,42.52,6754084.25,3372324.55,0.35,0.08
002177.SZ,20231229,week,4.54,4.75,4.22,4.44,4.46,4.53,4.73,4.21,4.43,40.3,42.17,37.46,39.41,3717251.59,1663949.42,-0.02,0.0
002177.SZ,20231222,week,4.32,4.65,4.18,4.46,4.34,4.31,4.63,4.17,4.45,38.35,41.28,37.11,39.59,3321284.25,1450987.5,0.12,0.03
002177.SZ,20231215,week,3.93,4.45,3.92,4.34,3.97,3.92,4.44,3.91,4.33,34.89,39.5,34.8,38.53,2496323.4,1064114.15,0.37,0.09
002177.SZ,20231208,week,4.02,4.36,3.96,3.97,4.02,4.01,4.35,3.95,3.96,35.69,38.7,35.15,35.24,1844462.34,759022.41,-0.05,-0.01
002177.SZ,20231201,week,4.12,4.13,3.92,4.02,4.09,4.11,4.12,3.91,4.01,36.57,36.66,34.8,35.69,728034.66,292815.12,-0.07,-0.02
002177.SZ,20231124,week,4.21,4.28,4.08,4.09,4.2,4.2,4.27,4.07,4.08,37.37,37.99,36.22,36.31,977981.26,409674.62,-0.11,-0.03
002177.SZ,20231117,week,4.16,4.29,4.13,4.2,4.13,4.15,4.28,4.12,4.19,36.93,38.08,36.66,37.28,704728.3,296724.71,0.07,0.02
002177.SZ,20231110,week,4.1,4.25,4.1,4.13,4.07,4.09,4.24,4.09,4.12,36.4,37.73,36.4,36.66,869700.8,362928.94,0.06,0.01
002177.SZ,20231103,week,3.99,4.11,3.97,4.07,4.02,3.98,4.1,3.96,4.06,35.42,36.48,35.24,36.13,799098.48,324698.05,0.05,0.01
002177.SZ,20231027,week,3.88,4.06,3.76,4.02,3.88,3.87,4.05,3.75,4.01,34.44,36.04,33.38,35.69,1118643.5,441301.31,0.14,0.04
002177.SZ,20231020,week,4.09,4.19,3.88,3.88,4.09,4.08,4.18,3.87,3.87,36.31,37.19,34.44,34.44,1422705.56,574939.65,-0.21,-0.05
002177.SZ,20231013,week,4.01,4.16,3.99,4.09,4.03,4.0,4.15,3.98,4.08,35.6,36.93,35.42,36.31,1101184.0,449334.58,0.06,0.01
002177.SZ,20230929,week,4.14,4.15,3.91,4.03,4.16,4.13,4.14,3.9,4.02,36.75,36.84,34.71,35.77,979445.0,396719.52,-0.13,-0.03
002177.SZ,20230922,week,4.26,4.35,4.05,4.16,4.26,4.25,4.34,4.04,4.15,37.82,38.61,35.95,36.93,1239302.17,514762.26,-0.1,-0.02
002177.SZ,20230915,week,4.54,4.59,4.25,4.26,4.54,4.53,4.58,4.24,4.25,40.3,40.75,37.73,37.82,1378148.13,608807.02,-0.28,-0.06
002177.SZ,20230908,week,4.93,4.99,4.47,4.54,4.98,4.91,4.97,4.46,4.53,43.76,44.3,39.68,40.3,2406139.29,1145040.86,-0.44,-0.09
002177.SZ,20230901,week,5.36,5.43,4.74,4.98,4.87,5.34,5.41,4.72,4.96,47.58,48.2,42.08,44.21,6564367.75,3351685.49,0.11,0.02
002177.SZ,20230825,week,4.53,4.94,4.53,4.87,4.52,4.52,4.92,4.52,4.85,40.21,43.85,40.21,43.23,3389825.64,1592708.61,0.35,0.08
002177.SZ,20230818,week,5.16,5.21,4.52,4.52,5.23,5.14,5.19,4.51,4.51,45.81,46.25,40.12,40.12,5493747.28,2679249.93,-0.71,-0.14
002177.SZ,20230811,week,4.73,5.75,4.62,5.23,4.85,4.71,5.73,4.61,5.21,41.99,51.04,41.01,46.43,7968672.35,4111344.5,0.38,0.08
002177.SZ,20230804,week,4.3,4.98,4.2,4.85,4.35,4.29,4.96,4.19,4.83,38.17,44.21,37.28,43.05,4654015.75,2134393.24,0.5,0.11
002177.SZ,20230728,week,4.06,4.47,3.99,4.35,4.07,4.05,4.46,3.98,4.34,36.04,39.68,35.42,38.61,2367324.61,1003113.68,0.28,0.07
002177.SZ,20230721,week,4.11,4.25,4.06,4.07,4.1,4.1,4.24,4.05,4.06,36.48,37.73,36.04,36.13,1430613.95,593105.17,-0.03,-0.01
002177.SZ,20230714,week,4.06,4.14,3.95,4.1,4.04,4.05,4.13,3.94,4.09,36.04,36.75,35.06,36.4,1139117.84,460111.83,0.06,0.01
002177.SZ,20230707,week,3.97,4.26,3.96,4.04,3.96,3.96,4.25,3.95,4.03,35.24,37.82,35.15,35.86,1884893.65,771409.19,0.08,0.02
002177.SZ,20230630,week,4.0,4.0,3.75,3.96,4.05,3.99,3.99,3.74,3.95,35.51,35.51,33.29,35.15,1694283.29,659216.14,-0.09,-0.02
002177.SZ,20230623,week,4.13,4.18,4.03,4.05,4.23,4.12,4.17,4.02,4.04,36.66,37.11,35.77,35.95,1777283.44,728010.12,-0.18,-0.04
002177.SZ,20230616,week,3.87,4.57,3.87,4.23,3.52,3.86,4.56,3.86,4.22,34.35,40.57,34.35,37.55,5228585.89,2228044.51,0.71,0.2
002177.SZ,20230609,week,3.85,3.85,3.44,3.52,3.67,3.84,3.84,3.43,3.51,34.18,34.18,30.54,31.25,1217613.38,442467.56,-0.15,-0.04
002177.SZ,20230602,week,3.46,3.71,3.43,3.67,3.42,3.45,3.7,3.42,3.66,30.71,32.93,30.45,32.58,755714.87,271777.91,0.25,0.07
002177.SZ,20230526,week,3.45,3.58,3.37,3.42,3.47,3.44,3.57,3.36,3.41,30.62,31.78,29.91,30.36,770432.24,266213.01,-0.05,-0.01
002177.SZ,20230519,week,3.37,3.49,3.21,3.47,3.38,3.36,3.48,3.2,3.46,29.91,30.98,28.49,30.8,588725.51,196197.77,0.09,0.03
002177.SZ,20230512,week,3.67,3.78,3.31,3.38,3.68,3.66,3.77,3.3,3.37,32.58,33.55,29.38,30.0,1005125.62,350039.91,-0.3,-0.08
002177.SZ,20230505,week,3.49,3.72,3.46,3.68,3.44,3.48,3.71,3.45,3.67,30.98,33.02,30.71,32.67,524559.9,188948.16,0.24,0.07
002177.SZ,20230428,week,3.45,3.59,3.28,3.44,3.42,3.44,3.58,3.27,3.43,30.62,31.87,29.12,30.54,1117902.95,387483.76,0.02,0.01
002177.SZ,20230421,week,3.31,3.59,3.3,3.42,3.33,3.3,3.58,3.29,3.41,29.38,31.87,29.29,30.36,1273758.02,442937.16,0.09,0.03
002177.SZ,20230414,week,3.2,3.34,3.13,3.33,3.21,3.19,3.33,3.12,3.32,28.41,29.65,27.78,29.56,529184.77,170822.8,0.12,0.04
002177.SZ,20230407,week,3.04,3.26,3.03,3.21,3.05,3.03,3.25,3.02,3.2,26.99,28.94,26.9,28.49,505643.72,160290.04,0.16,0.05
002177.SZ,20230331,week,3.07,3.09,3.01,3.05,3.07,3.06,3.08,3.0,3.04,27.25,27.43,26.72,27.07,414567.53,126187.14,-0.02,-0.01
002177.SZ,20230324,week,3.09,3.1,3.04,3.07,3.09,3.08,3.09,3.03,3.06,27.43,27.52,26.99,27.25,256884.55,78791.43,-0.02,-0.01
002177.SZ,20230317,week,3.13,3.16,2.99,3.09,3.11,3.12,3.15,2.98,3.08,27.78,28.05,26.54,27.43,489533.62,150655.26,-0.02,-0.01
002177.SZ,20230310,week,3.12,3.17,3.05,3.11,3.12,3.11,3.16,3.04,3.1,27.7,28.14,27.07,27.61,487533.15,151390.11,-0.01,0.0
002177.SZ,20230303,week,3.07,3.17,3.05,3.12,3.08,3.06,3.16,3.04,3.11,27.25,28.14,27.07,27.7,370580.34,115021.17,0.04,0.01
002177.SZ,20230224,week,3.07,3.12,3.01,3.08,3.1,3.06,3.11,3.0,3.07,27.25,27.7,26.72,27.34,470241.62,144519.91,-0.02,-0.01
002177.SZ,20230217,week,3.25,3.33,3.09,3.1,3.25,3.24,3.32,3.08,3.09,28.85,29.56,27.43,27.52,1145709.54,366730.24,-0.15,-0.05
002177.SZ,20230210,week,3.17,3.28,3.13,3.25,3.16,3.16,3.27,3.12,3.24,28.14,29.12,27.78,28.85,561548.76,178677.41,0.09,0.03
002177.SZ,20230203,week,3.42,3.44,3.1,3.16,3.39,3.41,3.43,3.09,3.15,30.36,30.54,27.52,28.05,1398466.9,449675.98,-0.23,-0.07
002177.SZ,20230120,week,3.15,3.42,3.15,3.39,3.17,3.14,3.41,3.14,3.38,27.96,30.36,27.96,30.09,611728.35,201084.4,0.22,0.07
002177.SZ,20230113,week,3.14,3.21,3.09,3.17,3.14,3.13,3.2,3.08,3.16,27.87,28.49,27.43,28.14,389534.1,122695.79,0.03,0.01
002177.SZ,20230106,week,3.06,3.23,3.06,3.14,3.11,3.05,3.22,3.05,3.13,27.16,28.67,27.16,27.87,457485.84,144990.3,0.03,0.01
002177.SZ,20221230,week,3.01,3.12,2.9,3.11,3.04,3.0,3.11,2.89,3.1,26.72,27.7,25.74,27.61,553159.99,166503.36,0.07,0.02
002177.SZ,20221223,week,3.13,3.18,2.97,3.04,3.14,3.12,3.17,2.96,3.03,27.78,28.23,26.36,26.99,630988.62,192577.28,-0.1,-0.03
002177.SZ,20221216,week,3.23,3.39,3.1,3.14,3.23,3.22,3.38,3.09,3.13,28.67,30.09,27.52,27.87,1109709.49,364912.69,-0.09,-0.03
002177.SZ,20221209,week,3.36,3.44,3.17,3.23,3.37,3.35,3.43,3.16,3.22,29.83,30.54,28.14,28.67,988500.53,325225.09,-0.14,-0.04
002177.SZ,20221202,week,3.3,3.42,3.21,3.37,3.21,3.29,3.41,3.2,3.36,29.29,30.36,28.49,29.91,1293140.19,429481.76,0.16,0.05
002177.SZ,20221125,week,3.35,3.53,3.13,3.21,3.35,3.34,3.52,3.12,3.2,29.74,31.34,27.78,28.49,1608632.67,530369.78,-0.14,-0.04
002177.SZ,20221118,week,3.06,3.54,3.05,3.35,3.08,3.05,3.53,3.04,3.34,27.16,31.42,27.07,29.74,2259098.92,752350.97,0.27,0.09
002177.SZ,20221111,week,2.81,3.31,2.78,3.08,2.81,2.8,3.3,2.77,3.07,24.94,29.38,24.68,27.34,2175204.6,665529.89,0.27,0.1
002177.SZ,20221104,week,2.75,2.87,2.69,2.81,2.63,2.74,2.86,2.68,2.8,24.41,25.48,23.88,24.94,1133246.79,314130.15,0.18,0.07
002177.SZ,20221028,week,2.56,2.74,2.49,2.63,2.6,2.55,2.73,2.48,2.62,22.72,24.32,22.1,23.35,721571.17,187859.96,0.03,0.01
002177.SZ,20221021,week,2.62,2.76,2.59,2.6,2.64,2.61,2.75,2.58,2.59,23.26,24.5,22.99,23.08,723153.07,191972.52,-0.04,-0.02
002177.SZ,20221014,week,2.49,2.69,2.4,2.64,2.46,2.48,2.68,2.39,2.63,22.1,23.88,21.3,23.43,810126.02,207118.37,0.18,0.07
002177.SZ,20220930,week,2.69,2.7,2.4,2.46,2.71,2.68,2.69,2.39,2.45,23.88,23.97,21.3,21.84,937980.19,239162.24,-0.25,-0.09
002177.SZ,20220923,week,2.8,2.83,2.68,2.71,2.84,2.79,2.82,2.67,2.7,24.86,25.12,23.79,24.06,1067731.01,293486.99,-0.13,-0.05
002177.SZ,20220916,week,2.87,3.07,2.84,2.84,2.8,2.86,3.06,2.83,2.83,25.48,27.25,25.21,25.21,1661552.01,489712.46,0.04,0.01
002177.SZ,20220909,week,2.69,2.85,2.66,2.8,2.71,2.68,2.84,2.65,2.79,23.88,25.3,23.61,24.86,982226.45,270878.95,0.09,0.03
002177.SZ,20220902,week,2.78,2.94,2.68,2.71,2.84,2.77,2.93,2.67,2.7,24.68,26.1,23.79,24.06,1556921.77,438434.16,-0.13,-0.05
002177.SZ,20220826,week,2.67,2.84,2.62,2.84,2.69,2.66,2.83,2.61,2.83,23.7,25.21,23.26,25.21,1033160.01,282401.87,0.15,0.06
002177.SZ,20220819,week,2.81,2.87,2.65,2.69,2.84,2.8,2.86,2.64,2.68,24.94,25.48,23.52,23.88,1273999.83,350709.64,-0.15,-0.05
002177.SZ,20220812,week,2.72,2.93,2.61,2.84,2.74,2.71,2.92,2.6,2.83,24.14,26.01,23.17,25.21,1559206.38,432659.67,0.1,0.04
002177.SZ,20220805,week,2.67,2.85,2.55,2.74,2.69,2.66,2.84,2.54,2.73,23.7,25.3,22.64,24.32,1831171.03,490336.52,0.05,0.02
002177.SZ,20220729,week,2.76,3.06,2.68,2.69,2.77,2.75,3.05,2.67,2.68,24.5,27.16,23.79,23.88,2781575.86,796516.56,-0.08,-0.03
002177.SZ,20220722,week,2.36,2.77,2.36,2.77,2.35,2.35,2.76,2.35,2.76,20.95,24.59,20.95,24.59,1924142.24,504867.6,0.42,0.18
002177.SZ,20220715,week,2.3,2.49,2.28,2.35,2.3,2.29,2.48,2.27,2.34,20.42,22.1,20.24,20.86,1924022.52,466935.17,0.05,0.02
002177.SZ,20220708,week,2.35,2.37,2.23,2.3,2.37,2.34,2.36,2.22,2.29,20.86,21.04,19.8,20.42,984695.68,225678.87,-0.07,-0.03
002177.SZ,20220701,week,2.25,2.37,2.22,2.37,2.26,2.24,2.36,2.21,2.36,19.97,21.04,19.71,21.04,1250548.4,287333.08,0.11,0.05
002177.SZ,20220624,week,2.34,2.38,2.22,2.26,2.34,2.32,2.37,2.21,2.25,20.68,21.13,19.71,20.06,989626.67,227584.54,-0.08,-0.03
002177.SZ,20220617,week,2.38,2.43,2.29,2.34,2.41,2.36,2.41,2.27,2.32,21.04,21.48,20.24,20.68,1247954.55,295889.15,-0.07,-0.03
002177.SZ,20220610,week,2.39,2.5,2.38,2.41,2.4,2.37,2.48,2.36,2.39,21.13,22.1,21.04,21.3,1331187.6,323239.74,0.01,0.0
002177.SZ,20220603,week,2.43,2.57,2.35,2.4,2.45,2.41,2.55,2.33,2.38,21.48,22.72,20.77,21.21,1468081.24,360747.04,-0.05,-0.02
002177.SZ,20220527,week,2.73,2.81,2.45,2.45,2.69,2.71,2.79,2.43,2.43,24.13,24.84,21.66,21.66,2428135.96,634217.19,-0.24,-0.09
002177.SZ,20220520,week,2.45,2.69,2.37,2.69,2.51,2.43,2.67,2.35,2.67,21.66,23.78,20.95,23.78,2827809.41,706379.41,0.18,0.07
002177.SZ,20220513,week,2.62,2.74,2.35,2.51,2.76,2.6,2.72,2.33,2.49,23.16,24.22,20.77,22.19,3763044.73,933500.76,-0.25,-0.09
002177.SZ,20220506,week,2.9,2.9,2.76,2.76,3.05,2.88,2.88,2.74,2.74,25.63,25.63,24.4,24.4,18276.0,5211.97,-0.29,-0.1
002177.SZ,20220429,week,3.39,3.39,2.75,3.05,3.77,3.36,3.36,2.73,3.03,29.96,29.96,24.31,26.96,2304745.94,717366.16,-0.72,-0.19
002177.SZ,20220422,week,4.77,4.85,3.77,3.77,4.85,4.73,4.81,3.74,3.74,42.16,42.87,33.32,33.32,1879432.75,829326.36,-1.08,-0.22
002177.SZ,20220415,week,5.44,5.44,4.85,4.85,5.57,5.4,5.4,4.81,4.81,48.08,48.08,42.87,42.87,2492182.12,1275826.68,-0.72,-0.13
002177.SZ,20220408,week,5.55,6.03,5.45,5.57,5.48,5.51,5.98,5.41,5.53,49.06,53.3,48.17,49.23,3251697.31,1848266.01,0.09,0.02
002177.SZ,20220401,week,5.17,5.81,5.03,5.48,5.33,5.13,5.77,4.99,5.44,45.7,51.35,44.46,48.44,4239581.87,2293154.46,0.15,0.03
002177.SZ,20220325,week,5.3,5.86,5.21,5.33,5.89,5.26,5.82,5.17,5.29,46.85,51.8,46.05,47.11,5479375.06,3034959.76,-0.56,-0.1
002177.SZ,20220318,week,5.31,6.14,4.85,5.89,5.44,5.27,6.09,4.81,5.85,46.94,54.27,42.87,52.06,4266393.15,2351912.39,0.45,0.08
002177.SZ,20220311,week,5.46,5.52,4.77,5.44,5.41,5.42,5.48,4.73,5.4,48.26,48.79,42.16,48.08,2551203.34,1339281.64,0.03,0.01
002177.SZ,20220304,week,5.66,5.73,5.37,5.41,5.43,5.62,5.69,5.33,5.37,50.03,50.65,47.47,47.82,2701879.4,1502271.91,-0.02,0.0
002177.SZ,20220225,week,6.11,6.53,5.3,5.43,6.11,6.06,6.48,5.26,5.39,54.01,57.72,46.85,48.0,4767878.28,2824176.51,-0.68,-0.11
002177.SZ,20220218,week,6.03,6.97,5.71,6.11,6.34,5.98,6.92,5.67,6.06,53.3,61.61,50.47,54.01,7682956.89,4858097.42,-0.23,-0.04
002177.SZ,20220211,week,5.27,6.34,4.74,6.34,5.86,5.23,6.29,4.7,6.29,46.58,56.04,41.9,56.04,5469855.27,3063354.88,0.48,0.08
002177.SZ,20220128,week,7.91,8.45,5.86,5.86,8.16,7.85,8.39,5.82,5.82,69.92,74.69,51.8,51.8,4013164.69,2931760.63,-2.3,-0.28
002177.SZ,20220121,week,8.29,9.8,7.98,8.16,8.1,8.23,9.73,7.92,8.1,73.28,86.62,70.54,72.13,9082075.24,7967849.03,0.06,0.01
002177.SZ,20220114,week,8.18,9.09,7.71,8.1,8.87,8.12,9.02,7.65,8.04,72.3,80.35,68.15,71.6,9105363.37,7544884.21,-0.77,-0.09
002177.SZ,20220107,week,6.63,8.92,6.58,8.87,6.62,6.58,8.85,6.53,8.8,58.6,78.84,58.16,78.4,7171421.65,5755810.23,2.25,0.34
002177.SZ,20211231,week,6.3,6.82,6.17,6.62,6.33,6.25,6.77,6.12,6.57,55.69,60.28,54.54,58.51,1978843.54,1293437.76,0.29,0.05
002177.SZ,20211224,week,6.6,6.84,6.31,6.33,6.78,6.55,6.79,6.26,6.28,58.34,60.46,55.77,55.95,2487646.89,1634858.79,-0.45,-0.07
002177.SZ,20211217,week,6.35,7.21,6.26,6.78,6.39,6.3,7.16,6.21,6.73,56.13,63.73,55.33,59.93,4597099.37,3121304.35,0.39,0.06
002177.SZ,20211210,week,6.36,6.59,6.21,6.39,6.48,6.31,6.54,6.16,6.34,56.22,58.25,54.89,56.48,2255424.46,1438972.2,-0.09,-0.01
002177.SZ,20211203,week,6.27,7.0,6.2,6.48,6.33,6.22,6.95,6.15,6.43,55.42,61.87,54.8,57.28,5629428.31,3681783.41,0.15,0.02
002177.SZ,20211126,week,5.6,6.33,5.54,6.33,5.62,5.56,6.28,5.5,6.28,49.5,55.95,48.97,55.95,2427920.56,1466508.01,0.71,0.13
002177.SZ,20211119,week,5.72,5.79,5.54,5.62,5.72,5.68,5.75,5.5,5.58,50.56,51.18,48.97,49.68,770431.63,437577.99,-0.1,-0.02
002177.SZ,20211112,week,5.58,6.12,5.44,5.72,5.57,5.54,6.07,5.4,5.68,49.32,54.09,48.08,50.56,1633079.81,938773.62,0.15,0.03
002177.SZ,20211105,week,5.37,5.9,5.22,5.57,5.37,5.33,5.86,5.18,5.53,47.47,52.15,46.14,49.23,987233.84,542068.92,0.2,0.04
002177.SZ,20211029,week,5.52,5.67,5.22,5.37,5.59,5.48,5.63,5.18,5.33,48.79,50.12,46.14,47.47,849967.56,463638.48,-0.22,-0.04
002177.SZ,20211022,week,5.27,5.78,5.16,5.59,5.26,5.23,5.74,5.12,5.55,46.58,51.09,45.61,49.41,1157821.15,644379.97,0.33,0.06
002177.SZ,20211015,week,5.6,5.65,5.18,5.26,5.6,5.56,5.61,5.14,5.22,49.5,49.94,45.79,46.49,589294.88,320566.09,-0.34,-0.06
002177.SZ,20211008,week,5.45,5.62,5.45,5.6,5.37,5.41,5.58,5.41,5.56,48.17,49.68,48.17,49.5,167038.94,92783.38,0.23,0.04
002177.SZ,20211001,week,5.69,5.72,5.27,5.37,5.69,5.65,5.68,5.23,5.33,50.29,50.56,46.58,47.47,468321.9,256252.74,-0.32,-0.06
002177.SZ,20210924,week,5.71,5.86,5.65,5.69,5.8,5.67,5.82,5.61,5.65,50.47,51.8,49.94,50.29,435904.31,251092.86,-0.11,-0.02
002177.SZ,20210917,week,6.24,6.32,5.71,5.8,6.25,6.19,6.27,5.67,5.76,55.16,55.86,50.47,51.27,1248026.36,753631.34,-0.45,-0.07
002177.SZ,20210910,week,5.91,6.25,5.85,6.25,5.91,5.87,6.2,5.81,6.2,52.24,55.24,51.71,55.24,1582866.25,963388.31,0.34,0.06
002177.SZ,20210903,week,5.71,6.01,5.65,5.91,5.75,5.67,5.96,5.61,5.87,50.47,53.12,49.94,52.24,1221143.33,712492.48,0.16,0.03
002177.SZ,20210827,week,5.93,6.1,5.72,5.75,5.93,5.89,6.05,5.68,5.71,52.42,53.92,50.56,50.82,1083441.21,642840.51,-0.18,-0.03
002177.SZ,20210820,week,6.0,6.42,5.7,5.93,5.92,5.95,6.37,5.66,5.89,53.03,56.75,50.38,52.42,2083270.29,1267686.84,0.01,0.0
002177.SZ,20210813,week,5.7,6.22,5.68,5.92,5.71,5.66,6.17,5.64,5.88,50.38,54.98,50.21,52.33,1601461.18,955950.31,0.21,0.04
002177.SZ,20210806,week,6.07,6.25,5.6,5.71,6.06,6.02,6.2,5.56,5.67,53.65,55.24,49.5,50.47,1565412.09,931263.53,-0.35,-0.06
002177.SZ,20210730,week,6.7,6.72,5.65,6.06,6.7,6.65,6.67,5.61,6.01,59.22,59.4,49.94,53.56,1704821.35,1049496.35,-0.64,-0.1
002177.SZ,20210723,week,7.18,7.35,6.61,6.7,7.14,7.13,7.29,6.56,6.65,63.46,64.97,58.43,59.22,2120836.51,1492026.11,-0.44,-0.06
002177.SZ,20210716,week,7.35,8.28,7.05,7.14,7.3,7.29,8.22,7.0,7.09,64.97,73.19,62.31,63.11,4155896.55,3148006.92,-0.16,-0.02
002177.SZ,20210709,week,7.24,7.69,7.03,7.3,7.29,7.19,7.63,6.98,7.25,63.99,67.97,62.14,64.52,2502955.1,1815190.42,0.01,0.0
002177.SZ,20210702,week,7.22,7.73,6.85,7.29,7.21,7.17,7.67,6.8,7.24,63.82,68.33,60.55,64.44,3104381.01,2281850.53,0.08,0.01
002177.SZ,20210625,week,7.47,7.76,7.1,7.21,7.53,7.4,7.7,7.05,7.16,65.94,68.59,62.76,63.73,2310290.0,1718069.93,-0.32,-0.04
002177.SZ,20210618,week,7.46,7.7,6.98,7.53,7.45,7.39,7.63,6.92,7.46,65.85,67.97,61.61,66.47,2091523.3,1527756.64,0.08,0.01
002177.SZ,20210611,week,7.83,8.05,7.41,7.45,7.88,7.76,7.98,7.34,7.38,69.12,71.06,65.41,65.76,2582460.81,1981520.45,-0.43,-0.05
002177.SZ,20210604,week,8.22,8.79,7.8,7.88,8.33,8.15,8.71,7.73,7.81,72.56,77.59,68.85,69.56,3428572.22,2827168.26,-0.45,-0.05
002177.SZ,20210528,week,8.38,8.95,8.21,8.33,8.47,8.31,8.87,8.14,8.26,73.97,79.0,72.47,73.53,4224519.81,3590515.61,-0.14,-0.02
002177.SZ,20210521,week,9.02,9.18,8.23,8.47,9.32,8.94,9.1,8.16,8.39,79.62,81.03,72.65,74.76,5065728.44,4415524.37,-0.85,-0.09
002177.SZ,20210514,week,9.89,10.99,8.97,9.32,9.9,9.8,10.89,8.89,9.24,87.3,97.01,79.18,82.27,8515640.04,8428615.43,-0.58,-0.06
002177.SZ,20210507,week,8.89,10.15,8.68,9.9,8.87,8.81,10.06,8.6,9.81,78.47,89.59,76.62,87.39,4556315.66,4285174.27,1.03,0.12
002177.SZ,20210430,week,8.89,9.72,8.05,8.87,8.91,8.81,9.63,7.98,8.79,78.47,85.8,71.06,78.3,7239163.64,6417507.44,-0.04,0.0
002177.SZ,20210423,week,9.11,10.18,8.87,8.91,9.37,9.03,10.09,8.79,8.83,80.41,89.86,78.3,78.65,10727069.89,9983660.31,-0.46,-0.05
002177.SZ,20210416,week,6.74,9.37,6.61,9.37,6.73,6.68,9.29,6.55,9.29,59.49,82.71,58.35,82.71,10388574.4,8723800.12,2.64,0.39
002177.SZ,20210409,week,7.19,7.99,6.46,6.73,7.33,7.13,7.92,6.4,6.67,63.47,70.53,57.02,59.41,6519571.0,4652093.48,-0.6,-0.08
002177.SZ,20210402,week,6.61,7.88,6.6,7.33,6.42,6.55,7.81,6.54,7.27,58.35,69.56,58.26,64.7,9183871.23,6694724.92,0.91,0.14
002177.SZ,20210326,week,4.92,6.8,4.89,6.42,4.94,4.88,6.74,4.85,6.36,43.43,60.02,43.16,56.67,5810933.18,3473812.4,1.48,0.3
002177.SZ,20210319,week,4.92,5.07,4.85,4.94,4.9,4.88,5.03,4.81,4.9,43.43,44.75,42.81,43.61,872308.19,433216.46,0.04,0.01
002177.SZ,20210312,week,5.34,5.39,4.75,4.9,5.36,5.29,5.34,4.71,4.86,47.14,47.58,41.93,43.25,1099778.33,552147.93,-0.46,-0.09
002177.SZ,20210305,week,5.22,5.59,5.17,5.36,5.21,5.17,5.54,5.12,5.31,46.08,49.34,45.64,47.31,1691390.05,902334.31,0.15,0.03
002177.SZ,20210226,week,5.23,5.41,5.0,5.21,5.17,5.18,5.36,4.96,5.16,46.17,47.75,44.14,45.99,1924793.54,999454.02,0.04,0.01
002177.SZ,20210219,week,5.1,5.27,4.98,5.17,4.85,5.05,5.22,4.94,5.12,45.02,46.52,43.96,45.64,786571.87,402474.83,0.32,0.07
002177.SZ,20210212,week,4.76,5.18,4.74,4.85,4.74,4.72,5.13,4.7,4.81,42.02,45.72,41.84,42.81,800431.42,392756.89,0.11,0.02
002177.SZ,20210205,week,4.93,5.1,4.58,4.74,4.94,4.89,5.05,4.54,4.7,43.52,45.02,40.43,41.84,1344040.54,646656.19,-0.2,-0.04
002177.SZ,20210129,week,5.8,6.2,4.82,4.94,5.71,5.75,6.15,4.78,4.9,51.2,54.73,42.55,43.61,3088125.98,1729612.24,-0.77,-0.13
002177.SZ,20210122,week,5.76,6.27,5.68,5.71,5.86,5.71,6.21,5.63,5.66,50.84,55.35,50.14,50.4,3971882.75,2374562.81,-0.15,-0.03
002177.SZ,20210115,week,5.42,6.48,5.29,5.86,5.63,5.37,6.42,5.24,5.81,47.84,57.2,46.69,51.73,6186037.21,3590752.06,0.23,0.04
002177.SZ,20210108,week,5.62,6.06,5.05,5.63,5.42,5.57,6.01,5.01,5.58,49.61,53.49,44.58,49.7,5211466.35,2890350.05,0.21,0.04
002177.SZ,20210101,week,4.8,5.92,4.78,5.42,4.57,4.76,5.87,4.74,5.37,42.37,52.26,42.19,47.84,3613884.03,1966093.65,0.85,0.19
002177.SZ,20201225,week,4.66,4.81,4.46,4.57,4.78,4.62,4.77,4.42,4.53,41.13,42.46,39.37,40.34,782269.16,363036.36,-0.21,-0.04
002177.SZ,20201218,week,4.68,4.95,4.4,4.78,4.79,4.64,4.91,4.36,4.74,41.31,43.69,38.84,42.19,1125034.13,524528.9,-0.01,0.0
002177.SZ,20201211,week,5.22,5.26,4.71,4.79,5.2,5.17,5.21,4.67,4.75,46.08,46.43,41.58,42.28,621872.95,310825.74,-0.41,-0.08
002177.SZ,20201204,week,5.02,5.28,4.99,5.2,5.02,4.98,5.23,4.95,5.15,44.31,46.61,44.05,45.9,932072.52,479356.11,0.18,0.04
002177.SZ,20201127,week,5.05,5.17,4.97,5.02,5.04,5.01,5.12,4.93,4.98,44.58,45.64,43.87,44.31,775916.03,394008.53,-0.02,0.0
002177.SZ,20201120,week,5.04,5.1,4.93,5.04,5.02,5.0,5.05,4.89,5.0,44.49,45.02,43.52,44.49,578738.57,290156.71,0.02,0.0
002177.SZ,20201113,week,5.08,5.28,4.93,5.02,5.05,5.04,5.23,4.89,4.98,44.84,46.61,43.52,44.31,818537.63,419247.79,-0.03,-0.01
002177.SZ,20201106,week,5.05,5.16,4.9,5.05,5.05,5.01,5.11,4.86,5.01,44.58,45.55,43.25,44.58,861814.14,435384.04,0.0,0.0
002177.SZ,20201030,week,5.37,5.49,5.04,5.05,5.34,5.32,5.44,5.0,5.01,47.4,48.46,44.49,44.58,892835.77,470099.9,-0.29,-0.05
002177.SZ,20201023,week,5.43,5.5,5.18,5.34,5.43,5.38,5.45,5.13,5.29,47.93,48.55,45.72,47.14,904969.85,482733.1,-0.09,-0.02
002177.SZ,20201016,week,5.69,5.84,5.35,5.43,5.43,5.64,5.79,5.3,5.38,50.23,51.55,47.23,47.93,1494865.74,842504.25,0.0,0.0
002177.SZ,20201009,week,5.27,5.61,5.24,5.43,5.14,5.22,5.56,5.19,5.38,46.52,49.52,46.25,47.93,340703.75,184727.58,0.29,0.06
002177.SZ,20201002,week,5.65,5.69,5.13,5.14,5.7,5.6,5.64,5.08,5.09,49.87,50.23,45.28,45.37,811926.44,434109.94,-0.56,-0.1
002177.SZ,20200925,week,5.72,6.03,5.57,5.7,5.67,5.67,5.98,5.52,5.65,50.49,53.23,49.17,50.32,2143981.99,1242373.46,0.03,0.01
002177.SZ,20200918,week,5.49,5.79,5.4,5.67,5.5,5.44,5.74,5.35,5.62,48.46,51.11,47.67,50.05,1440953.56,799212.45,0.17,0.03
002177.SZ,20200911,week,5.96,6.05,5.32,5.5,5.91,5.91,6.0,5.27,5.45,52.61,53.4,46.96,48.55,2316657.86,1329704.73,-0.41,-0.07
002177.SZ,20200904,week,6.3,6.63,5.77,5.91,6.18,6.24,6.57,5.72,5.86,55.61,58.52,50.93,52.17,3727854.16,2322476.64,-0.27,-0.04
002177.SZ,20200828,week,6.52,7.28,6.03,6.18,6.79,6.46,7.22,5.98,6.13,57.55,64.26,53.23,54.55,7117860.67,4760015.26,-0.61,-0.09
002177.SZ,20200821,week,5.5,7.36,5.45,6.79,5.29,5.45,7.29,5.4,6.73,48.55,64.97,48.11,59.94,8080821.27,5389237.17,1.5,0.28
002177.SZ,20200814,week,5.28,5.46,4.99,5.29,5.36,5.23,5.41,4.95,5.24,46.61,48.2,44.05,46.7,1649407.41,863862.51,-0.07,-0.01
002177.SZ,20200807,week,5.03,5.6,5.02,5.36,5.02,4.99,5.55,4.98,5.31,44.4,49.43,44.31,47.31,3044257.9,1625391.15,0.34,0.07
002177.SZ,20200731,week,5.05,5.25,4.91,5.02,4.9,5.01,5.2,4.87,4.98,44.58,46.34,43.34,44.31,2641988.58,1338654.41,0.12,0.02
002177.SZ,20200724,week,4.68,5.84,4.64,4.9,4.68,4.64,5.79,4.6,4.86,41.31,51.55,40.96,43.25,4051567.96,2150105.78,0.22,0.05
002177.SZ,20200717,week,4.8,5.03,4.52,4.68,4.81,4.76,4.99,4.48,4.64,42.37,44.4,39.9,41.31,1585164.72,764761.9,-0.13,-0.03
002177.SZ,20200710,week,4.39,5.03,4.36,4.81,4.34,4.35,4.99,4.32,4.77,38.75,44.4,38.49,42.46,2654338.94,1278782.46,0.47,0.11
002177.SZ,20200703,week,4.13,4.37,4.03,4.34,4.14,4.09,4.33,3.99,4.3,36.46,38.57,35.57,38.31,758145.92,319254.55,0.2,0.05
002177.SZ,20200626,week,4.15,4.19,4.09,4.14,4.15,4.11,4.15,4.05,4.1,36.63,36.99,36.1,36.54,217578.16,89975.85,-0.01,0.0
002177.SZ,20200619,week,4.13,4.22,4.11,4.15,4.16,4.09,4.18,4.07,4.11,36.46,37.25,36.28,36.63,360105.99,149855.83,-0.01,0.0
002177.SZ,20200612,week,4.33,4.34,4.06,4.16,4.31,4.29,4.3,4.02,4.12,38.22,38.31,35.84,36.72,332643.88,140182.42,-0.15,-0.03
002177.SZ,20200605,week,4.22,4.38,4.22,4.31,4.2,4.18,4.34,4.18,4.27,37.25,38.66,37.25,38.05,440011.28,189929.73,0.11,0.03
002177.SZ,20200529,week,4.22,4.34,4.14,4.2,4.23,4.18,4.3,4.1,4.16,37.25,38.31,36.54,37.07,346767.35,147100.27,-0.03,-0.01
002177.SZ,20200522,week,4.49,4.49,4.21,4.23,4.52,4.45,4.45,4.17,4.19,39.63,39.63,37.16,37.34,504388.69,219789.72,-0.29,-0.06
002177.SZ,20200515,week,4.5,4.68,4.33,4.52,4.5,4.46,4.64,4.29,4.48,39.72,41.31,38.22,39.9,886083.38,399907.59,0.02,0.0
002177.SZ,20200508,week,4.35,4.62,4.32,4.5,4.42,4.31,4.58,4.28,4.46,38.4,40.78,38.13,39.72,501954.16,225539.53,0.08,0.02
002177.SZ,20200501,week,4.81,4.96,4.25,4.42,4.85,4.77,4.92,4.21,4.38,42.46,43.78,37.52,39.02,985639.61,447221.92,-0.43,-0.09
002177.SZ,20200424,week,4.5,5.36,4.45,4.85,4.57,4.46,5.31,4.41,4.81,39.72,47.31,39.28,42.81,2492395.47,1237386.08,0.28,0.06
002177.SZ,20200417,week,4.48,4.86,4.34,4.57,4.47,4.44,4.82,4.3,4.53,39.55,42.9,38.31,40.34,1172726.9,539306.84,0.1,0.02
002177.SZ,20200410,week,4.53,4.78,4.46,4.47,4.4,4.49,4.74,4.42,4.43,39.99,42.19,39.37,39.46,727497.16,335224.86,0.07,0.02
002177.SZ,20200403,week,4.45,4.47,4.2,4.4,4.49,4.41,4.43,4.16,4.36,39.28,39.46,37.07,38.84,489628.2,212013.37,-0.09,-0.02
002177.SZ,20200327,week,4.51,4.67,4.42,4.49,4.61,4.47,4.63,4.38,4.45,39.81,41.22,39.02,39.63,610176.71,276753.92,-0.12,-0.03
002177.SZ,20200320,week,5.11,5.14,4.46,4.61,5.03,5.06,5.09,4.42,4.57,45.11,45.37,39.37,40.69,895582.61,421562.05,-0.42,-0.08
002177.SZ,20200313,week,5.32,5.45,4.7,5.03,5.39,5.27,5.4,4.66,4.99,46.96,48.11,41.49,44.4,1504908.78,776621.69,-0.36,-0.07
002177.SZ,20200306,week,5.02,5.63,5.02,5.39,5.0,4.98,5.58,4.98,5.34,44.31,49.7,44.31,47.58,1830719.65,988844.25,0.39,0.08
002177.SZ,20200228,week,5.38,5.65,4.93,5.0,5.44,5.33,5.6,4.89,4.96,47.49,49.87,43.52,44.14,2190016.88,1181949.52,-0.44,-0.08
002177.SZ,20200221,week,5.03,5.56,5.02,5.44,5.0,4.99,5.51,4.98,5.39,44.4,49.08,44.31,48.02,1753980.56,924254.6,0.44,0.09
002177.SZ,20200214,week,4.92,5.15,4.88,5.0,4.95,4.88,5.1,4.84,4.96,43.43,45.46,43.08,44.14,1240022.51,617259.59,0.05,0.01
002177.SZ,20200207,week,4.87,4.95,4.38,4.95,5.41,4.83,4.91,4.34,4.91,42.99,43.69,38.66,43.69,1324452.27,617731.85,-0.46,-0.09
002177.SZ,20200124,week,5.89,5.89,5.28,5.41,5.9,5.84,5.84,5.23,5.36,51.99,51.99,46.61,47.76,966393.58,546265.75,-0.49,-0.08
002177.SZ,20200117,week,5.99,6.09,5.84,5.9,6.02,5.94,6.04,5.79,5.85,52.87,53.76,51.55,52.08,1811028.36,1079059.5,-0.12,-0.02
002177.SZ,20200110,week,5.82,6.18,5.77,6.02,5.91,5.77,6.13,5.72,5.97,51.37,54.55,50.93,53.14,2428327.76,1437500.8,0.11,0.02
002177.SZ,20200103,week,5.45,5.96,5.35,5.91,5.47,5.4,5.91,5.3,5.86,48.11,52.61,47.22,52.17,1210404.61,686520.41,0.44,0.08
002177.SZ,20191227,week,5.57,5.67,5.33,5.47,5.55,5.52,5.62,5.28,5.42,49.17,50.05,47.05,48.28,864048.33,474784.55,-0.08,-0.01
002177.SZ,20191220,week,5.59,5.78,5.55,5.55,5.6,5.54,5.73,5.5,5.5,49.34,51.02,48.99,48.99,1351040.49,765437.35,-0.05,-0.01
002177.SZ,20191213,week,5.46,5.64,5.41,5.6,5.43,5.41,5.59,5.36,5.55,48.2,49.78,47.75,49.43,1065613.02,589089.99,0.17,0.03
002177.SZ,20191206,week,5.32,5.46,5.21,5.43,5.32,5.27,5.41,5.16,5.38,46.96,48.2,45.99,47.93,617372.37,330805.55,0.11,0.02
002177.SZ,20191129,week,5.48,5.48,5.2,5.32,5.47,5.43,5.43,5.15,5.27,48.37,48.37,45.9,46.96,675802.14,358288.29,-0.15,-0.03
002177.SZ,20191122,week,5.48,5.72,5.42,5.47,5.47,5.43,5.67,5.37,5.42,48.37,50.49,47.84,48.28,922016.58,513937.69,0.0,0.0
002177.SZ,20191115,week,5.88,5.89,5.46,5.47,5.95,5.83,5.84,5.41,5.42,51.9,51.99,48.2,48.28,1310612.7,750594.59,-0.48,-0.08
002177.SZ,20191108,week,6.04,6.13,5.69,5.95,5.96,5.99,6.08,5.64,5.9,53.32,54.11,50.23,52.52,2429015.41,1446583.48,-0.01,0.0
002177.SZ,20191101,week,6.85,7.54,5.85,5.96,6.23,6.79,7.47,5.8,5.91,60.46,66.56,51.64,52.61,5161220.83,3493788.3,-0.27,-0.04
002177.SZ,20191025,week,5.73,6.39,5.55,6.23,5.75,5.68,6.33,5.5,6.17,50.58,56.4,48.99,54.99,2914980.13,1783445.27,0.48,0.08
002177.SZ,20191018,week,6.37,6.87,5.75,5.75,6.14,6.31,6.81,5.7,5.7,56.23,60.64,50.76,50.76,4486798.77,2830881.86,-0.39,-0.06
002177.SZ,20191011,week,5.39,6.36,5.39,6.14,5.39,5.34,6.3,5.34,6.09,47.58,56.14,47.58,54.2,2432387.22,1461407.74,0.75,0.14
002177.SZ,20191004,week,5.65,5.72,5.38,5.39,5.64,5.6,5.67,5.33,5.34,49.87,50.49,47.49,47.58,265148.0,147183.05,-0.25,-0.04
002177.SZ,20190927,week,5.94,6.47,5.58,5.64,5.95,5.89,6.41,5.53,5.59,52.43,57.11,49.25,49.78,2922075.41,1762746.84,-0.31,-0.05
002177.SZ,20190920,week,6.15,6.47,5.9,5.95,6.14,6.1,6.41,5.85,5.9,54.29,57.11,52.08,52.52,2282427.2,1406099.15,-0.19,-0.03
002177.SZ,20190913,week,6.02,6.49,5.95,6.14,5.96,5.97,6.43,5.9,6.09,53.14,57.29,52.52,54.2,2633566.8,1625459.62,0.18,0.03
002177.SZ,20190906,week,5.61,6.25,5.61,5.96,5.67,5.56,6.19,5.56,5.91,49.52,55.17,49.52,52.61,2410664.19,1419806.0,0.29,0.05
002177.SZ,20190830,week,5.31,6.1,5.25,5.67,5.57,5.26,6.05,5.2,5.62,46.87,53.84,46.34,50.05,2663942.89,1508046.3,0.1,0.02
002177.SZ,20190823,week,5.23,5.94,5.14,5.57,5.11,5.18,5.89,5.09,5.52,46.17,52.43,45.37,49.17,2042013.34,1121857.03,0.46,0.09
002177.SZ,20190816,week,5.13,5.25,4.87,5.11,5.08,5.08,5.2,4.83,5.06,45.28,46.34,42.99,45.11,849913.17,435736.85,0.03,0.01
002177.SZ,20190809,week,5.29,5.53,4.9,5.08,5.31,5.24,5.48,4.86,5.03,46.69,48.81,43.25,44.84,979416.2,504544.36,-0.23,-0.04
002177.SZ,20190802,week,5.65,5.74,5.21,5.31,5.63,5.6,5.69,5.16,5.26,49.87,50.67,45.99,46.87,780606.04,430411.21,-0.32,-0.06
002177.SZ,20190726,week,5.78,5.79,5.41,5.63,5.79,5.73,5.74,5.36,5.58,51.02,51.11,47.75,49.7,923064.8,518376.06,-0.16,-0.03
002177.SZ,20190719,week,6.0,6.08,5.7,5.79,5.99,5.95,6.03,5.65,5.74,52.96,53.67,50.31,51.11,1700028.71,1001324.57,-0.2,-0.03
002177.SZ,20190712,week,5.77,6.33,5.38,5.99,5.77,5.72,6.27,5.33,5.94,50.93,55.87,47.49,52.87,2874919.87,1715241.17,0.22,0.04
002177.SZ,20190705,week,6.09,6.23,5.68,5.77,5.97,6.04,6.17,5.63,5.72,53.76,54.99,50.14,50.93,1565634.25,933738.78,-0.2,-0.03
002177.SZ,20190628,week,6.6,6.85,5.86,5.97,6.53,6.54,6.79,5.81,5.92,58.26,60.46,51.73,52.7,4650136.19,2989805.89,-0.56,-0.09
002177.SZ,20190621,week,5.63,6.56,5.45,6.53,5.56,5.58,6.5,5.4,6.47,49.7,57.91,48.11,57.64,3405733.79,2046642.78,0.97,0.17
002177.SZ,20190614,week,5.37,5.83,5.21,5.56,5.28,5.32,5.78,5.16,5.51,47.4,51.46,45.99,49.08,1701109.52,945376.09,0.28,0.05
002177.SZ,20190607,week,6.19,6.29,5.2,5.28,6.16,6.14,6.23,5.15,5.23,54.64,55.52,45.9,46.61,1722763.23,991718.07,-0.88,-0.14
002177.SZ,20190531,week,6.35,6.94,6.09,6.16,6.26,6.29,6.88,6.04,6.11,56.05,61.26,53.76,54.37,4934204.27,3189717.9,-0.1,-0.02
002177.SZ,20190524,week,5.69,6.28,5.53,6.26,5.54,5.64,6.22,5.48,6.2,50.23,55.43,48.81,55.26,3073818.65,1824855.6,0.72,0.13
002177.SZ,20190517,week,5.57,6.59,5.46,5.54,5.46,5.52,6.53,5.41,5.49,49.17,58.17,48.2,48.9,4192772.8,2529021.01,0.08,0.01
002177.SZ,20190510,week,5.44,5.54,5.01,5.46,5.57,5.39,5.49,4.97,5.41,48.02,48.9,44.22,48.2,3004268.25,1579893.51,-0.11,-0.02
002177.SZ,20190503,week,6.18,6.5,5.47,5.57,6.03,6.13,6.44,5.42,5.52,54.55,57.38,48.28,49.17,1470050.79,874745.28,-0.46,-0.08
002177.SZ,20190426,week,6.51,6.52,5.77,6.03,6.53,6.45,6.46,5.72,5.98,57.46,57.55,50.93,53.23,2773434.9,1703055.55,-0.5,-0.08
002177.SZ,20190419,week,6.61,6.99,6.26,6.53,6.5,6.55,6.93,6.2,6.47,58.35,61.7,55.26,57.64,3865582.98,2556331.3,0.03,0.0
002177.SZ,20190412,week,7.95,8.58,6.4,6.5,8.17,7.88,8.5,6.34,6.44,70.17,75.74,56.49,57.38,8635344.59,6450250.02,-1.67,-0.2
002177.SZ,20190405,week,6.14,8.17,6.14,8.17,5.58,6.09,8.1,6.09,8.1,54.2,72.12,54.2,72.12,5741077.7,4325373.29,2.59,0.46
002177.SZ,20190329,week,4.5,5.58,4.4,5.58,4.63,4.46,5.53,4.36,5.53,39.72,49.25,38.84,49.25,4862775.66,2430030.53,0.95,0.21
002177.SZ,20190322,week,4.61,4.91,4.35,4.63,4.78,4.57,4.87,4.31,4.59,40.69,43.34,38.4,40.87,2294631.25,1052887.42,-0.15,-0.03
002177.SZ,20190315,week,4.35,5.01,4.18,4.78,4.15,4.31,4.97,4.14,4.74,38.4,44.22,36.9,42.19,2993997.02,1383548.46,0.63,0.15
002177.SZ,20190308,week,4.19,4.75,4.06,4.15,4.08,4.15,4.71,4.02,4.11,36.99,41.93,35.84,36.63,2643657.55,1148490.97,0.07,0.02
002177.SZ,20190301,week,4.24,4.79,3.95,4.08,3.85,4.2,4.75,3.92,4.04,37.43,42.28,34.87,36.01,2888470.56,1253490.25,0.23,0.06
002177.SZ,20190222,week,3.29,3.85,3.29,3.85,3.29,3.26,3.82,3.26,3.82,29.04,33.98,29.04,33.98,897492.1,317486.36,0.56,0.17
002177.SZ,20190215,week,3.08,3.33,3.06,3.29,3.05,3.05,3.3,3.03,3.26,27.19,29.39,27.01,29.04,384579.83,124529.33,0.24,0.08
002177.SZ,20190201,week,3.76,3.76,2.92,3.05,3.42,3.73,3.73,2.89,3.02,33.19,33.19,25.77,26.92,833804.1,279978.89,-0.37,-0.11
002177.SZ,20190125,week,3.37,3.51,3.25,3.42,3.38,3.34,3.48,3.22,3.39,29.75,30.98,28.69,30.19,401023.99,135382.45,0.04,0.01
002177.SZ,20190118,week,3.42,3.54,3.33,3.38,3.43,3.39,3.51,3.3,3.35,30.19,31.25,29.39,29.84,422727.28,145046.39,-0.05,-0.01
002177.SZ,20190111,week,3.31,3.52,3.28,3.43,3.32,3.28,3.49,3.25,3.4,29.22,31.07,28.95,30.28,495474.95,169080.82,0.11,0.03
002177.SZ,20190104,week,3.2,3.37,3.11,3.32,3.18,3.17,3.34,3.08,3.29,28.25,29.75,27.45,29.31,166864.42,54205.71,0.14,0.04
002177.SZ,20181228,week,3.32,3.44,3.16,3.18,3.34,3.29,3.41,3.13,3.15,29.31,30.36,27.89,28.07,356303.81,117647.56,-0.16,-0.05
002177.SZ,20181221,week,3.25,3.48,3.25,3.34,3.26,3.22,3.45,3.22,3.31,28.69,30.72,28.69,29.48,439547.37,148113.89,0.08,0.02
002177.SZ,20181214,week,3.4,3.48,3.23,3.26,3.42,3.37,3.45,3.2,3.23,30.01,30.72,28.51,28.78,315275.03,107429.96,-0.16,-0.05
002177.SZ,20181207,week,3.49,3.68,3.4,3.42,3.41,3.46,3.65,3.37,3.39,30.81,32.48,30.01,30.19,726591.4,256140.69,0.01,0.0
002177.SZ,20181130,week,3.58,3.69,3.29,3.41,3.56,3.55,3.66,3.26,3.38,31.6,32.57,29.04,30.1,880483.33,311257.08,-0.15,-0.04
002177.SZ,20181123,week,4.52,4.52,3.56,3.56,4.11,4.48,4.48,3.53,3.53,39.9,39.9,31.42,31.42,2311114.62,937529.11,-0.55,-0.13
002177.SZ,20181116,week,3.11,4.11,3.1,4.11,3.14,3.08,4.07,3.07,4.07,27.45,36.28,27.36,36.28,1233233.74,449185.76,0.97,0.31
002177.SZ,20181109,week,3.04,3.28,2.97,3.14,3.04,3.01,3.25,2.94,3.11,26.83,28.95,26.22,27.72,462386.43,143544.81,0.1,0.03
002177.SZ,20181102,week,2.93,3.06,2.83,3.04,2.91,2.9,3.03,2.8,3.01,25.86,27.01,24.98,26.83,263255.42,78136.05,0.13,0.04
002177.SZ,20181026,week,2.75,3.05,2.73,2.91,2.71,2.73,3.02,2.71,2.88,24.27,26.92,24.1,25.69,240150.74,69041.26,0.2,0.07
002177.SZ,20181019,week,2.83,2.83,2.56,2.71,2.81,2.8,2.8,2.54,2.69,24.98,24.98,22.6,23.92,170911.37,46232.17,-0.1,-0.04
002177.SZ,20181012,week,3.32,3.37,2.65,2.81,3.38,3.29,3.34,2.63,2.79,29.31,29.75,23.39,24.8,202672.21,61947.71,-0.57,-0.17
002177.SZ,20180928,week,3.43,3.48,3.35,3.38,3.44,3.4,3.45,3.32,3.35,30.28,30.72,29.57,29.84,129689.4,44438.51,-0.06,-0.02
002177.SZ,20180921,week,3.42,3.46,3.3,3.44,3.42,3.39,3.43,3.27,3.41,30.19,30.54,29.13,30.36,184681.08,62506.09,0.02,0.01
002177.SZ,20180914,week,3.46,3.46,3.32,3.42,3.45,3.43,3.43,3.29,3.39,30.54,30.54,29.31,30.19,149438.15,50822.17,-0.03,-0.01
002177.SZ,20180907,week,3.4,3.52,3.36,3.45,3.4,3.37,3.49,3.33,3.42,30.01,31.07,29.66,30.45,212554.75,73352.91,0.05,0.01
002177.SZ,20180831,week,3.44,3.55,3.37,3.4,3.45,3.41,3.52,3.34,3.37,30.36,31.34,29.75,30.01,177603.02,61721.43,-0.05,-0.01
002177.SZ,20180824,week,3.4,3.52,3.36,3.45,3.41,3.37,3.49,3.33,3.42,30.01,31.07,29.66,30.45,133503.19,45970.49,0.04,0.01
002177.SZ,20180817,week,3.58,3.67,3.4,3.41,3.66,3.55,3.64,3.37,3.38,31.6,32.4,30.01,30.1,198250.05,70493.76,-0.25,-0.07
002177.SZ,20180810,week,3.52,3.67,3.44,3.66,3.51,3.49,3.64,3.41,3.63,31.07,32.4,30.36,32.31,195575.5,69744.9,0.15,0.04
002177.SZ,20180803,week,3.79,3.8,3.47,3.51,3.79,3.76,3.77,3.44,3.48,33.45,33.54,30.63,30.98,204750.29,74889.2,-0.28,-0.07
002177.SZ,20180727,week,3.7,3.89,3.65,3.79,3.66,3.67,3.86,3.62,3.76,32.66,34.34,32.22,33.45,306301.35,116373.82,0.13,0.04
002177.SZ,20180720,week,3.69,3.74,3.58,3.66,3.71,3.66,3.71,3.55,3.63,32.57,33.01,31.6,32.31,168625.11,61858.68,-0.05,-0.01
002177.SZ,20180713,week,3.61,3.72,3.51,3.71,3.62,3.58,3.69,3.48,3.68,31.87,32.84,30.98,32.75,190567.97,69399.09,0.09,0.02
002177.SZ,20180706,week,3.78,3.85,3.48,3.62,3.77,3.74,3.81,3.45,3.59,33.28,33.89,30.72,31.95,216115.54,80194.28,-0.15,-0.04
