股票代码,交易日期,freq,开盘价,最高价,最低价,close,昨收价【除权价，前复权】,open_qfq,high_qfq,low_qfq,close_qfq,open_hfq,high_hfq,low_hfq,close_hfq,成交量,成交额（千元）,涨跌额,涨跌幅 【基于除权后的昨收计算的涨跌幅：（今收-除权昨收）/除权昨收 】
600055.SH,20250704,week,17.28,17.45,17.06,17.14,17.35,17.28,17.45,17.06,17.14,260.69,263.26,257.38,258.58,108083.87,186344.56,-0.21,-0.01
600055.SH,20250627,week,17.04,17.8,16.95,17.35,17.02,17.04,17.8,16.95,17.35,257.07,268.54,255.72,261.75,205334.86,356002.29,0.33,0.02
600055.SH,20250620,week,17.38,17.57,16.83,17.02,17.41,17.38,17.57,16.83,17.02,262.2,265.07,253.91,256.77,236383.14,405271.68,-0.39,-0.02
600055.SH,20250613,week,17.97,18.37,17.35,17.41,17.97,17.97,18.37,17.35,17.41,271.1,277.14,261.75,262.66,255631.13,457694.91,-0.56,-0.03
600055.SH,20250606,week,18.45,18.88,17.93,17.97,18.42,18.45,18.88,17.93,17.97,278.35,284.83,270.5,271.1,254780.35,470399.9,-0.45,-0.02
600055.SH,20250530,week,18.4,18.62,18.08,18.42,18.41,18.4,18.62,18.08,18.42,277.59,280.91,272.76,277.89,229510.72,420984.36,0.01,0.0
600055.SH,20250523,week,17.36,18.88,17.27,18.41,17.22,17.36,18.88,17.27,18.41,261.9,284.83,260.54,277.74,402824.74,732185.64,1.19,0.07
600055.SH,20250516,week,17.38,18.03,17.15,17.22,17.3,17.25,17.89,17.1,17.22,260.23,269.96,257.98,259.79,278804.79,488712.62,-0.08,0.0
600055.SH,20250509,week,17.5,17.7,17.03,17.3,17.55,17.37,17.57,16.9,17.17,262.03,265.02,254.99,259.03,209863.28,364550.01,-0.25,-0.01
600055.SH,20250502,week,17.48,17.86,17.12,17.55,17.58,17.35,17.73,16.99,17.42,261.73,267.42,256.34,262.78,192296.97,335572.8,-0.03,0.0
600055.SH,20250425,week,17.12,17.88,17.03,17.58,17.14,16.99,17.75,16.9,17.45,256.34,267.72,254.99,263.23,236435.21,415323.49,0.44,0.03
600055.SH,20250418,week,17.29,17.6,16.87,17.14,17.18,17.16,17.47,16.74,17.01,258.88,263.52,252.59,256.64,294624.7,509065.63,-0.04,0.0
600055.SH,20250411,week,16.67,17.38,14.98,17.18,17.19,16.54,17.25,14.87,17.05,249.6,260.23,224.3,257.24,555428.22,898003.38,-0.01,0.0
600055.SH,20250404,week,16.89,17.6,16.45,17.19,16.88,16.76,17.47,16.33,17.06,252.89,263.52,246.31,257.39,231179.03,395703.24,0.31,0.02
600055.SH,20250328,week,17.15,17.8,16.52,16.88,16.81,17.02,17.67,16.4,16.75,256.79,266.52,247.35,252.74,389803.21,665125.16,0.07,0.0
600055.SH,20250321,week,17.3,17.44,16.76,16.81,17.36,17.17,17.31,16.63,16.68,259.03,261.13,250.95,251.7,268344.48,458129.01,-0.55,-0.03
600055.SH,20250314,week,18.65,18.72,16.85,17.36,17.57,18.51,18.58,16.72,17.23,279.25,280.29,252.3,259.93,527753.35,923873.17,-0.21,-0.01
600055.SH,20250307,week,17.5,18.15,17.25,17.57,17.33,17.37,18.01,17.12,17.44,262.03,271.76,258.28,263.08,404223.89,717187.9,0.24,0.01
600055.SH,20250228,week,18.94,18.94,17.22,17.33,18.9,18.8,18.8,17.09,17.2,283.59,283.59,257.84,259.48,545709.07,982523.83,-1.57,-0.08
600055.SH,20250221,week,18.3,19.28,17.61,18.9,17.22,18.16,19.13,17.48,18.76,274.01,288.68,263.67,282.99,1257241.3,2308481.69,1.68,0.1
600055.SH,20250214,week,16.25,17.45,15.89,17.22,16.25,16.13,17.32,15.77,17.09,243.31,261.28,237.92,257.84,630910.34,1044051.35,0.97,0.06
600055.SH,20250207,week,14.65,16.55,14.45,16.25,14.41,14.54,16.43,14.34,16.13,219.35,247.8,216.36,243.31,337028.05,527268.02,1.84,0.13
600055.SH,20250131,week,14.55,14.84,14.36,14.41,14.51,14.44,14.73,14.25,14.3,217.86,222.2,215.01,215.76,52326.0,76340.99,-0.1,-0.01
600055.SH,20250124,week,14.5,14.65,14.14,14.51,14.41,14.39,14.54,14.03,14.4,217.11,219.35,211.72,217.26,195329.7,282122.05,0.1,0.01
600055.SH,20250117,week,13.84,14.6,13.75,14.41,13.9,13.74,14.49,13.65,14.3,207.23,218.61,205.88,215.76,199994.16,285772.27,0.51,0.04
600055.SH,20250110,week,14.51,14.98,13.88,13.9,14.44,14.4,14.87,13.78,13.8,217.26,224.3,207.83,208.12,233131.2,334835.11,-0.54,-0.04
600055.SH,20250103,week,15.4,15.65,14.37,14.44,15.53,15.28,15.53,14.26,14.33,230.58,234.33,215.16,216.21,184833.22,277122.88,-1.09,-0.07
600055.SH,20241227,week,16.2,16.32,15.26,15.53,16.26,16.08,16.2,15.15,15.41,242.56,244.36,228.49,232.53,235696.49,369114.59,-0.73,-0.04
600055.SH,20241220,week,16.82,16.97,16.0,16.26,16.79,16.69,16.84,15.88,16.14,251.85,254.09,239.57,243.46,265208.03,435334.25,-0.53,-0.03
600055.SH,20241213,week,18.09,18.1,16.78,16.79,17.96,17.95,17.96,16.65,16.66,270.86,271.01,251.25,251.4,430243.6,754393.51,-1.17,-0.07
600055.SH,20241206,week,17.11,18.2,17.0,17.96,17.13,16.98,18.06,16.87,17.82,256.19,272.51,254.54,268.92,459732.9,805959.77,0.83,0.05
600055.SH,20241129,week,18.09,18.2,16.49,17.13,16.72,17.95,18.06,16.37,17.0,270.86,272.51,246.9,256.49,422323.98,723575.47,0.41,0.02
600055.SH,20241122,week,17.82,17.98,16.32,16.72,17.69,17.69,17.84,16.2,16.59,266.82,269.21,244.36,250.35,552272.25,947212.28,-0.97,-0.05
600055.SH,20241115,week,15.88,18.46,15.8,17.69,15.92,15.76,18.32,15.68,17.56,237.77,276.4,236.57,264.87,941550.13,1637942.06,1.77,0.11
600055.SH,20241108,week,13.84,16.32,13.84,15.92,13.87,13.74,16.2,13.74,15.8,207.23,244.36,207.23,238.37,533237.29,810176.4,2.05,0.15
600055.SH,20241101,week,14.29,15.25,13.81,13.87,14.29,14.18,15.14,13.71,13.77,213.96,228.34,206.78,207.68,433850.87,630276.28,-0.42,-0.03
600055.SH,20241025,week,13.83,14.33,13.6,14.29,13.83,13.73,14.22,13.5,14.18,207.08,214.56,203.63,213.96,327630.96,456277.54,0.46,0.03
600055.SH,20241018,week,13.8,14.25,13.13,13.83,13.78,13.7,14.14,13.03,13.73,206.63,213.37,196.6,207.08,314260.4,427616.69,0.05,0.0
600055.SH,20241011,week,16.59,16.6,13.61,13.78,15.09,16.47,16.48,13.51,13.68,248.4,248.55,203.78,206.33,526484.16,798081.82,-1.31,-0.09
600055.SH,20241004,week,14.38,15.14,14.3,15.09,13.78,14.27,15.03,14.19,14.98,215.31,226.69,214.11,225.94,184545.01,272845.13,1.31,0.1
600055.SH,20240927,week,12.17,13.8,12.01,13.78,12.07,12.08,13.7,11.92,13.68,182.22,206.63,179.83,206.33,241281.06,309904.69,1.71,0.14
600055.SH,20240920,week,12.06,12.3,11.81,12.07,12.02,11.97,12.21,11.72,11.98,180.57,184.17,176.83,180.72,71588.37,86225.82,0.05,0.0
600055.SH,20240913,week,12.4,12.55,11.96,12.02,12.22,12.31,12.46,11.87,11.93,185.67,187.91,179.08,179.98,105325.38,129098.24,-0.2,-0.02
600055.SH,20240906,week,12.6,12.7,12.2,12.22,12.63,12.51,12.6,12.11,12.13,188.66,190.16,182.67,182.97,114159.66,141802.01,-0.41,-0.03
600055.SH,20240830,week,11.97,12.75,11.81,12.63,11.96,11.88,12.65,11.72,12.53,179.23,190.91,176.83,189.11,129464.48,158263.04,0.67,0.06
600055.SH,20240823,week,12.56,12.62,11.91,11.96,12.42,12.47,12.53,11.82,11.87,188.06,188.96,178.33,179.08,122131.94,149793.69,-0.46,-0.04
600055.SH,20240816,week,12.71,12.87,12.3,12.42,12.65,12.61,12.77,12.21,12.33,190.31,192.7,184.17,185.96,122223.0,153156.91,-0.23,-0.02
600055.SH,20240809,week,12.45,12.92,12.28,12.65,12.5,12.36,12.82,12.19,12.55,186.41,193.45,183.87,189.41,149584.48,189170.35,0.15,0.01
600055.SH,20240802,week,11.94,12.78,11.66,12.5,11.94,11.85,12.68,11.57,12.41,178.78,191.35,174.59,187.16,171151.93,210768.63,0.56,0.05
600055.SH,20240726,week,12.21,12.56,11.52,11.94,12.21,12.12,12.47,11.43,11.85,182.82,188.06,172.49,178.78,167978.94,202361.89,-0.27,-0.02
600055.SH,20240719,week,12.29,12.34,11.81,12.21,12.34,12.2,12.25,11.72,12.12,184.02,184.77,176.83,182.82,150282.53,181040.46,-0.13,-0.01
600055.SH,20240712,week,12.38,12.44,11.62,12.34,12.27,12.29,12.35,11.53,12.25,185.37,186.26,173.99,184.77,143621.5,173372.07,0.07,0.01
600055.SH,20240705,week,12.35,12.52,11.85,12.27,12.35,12.26,12.43,11.76,12.18,184.92,187.46,177.43,183.72,131670.28,160781.39,-0.08,-0.01
600055.SH,20240628,week,12.92,12.93,12.03,12.35,12.92,12.82,12.83,11.94,12.26,193.46,193.6,180.13,184.92,184285.21,229207.19,-0.57,-0.04
600055.SH,20240621,week,13.5,13.67,12.77,12.92,13.58,13.4,13.57,12.67,12.82,202.14,204.69,191.21,193.46,157025.72,206707.97,-0.66,-0.05
600055.SH,20240614,week,13.39,13.95,13.3,13.58,13.46,13.29,13.85,13.2,13.48,200.49,208.88,199.14,203.34,123135.85,167737.48,0.12,0.01
600055.SH,20240607,week,14.28,14.28,13.3,13.46,14.23,14.17,14.17,13.2,13.36,213.82,213.82,199.14,201.54,159903.56,219736.25,-0.77,-0.05
600055.SH,20240531,week,14.21,14.3,13.71,14.23,14.21,14.1,14.19,13.61,14.12,212.77,214.12,205.28,213.07,138717.99,195036.9,0.02,0.0
600055.SH,20240524,week,14.58,14.83,14.21,14.21,14.61,14.47,14.72,14.1,14.1,218.31,222.05,212.77,212.77,189016.93,273780.64,-0.4,-0.03
600055.SH,20240517,week,15.15,15.23,14.36,14.61,15.2,14.9,14.98,14.25,14.5,224.83,226.01,215.02,218.76,186480.97,276438.89,-0.59,-0.04
600055.SH,20240510,week,15.16,15.79,15.16,15.2,15.0,14.91,15.53,14.91,14.95,224.97,234.32,224.97,225.57,260004.54,401487.05,0.2,0.01
600055.SH,20240503,week,15.59,15.59,14.81,15.0,15.58,15.34,15.34,14.57,14.75,231.36,231.36,219.78,222.6,169096.74,255209.6,-0.58,-0.04
600055.SH,20240426,week,14.43,15.66,14.32,15.58,14.44,14.19,15.4,14.09,15.33,214.14,232.39,212.51,231.21,226833.36,341195.15,1.14,0.08
600055.SH,20240419,week,14.4,14.97,13.81,14.44,14.48,14.16,14.73,13.58,14.2,213.7,222.15,204.94,214.29,284106.01,408237.17,-0.04,0.0
600055.SH,20240412,week,14.89,14.98,14.29,14.48,14.84,14.65,14.74,14.06,14.24,220.97,222.3,212.06,214.88,190406.63,277499.73,-0.36,-0.02
600055.SH,20240405,week,14.62,15.3,14.62,14.84,14.6,14.38,15.05,14.38,14.6,216.96,227.05,216.96,220.23,132986.18,199176.02,0.24,0.02
600055.SH,20240329,week,15.6,15.81,14.39,14.6,15.65,15.35,15.55,14.15,14.36,231.5,234.62,213.55,216.66,258338.83,387047.19,-1.05,-0.07
600055.SH,20240322,week,15.26,16.52,15.14,15.65,15.21,15.01,16.25,14.89,15.39,226.46,245.16,224.68,232.25,383772.31,610330.07,0.44,0.03
600055.SH,20240315,week,14.75,15.44,14.69,15.21,14.75,14.51,15.19,14.45,14.96,218.89,229.13,218.0,225.72,248458.75,374717.56,0.46,0.03
600055.SH,20240308,week,15.3,15.44,14.56,14.75,15.15,15.05,15.19,14.32,14.51,227.05,229.13,216.07,218.89,214159.54,321679.98,-0.4,-0.03
600055.SH,20240301,week,14.47,15.65,14.41,15.15,14.55,14.23,15.39,14.17,14.9,214.73,232.25,213.84,224.83,322468.18,482097.67,0.6,0.04
600055.SH,20240223,week,14.93,15.0,13.83,14.55,14.72,14.69,14.75,13.6,14.31,221.56,222.6,205.24,215.92,335053.4,478573.22,-0.17,-0.01
600055.SH,20240209,week,12.4,15.07,11.23,14.72,12.48,12.2,14.82,11.05,14.48,184.02,223.64,166.65,218.44,500003.62,654489.31,2.24,0.18
600055.SH,20240202,week,15.0,15.16,12.11,12.48,14.96,14.75,14.91,11.91,12.28,222.6,224.97,179.71,185.2,329130.78,443654.27,-2.48,-0.17
600055.SH,20240126,week,15.17,15.38,13.93,14.96,15.18,14.92,15.13,13.7,14.72,225.12,228.24,206.72,222.01,247711.86,362465.11,-0.22,-0.01
600055.SH,20240119,week,16.19,16.27,14.59,15.18,16.3,15.93,16.0,14.35,14.93,240.26,241.45,216.52,225.27,243491.68,377533.94,-1.12,-0.07
600055.SH,20240112,week,17.55,17.62,16.22,16.3,17.63,17.26,17.33,15.95,16.03,260.44,261.48,240.7,241.89,185037.66,312374.07,-1.33,-0.08
600055.SH,20240105,week,17.02,18.15,16.98,17.63,17.08,16.74,17.85,16.7,17.34,252.58,269.35,251.98,261.63,216348.7,382704.82,0.55,0.03
600055.SH,20231229,week,16.15,17.12,15.92,17.08,16.13,15.89,16.84,15.66,16.8,239.67,254.06,236.25,253.47,213132.86,350902.47,0.95,0.06
600055.SH,20231222,week,16.9,17.03,16.06,16.13,16.99,16.62,16.75,15.8,15.87,250.8,252.73,238.33,239.37,141896.48,234080.47,-0.86,-0.05
600055.SH,20231215,week,17.45,18.26,16.93,16.99,17.44,17.16,17.96,16.65,16.71,258.96,270.98,251.24,252.13,191544.66,336724.7,-0.45,-0.03
600055.SH,20231208,week,17.94,17.95,17.03,17.44,17.93,17.65,17.66,16.75,17.16,266.23,266.38,252.73,258.81,178134.34,310516.63,-0.49,-0.03
600055.SH,20231201,week,18.23,18.3,17.64,17.93,18.23,17.93,18.0,17.35,17.64,270.53,271.57,261.78,266.08,169469.52,304541.19,-0.3,-0.02
600055.SH,20231124,week,18.0,18.34,17.88,18.23,17.99,17.71,18.04,17.59,17.93,267.12,272.17,265.34,270.53,144684.48,262482.4,0.24,0.01
600055.SH,20231117,week,18.0,18.1,17.49,17.99,17.92,17.71,17.8,17.2,17.7,267.12,268.6,259.55,266.97,155125.56,275896.45,0.07,0.0
600055.SH,20231110,week,18.0,18.57,17.81,17.92,17.87,17.71,18.27,17.52,17.63,267.12,275.58,264.3,265.93,180123.66,329129.12,0.05,0.0
600055.SH,20231103,week,17.66,18.16,17.59,17.87,17.82,17.37,17.86,17.3,17.58,262.07,269.49,261.04,265.19,141104.45,252851.33,0.05,0.0
600055.SH,20231027,week,16.98,17.91,16.65,17.82,17.01,16.7,17.62,16.38,17.53,251.98,265.78,247.09,264.45,169882.25,291252.25,0.81,0.05
600055.SH,20231020,week,18.75,18.95,16.95,17.01,18.68,18.44,18.64,16.67,16.73,278.25,281.22,251.54,252.43,201744.3,358481.11,-1.67,-0.09
600055.SH,20231013,week,18.51,18.69,17.68,18.68,18.5,18.21,18.38,17.39,18.37,274.69,277.36,262.37,277.21,191795.74,350994.07,0.18,0.01
600055.SH,20230929,week,18.61,18.85,18.3,18.5,18.63,18.31,18.54,18.0,18.2,276.17,279.73,271.57,274.54,115855.43,214650.48,-0.13,-0.01
600055.SH,20230922,week,18.88,18.9,17.98,18.63,18.47,18.57,18.59,17.69,18.33,280.18,280.48,266.82,276.47,151711.84,280485.19,0.16,0.01
600055.SH,20230915,week,18.18,18.8,18.1,18.47,18.07,17.88,18.49,17.8,18.17,269.79,278.99,268.6,274.09,145844.15,269288.38,0.4,0.02
600055.SH,20230908,week,18.51,18.62,17.98,18.07,18.5,18.21,18.32,17.69,17.77,274.69,276.32,266.82,268.16,129509.57,236557.29,-0.43,-0.02
600055.SH,20230901,week,18.32,19.16,17.5,18.5,17.22,18.02,18.85,17.21,18.2,271.87,284.33,259.7,274.54,283048.27,524960.98,1.28,0.07
600055.SH,20230825,week,17.89,18.13,16.96,17.22,17.75,17.6,17.83,16.68,16.94,265.49,269.05,251.69,255.54,166136.07,290257.19,-0.53,-0.03
600055.SH,20230818,week,18.81,18.9,17.73,17.75,18.81,18.5,18.59,17.44,17.46,279.14,280.48,263.11,263.41,150745.21,276610.19,-1.06,-0.06
600055.SH,20230811,week,19.66,19.66,18.21,18.81,19.64,19.34,19.34,17.91,18.5,291.75,291.75,270.24,279.14,244617.32,460007.82,-0.83,-0.04
600055.SH,20230804,week,20.5,20.6,19.63,19.64,20.47,20.17,20.26,19.31,19.32,304.22,305.7,291.31,291.46,185231.04,370926.13,-0.83,-0.04
600055.SH,20230728,week,20.5,20.99,19.97,20.47,19.92,20.17,20.65,19.64,20.14,304.22,311.49,296.35,303.77,230295.82,469118.14,0.55,0.03
600055.SH,20230721,week,20.09,20.17,19.61,19.92,20.09,19.76,19.84,19.29,19.59,298.14,299.32,291.01,295.61,128527.51,255635.52,-0.17,-0.01
600055.SH,20230714,week,20.16,20.65,20.06,20.09,20.15,19.83,20.31,19.73,19.76,299.17,306.45,297.69,298.14,141108.97,285728.93,-0.06,0.0
600055.SH,20230707,week,20.88,20.97,20.05,20.15,20.83,20.54,20.63,19.72,19.82,309.86,311.19,297.54,299.03,227040.59,462074.16,-0.68,-0.03
600055.SH,20230630,week,19.99,21.29,19.93,20.83,19.99,19.66,20.94,19.6,20.49,296.65,315.94,295.76,309.12,266243.46,550266.54,0.84,0.04
600055.SH,20230623,week,20.61,20.72,19.95,19.99,20.6,20.27,20.38,19.62,19.66,305.85,307.48,296.06,296.65,96648.88,195857.63,-0.61,-0.03
600055.SH,20230616,week,20.37,20.81,20.07,20.6,20.21,20.04,20.47,19.74,20.26,302.29,308.82,297.84,305.7,135252.56,275859.36,0.39,0.02
600055.SH,20230609,week,21.26,21.29,19.76,20.21,21.25,20.91,20.94,19.44,19.88,315.5,315.94,293.24,299.92,201441.27,409476.34,-1.04,-0.05
600055.SH,20230602,week,21.66,21.85,21.01,21.25,21.49,21.3,21.49,20.67,20.9,321.41,324.23,311.79,315.35,141011.34,301656.97,-0.24,-0.01
600055.SH,20230526,week,22.4,22.8,21.13,21.61,22.32,21.91,22.3,20.67,21.14,330.55,336.45,311.81,318.89,214647.63,471956.24,-0.71,-0.03
600055.SH,20230519,week,22.29,22.47,21.75,22.32,22.29,21.8,21.98,21.27,21.83,328.93,331.58,320.96,329.37,172485.91,381962.69,0.03,0.0
600055.SH,20230512,week,22.3,22.75,21.84,22.29,22.07,21.81,22.25,21.36,21.8,329.07,335.71,322.29,328.93,204280.34,453492.54,0.22,0.01
600055.SH,20230505,week,22.69,22.85,21.75,22.07,22.53,22.19,22.35,21.27,21.59,334.83,337.19,320.96,325.68,127983.18,285765.88,-0.46,-0.02
600055.SH,20230428,week,23.26,24.4,22.18,22.53,23.26,22.75,23.87,21.7,22.04,343.24,360.06,327.3,332.47,408269.51,941643.64,-0.73,-0.03
600055.SH,20230421,week,24.61,25.08,23.23,23.26,24.55,24.07,24.53,22.72,22.75,363.16,370.1,342.8,343.24,339835.46,814775.13,-1.29,-0.05
600055.SH,20230414,week,25.2,26.1,24.06,24.55,24.88,24.65,25.53,23.53,24.01,371.87,385.15,355.05,362.28,428161.18,1062270.81,-0.33,-0.01
600055.SH,20230407,week,24.43,25.46,23.27,24.88,24.6,23.9,24.9,22.76,24.34,360.51,375.71,343.39,367.15,486290.57,1180076.87,0.28,0.01
600055.SH,20230331,week,21.17,24.99,21.17,24.6,21.5,20.71,24.44,20.71,24.06,312.4,368.77,312.4,363.01,844517.84,2000609.17,3.1,0.14
600055.SH,20230324,week,21.02,23.2,20.6,21.5,20.97,20.56,22.69,20.15,21.03,310.19,342.36,303.99,317.27,330504.54,719707.68,0.53,0.03
600055.SH,20230317,week,21.61,21.7,20.66,20.97,21.64,21.14,21.23,20.21,20.51,318.89,320.22,304.87,309.45,187029.16,397606.09,-0.67,-0.03
600055.SH,20230310,week,21.71,22.23,21.05,21.64,21.7,21.24,21.74,20.59,21.17,320.37,328.04,310.63,319.33,185914.31,402270.22,-0.06,0.0
600055.SH,20230303,week,22.62,22.63,21.6,21.7,22.61,22.13,22.14,21.13,21.23,333.8,333.94,318.74,320.22,209735.65,462711.84,-0.91,-0.04
600055.SH,20230224,week,22.7,23.43,22.46,22.61,22.63,22.2,22.92,21.97,22.12,334.98,345.75,331.44,333.65,187974.59,430312.7,-0.02,0.0
600055.SH,20230217,week,22.3,24.12,22.26,22.63,22.3,21.81,23.59,21.77,22.14,329.07,355.93,328.48,333.94,381148.24,887504.91,0.33,0.01
600055.SH,20230210,week,21.99,22.56,21.55,22.3,21.96,21.51,22.07,21.08,21.81,324.5,332.91,318.01,329.07,260431.31,571510.15,0.34,0.02
600055.SH,20230203,week,21.3,22.27,20.96,21.96,20.73,20.83,21.78,20.5,21.48,314.32,328.63,309.3,324.06,374437.62,811399.22,1.23,0.06
600055.SH,20230120,week,20.49,21.62,20.12,20.73,20.21,20.04,21.15,19.68,20.28,302.36,319.04,296.9,305.91,256128.16,532488.02,0.52,0.03
600055.SH,20230113,week,19.72,20.34,19.72,20.21,19.66,19.29,19.9,19.29,19.77,291.0,300.15,291.0,298.23,198227.69,397693.1,0.55,0.03
600055.SH,20230106,week,19.55,20.17,19.55,19.66,19.54,19.12,19.73,19.12,19.23,288.49,297.64,288.49,290.12,128883.07,256143.11,0.12,0.01
600055.SH,20221230,week,19.66,19.85,19.35,19.54,19.65,19.23,19.42,18.93,19.11,290.12,292.92,285.54,288.35,135271.26,264959.8,-0.11,-0.01
600055.SH,20221223,week,20.48,20.48,19.4,19.65,20.37,20.03,20.03,18.98,19.22,302.22,302.22,286.28,289.97,165266.69,328053.66,-0.72,-0.04
600055.SH,20221216,week,21.14,21.45,20.3,20.37,21.06,20.68,20.98,19.86,19.92,311.96,316.53,299.56,300.59,221851.36,460918.34,-0.69,-0.03
600055.SH,20221209,week,20.75,21.46,20.71,21.06,20.71,20.3,20.99,20.26,20.6,306.2,316.68,305.61,310.78,345465.21,730352.31,0.35,0.02
600055.SH,20221202,week,19.9,21.0,19.8,20.71,20.2,19.46,20.54,19.37,20.26,293.66,309.89,292.18,305.61,255388.72,525516.08,0.51,0.03
600055.SH,20221125,week,21.3,21.66,19.97,20.2,21.5,20.83,21.19,19.53,19.76,314.32,319.63,294.69,298.09,332374.89,686013.94,-1.3,-0.06
600055.SH,20221118,week,20.0,22.68,19.7,21.5,20.01,19.56,22.18,19.27,21.03,295.13,334.68,290.71,317.27,554076.32,1170448.06,1.49,0.07
600055.SH,20221111,week,20.76,21.28,19.89,20.01,20.8,20.31,20.81,19.46,19.57,306.35,314.02,293.51,295.28,324877.55,662596.09,-0.79,-0.04
600055.SH,20221104,week,19.5,21.44,19.25,20.8,20.34,19.07,20.97,18.83,20.35,287.76,316.38,284.07,306.94,403216.57,830975.04,0.46,0.02
600055.SH,20221028,week,21.9,22.19,20.21,20.34,22.08,21.42,21.7,19.77,19.9,323.17,327.45,298.23,300.15,491069.62,1032696.44,-1.74,-0.08
600055.SH,20221021,week,22.35,23.14,21.67,22.08,22.24,21.86,22.63,21.2,21.6,329.81,341.47,319.78,325.83,615333.56,1377850.09,-0.16,-0.01
600055.SH,20221014,week,20.51,22.61,19.14,22.24,20.22,20.06,22.12,18.72,21.75,302.66,333.65,282.44,328.19,474858.92,1005282.43,2.02,0.1
600055.SH,20220930,week,19.37,21.02,19.03,20.22,19.44,18.95,20.56,18.61,19.78,285.84,310.19,280.82,298.38,298124.96,604012.21,0.78,0.04
600055.SH,20220923,week,20.07,20.55,19.09,19.44,20.03,19.63,20.1,18.67,19.02,296.17,303.25,281.71,286.87,186160.81,371101.08,-0.59,-0.03
600055.SH,20220916,week,21.15,21.9,20.03,20.03,21.06,20.69,21.42,19.59,19.59,312.1,323.17,295.58,295.58,190876.85,400686.15,-1.03,-0.05
600055.SH,20220909,week,22.0,22.2,20.72,21.06,21.45,21.52,21.71,20.27,20.6,324.65,327.6,305.76,310.78,235696.26,500872.5,-0.39,-0.02
600055.SH,20220902,week,20.97,22.05,20.8,21.45,21.0,20.51,21.57,20.35,20.98,309.45,325.39,306.94,316.53,282385.5,606958.32,0.45,0.02
600055.SH,20220826,week,23.9,24.35,20.92,21.0,24.11,23.38,23.82,20.46,20.54,352.69,359.33,308.71,309.89,521260.36,1160937.69,-3.11,-0.13
600055.SH,20220819,week,23.17,25.76,22.93,24.11,23.24,22.66,25.2,22.43,23.58,341.91,380.13,338.37,355.78,610924.31,1506150.88,0.87,0.04
600055.SH,20220812,week,21.3,24.66,21.0,23.24,21.45,20.83,24.12,20.54,22.73,314.32,363.9,309.89,342.95,538713.75,1246511.4,1.79,0.08
600055.SH,20220805,week,22.11,22.38,20.15,21.45,22.15,21.63,21.89,19.71,20.98,326.27,330.25,297.35,316.53,313824.26,662885.84,-0.7,-0.03
600055.SH,20220729,week,22.86,23.29,22.06,22.15,22.92,22.36,22.78,21.58,21.67,337.34,343.68,325.53,326.86,257314.01,584288.25,-0.77,-0.03
600055.SH,20220722,week,21.6,24.42,21.07,22.92,21.6,21.13,23.89,20.61,22.42,318.74,360.36,310.92,338.22,415194.93,946568.84,1.32,0.06
600055.SH,20220715,week,23.7,24.34,21.3,21.6,23.77,23.18,23.81,20.83,21.13,349.73,359.18,314.32,318.74,466982.54,1038511.83,-2.17,-0.09
600055.SH,20220708,week,24.34,25.11,23.42,23.77,24.18,23.81,24.56,22.91,23.25,359.18,370.54,345.6,350.77,322736.49,783826.25,-0.41,-0.02
600055.SH,20220701,week,23.65,25.09,22.9,24.18,23.43,23.04,24.54,22.31,23.65,347.58,370.25,336.56,356.82,483642.91,1162316.26,0.75,0.03
600055.SH,20220624,week,23.3,25.2,22.79,23.43,23.16,22.7,24.55,22.2,22.83,342.44,370.36,334.94,344.35,515942.78,1229982.81,0.27,0.01
600055.SH,20220617,week,20.14,24.37,20.0,23.16,20.14,19.62,23.74,19.48,22.56,296.0,358.17,293.94,340.38,788673.27,1814434.17,3.02,0.15
600055.SH,20220610,week,19.99,21.51,19.9,20.14,19.93,19.47,20.95,19.39,19.62,293.79,316.13,292.47,296.0,369055.95,761521.61,0.21,0.01
600055.SH,20220603,week,19.82,20.56,19.45,19.93,19.82,19.31,20.03,18.95,19.42,291.29,302.17,285.86,292.91,208783.91,418299.49,0.11,0.01
600055.SH,20220527,week,21.02,21.75,19.46,19.82,21.1,20.48,21.19,18.96,19.31,308.93,319.66,286.0,291.29,353056.58,721514.59,-1.28,-0.06
600055.SH,20220520,week,21.59,21.86,20.38,21.1,21.5,21.03,21.3,19.85,20.56,317.31,321.28,299.52,310.11,285431.43,600080.01,-0.4,-0.02
600055.SH,20220513,week,21.05,22.55,20.0,21.5,21.06,20.51,21.97,19.48,20.94,309.37,331.42,293.94,315.99,497632.27,1070142.11,0.44,0.02
600055.SH,20220506,week,20.11,21.64,20.0,21.06,20.1,19.59,21.08,19.48,20.52,295.56,318.04,293.94,309.52,210967.35,442744.06,0.96,0.05
600055.SH,20220429,week,22.0,22.0,17.86,20.1,22.82,21.43,21.43,17.4,19.58,323.33,323.33,262.49,295.41,686229.73,1333126.47,-2.72,-0.12
600055.SH,20220422,week,23.85,24.6,22.2,22.82,24.3,23.23,23.96,21.63,22.23,350.52,361.55,326.27,335.39,332465.39,780182.8,-1.48,-0.06
600055.SH,20220415,week,25.31,25.42,23.53,24.3,25.08,24.66,24.76,22.92,23.67,371.98,373.6,345.82,357.14,422994.81,1028537.35,-0.78,-0.03
600055.SH,20220408,week,27.32,27.6,25.07,25.08,27.2,26.61,26.89,24.42,24.43,401.52,405.64,368.45,368.6,255100.14,660527.89,-2.12,-0.08
600055.SH,20220401,week,28.17,28.65,26.5,27.2,28.35,27.44,27.91,25.82,26.5,414.01,421.07,389.47,399.76,453981.17,1261072.15,-1.15,-0.04
600055.SH,20220325,week,27.65,31.0,27.65,28.35,27.63,26.94,30.2,26.94,27.62,406.37,455.61,406.37,416.66,678116.29,1977641.08,0.72,0.03
600055.SH,20220318,week,28.2,28.96,25.2,27.63,28.61,27.47,28.21,24.55,26.92,414.46,425.63,370.36,406.08,727061.42,1976806.52,-0.98,-0.03
600055.SH,20220311,week,30.21,31.25,27.0,28.61,30.79,29.43,30.44,26.3,27.87,444.0,459.28,396.82,420.48,784611.62,2286206.7,-2.18,-0.07
600055.SH,20220304,week,30.9,32.9,28.92,30.79,30.89,30.1,32.05,28.17,30.0,454.14,483.53,425.04,452.52,1032167.49,3184323.73,-0.1,0.0
600055.SH,20220225,week,31.33,36.73,30.55,30.89,30.63,30.52,35.78,29.76,30.09,460.46,539.82,448.99,453.99,1505275.63,4925044.28,0.26,0.01
600055.SH,20220218,week,24.7,32.39,24.69,30.63,24.96,24.06,31.55,24.05,29.84,363.02,476.04,362.87,450.17,1473761.83,4383496.68,5.67,0.23
600055.SH,20220211,week,27.01,27.78,24.23,24.96,26.41,26.31,27.06,23.6,24.32,396.97,408.28,356.11,366.84,1360536.59,3542500.73,-1.45,-0.05
600055.SH,20220128,week,22.8,27.42,20.58,26.41,22.62,22.21,26.71,20.05,25.73,335.09,402.99,302.46,388.15,1133882.56,2774904.17,3.79,0.17
600055.SH,20220121,week,26.19,26.26,22.55,22.62,25.71,25.51,25.58,21.97,22.04,384.91,385.94,331.42,332.45,505449.18,1241916.92,-3.09,-0.12
600055.SH,20220114,week,23.35,26.34,22.9,25.71,23.56,22.75,25.66,22.31,25.05,343.17,387.12,336.56,377.86,605237.89,1517678.5,2.15,0.09
600055.SH,20220107,week,24.0,24.97,22.54,23.56,23.81,23.38,24.33,21.96,22.95,352.73,366.98,331.27,346.26,365226.61,859357.33,-0.25,-0.01
600055.SH,20211231,week,23.28,24.15,21.96,23.81,23.53,22.68,23.53,21.39,23.2,342.15,354.93,322.75,349.94,481881.37,1106628.84,0.28,0.01
600055.SH,20211224,week,25.1,25.44,23.47,23.53,25.08,24.45,24.78,22.86,22.92,368.89,373.89,344.94,345.82,382332.7,926095.94,-1.55,-0.06
600055.SH,20211217,week,23.19,25.58,23.06,25.08,23.1,22.59,24.92,22.46,24.43,340.82,375.95,338.91,368.6,561788.05,1389435.49,1.98,0.09
600055.SH,20211210,week,22.55,23.64,22.0,23.1,22.69,21.97,23.03,21.43,22.5,331.42,347.44,323.33,339.5,451355.83,1029892.35,0.41,0.02
600055.SH,20211203,week,22.97,23.4,22.49,22.69,23.25,22.38,22.8,21.91,22.1,337.59,343.91,330.54,333.47,403615.24,918698.5,-0.56,-0.02
600055.SH,20211126,week,22.55,24.29,22.41,23.25,22.51,21.97,23.66,21.83,22.65,331.42,356.99,329.36,341.71,587876.44,1374563.14,0.74,0.03
600055.SH,20211119,week,20.75,23.56,20.7,22.51,20.75,20.21,22.95,20.17,21.93,304.96,346.26,304.23,330.83,797023.01,1786774.58,1.76,0.08
600055.SH,20211112,week,18.45,20.88,18.01,20.75,18.25,17.97,20.34,17.55,20.21,271.16,306.87,264.69,304.96,500799.71,989561.7,2.5,0.14
600055.SH,20211105,week,17.8,18.87,17.5,18.25,17.8,17.34,18.38,17.05,17.78,261.61,277.33,257.2,268.22,289968.98,532911.48,0.45,0.03
600055.SH,20211029,week,18.5,18.5,17.08,17.8,18.59,18.02,18.02,16.64,17.34,271.89,271.89,251.02,261.61,359136.43,638569.98,-0.79,-0.04
600055.SH,20211022,week,19.07,19.24,18.47,18.59,19.05,18.58,18.74,17.99,18.11,280.27,282.77,271.45,273.22,226815.96,427949.87,-0.46,-0.02
600055.SH,20211015,week,18.82,20.32,18.61,19.05,18.93,18.33,19.8,18.13,18.56,276.6,298.64,273.51,279.98,451763.18,881839.49,0.12,0.01
600055.SH,20211008,week,18.92,19.06,18.72,18.93,18.64,18.43,18.57,18.24,18.44,278.07,280.12,275.13,278.21,43754.36,82514.06,0.29,0.02
600055.SH,20211001,week,19.62,19.93,18.21,18.64,19.71,19.11,19.42,17.74,18.16,288.36,292.91,267.63,273.95,221439.84,420574.99,-1.07,-0.05
600055.SH,20210924,week,19.1,20.36,19.07,19.71,19.05,18.61,19.83,18.58,19.2,280.71,299.23,280.27,289.68,323350.13,644379.09,0.66,0.03
600055.SH,20210917,week,19.25,20.33,18.3,19.05,19.04,18.75,19.81,17.83,18.56,282.92,298.79,268.96,279.98,560487.21,1091043.78,0.01,0.0
600055.SH,20210910,week,19.09,19.8,18.72,19.04,19.0,18.6,19.29,18.24,18.55,280.57,291.0,275.13,279.83,491229.6,946484.03,0.04,0.0
600055.SH,20210903,week,20.85,22.06,18.87,19.0,21.07,20.31,21.49,18.38,18.51,306.43,324.22,277.33,279.24,707390.62,1421996.8,-2.07,-0.1
600055.SH,20210827,week,22.03,22.97,20.75,21.07,22.46,21.46,22.38,20.21,20.53,323.77,337.59,304.96,309.67,767113.83,1670790.29,-1.39,-0.06
600055.SH,20210820,week,21.65,25.44,21.51,22.46,21.25,21.09,24.78,20.95,21.88,318.19,373.89,316.13,330.09,1547749.19,3673301.54,1.21,0.06
600055.SH,20210813,week,21.03,22.39,21.0,21.25,20.98,20.49,21.81,20.46,20.7,309.08,329.07,308.64,312.31,587381.93,1267357.13,0.27,0.01
600055.SH,20210806,week,23.3,23.59,20.5,20.98,23.3,22.7,22.98,19.97,20.44,342.44,346.7,301.29,308.34,1087550.12,2410150.54,-2.32,-0.1
600055.SH,20210730,week,24.1,24.33,20.92,23.3,24.03,23.48,23.7,20.38,22.7,354.2,357.58,307.46,342.44,1445310.25,3255186.14,-0.73,-0.03
600055.SH,20210723,week,27.12,29.43,23.7,24.03,26.71,26.42,28.67,23.09,23.41,398.58,432.53,348.32,353.17,1975909.24,5246583.49,-2.68,-0.1
600055.SH,20210716,week,18.62,26.71,18.22,26.71,18.31,18.14,26.02,17.75,26.02,273.66,392.56,267.78,392.56,1581555.15,3598337.55,8.4,0.46
600055.SH,20210709,week,16.29,19.02,15.96,18.44,16.39,15.76,18.4,15.44,17.84,237.74,277.58,232.92,269.11,1237982.91,2190415.98,2.05,0.13
600055.SH,20210702,week,15.39,17.58,15.15,16.39,15.38,14.89,17.01,14.66,15.85,224.6,256.56,221.1,239.2,890095.67,1484356.62,1.01,0.07
600055.SH,20210625,week,15.6,16.32,15.1,15.38,15.6,15.09,15.79,14.61,14.88,227.67,238.17,220.37,224.46,509342.55,804473.2,-0.22,-0.01
600055.SH,20210618,week,15.39,15.69,14.89,15.6,15.37,14.89,15.18,14.4,15.09,224.6,228.98,217.3,227.67,325404.73,499741.29,0.23,0.01
600055.SH,20210611,week,15.39,16.48,15.0,15.37,15.32,14.89,15.94,14.51,14.87,224.6,240.51,218.91,224.31,781529.55,1231887.76,0.05,0.0
600055.SH,20210604,week,15.52,16.19,14.81,15.32,15.51,15.01,15.66,14.33,14.82,226.5,236.28,216.14,223.58,940027.26,1454825.6,-0.19,-0.01
600055.SH,20210528,week,13.2,16.2,13.15,15.51,13.12,12.77,15.67,12.72,15.0,192.64,236.42,191.91,226.35,884923.56,1310404.2,2.39,0.18
600055.SH,20210521,week,13.49,14.05,13.08,13.12,13.55,13.05,13.59,12.65,12.69,196.87,205.05,190.89,191.47,504921.64,688299.59,-0.43,-0.03
600055.SH,20210514,week,12.97,13.88,12.49,13.55,12.88,12.55,13.43,12.08,13.11,189.28,202.56,182.28,197.75,706033.12,948415.22,0.67,0.05
600055.SH,20210507,week,12.69,13.5,12.66,12.88,12.7,12.28,13.06,12.25,12.46,185.2,197.02,184.76,187.97,259420.95,339463.37,0.18,0.01
600055.SH,20210430,week,13.19,13.54,12.45,12.7,13.07,12.76,13.1,12.04,12.29,192.49,197.6,181.7,185.34,447020.45,577909.64,-0.37,-0.03
600055.SH,20210423,week,13.1,13.49,12.96,13.07,13.1,12.67,13.05,12.54,12.64,191.18,196.87,189.14,190.74,285146.03,376068.76,-0.03,0.0
600055.SH,20210416,week,12.75,13.13,12.41,13.1,12.84,12.33,12.7,12.0,12.67,186.07,191.62,181.11,191.18,234909.13,300573.09,0.26,0.02
600055.SH,20210409,week,13.12,13.38,12.8,12.84,13.13,12.69,12.94,12.38,12.42,191.47,195.27,186.8,187.39,213648.47,278335.1,-0.29,-0.02
600055.SH,20210402,week,13.6,13.74,12.42,13.13,13.6,13.16,13.29,12.01,12.7,198.48,200.52,181.26,191.62,437080.85,577453.08,-0.47,-0.03
600055.SH,20210326,week,14.54,14.54,13.2,13.6,13.33,14.07,14.07,12.77,13.16,212.2,212.2,192.64,198.48,898753.03,1245204.86,0.27,0.02
600055.SH,20210319,week,12.1,13.36,12.01,13.33,12.12,11.7,12.92,11.62,12.89,176.59,194.98,175.27,194.54,468130.37,593259.51,1.21,0.1
600055.SH,20210312,week,12.94,12.97,11.72,12.12,12.93,12.52,12.55,11.34,11.72,188.85,189.28,171.04,176.88,383269.92,472186.84,-0.81,-0.06
600055.SH,20210305,week,12.51,13.33,12.3,12.93,12.48,12.1,12.89,11.9,12.51,182.57,194.54,179.51,188.7,716687.3,919389.23,0.45,0.04
600055.SH,20210226,week,13.08,13.68,12.12,12.48,13.2,12.65,13.23,11.72,12.07,190.89,199.65,176.88,182.13,1049063.98,1367010.45,-0.72,-0.05
600055.SH,20210219,week,13.67,14.51,12.76,13.2,14.06,13.22,14.04,12.34,12.77,199.5,211.76,186.22,192.64,791064.91,1074472.09,-0.86,-0.06
600055.SH,20210212,week,14.01,15.5,13.02,14.06,13.59,13.55,14.99,12.59,13.6,204.46,226.21,190.01,205.19,2181365.53,3133247.34,0.47,0.03
600055.SH,20210205,week,9.29,13.59,9.28,13.59,9.28,8.99,13.15,8.98,13.15,135.58,198.33,135.43,198.33,198000.49,219837.45,4.31,0.46
600055.SH,20210129,week,10.45,10.49,9.17,9.28,10.38,10.11,10.15,8.87,8.98,152.51,153.09,133.83,135.43,223360.49,218649.32,-1.1,-0.11
600055.SH,20210122,week,9.96,10.39,9.88,10.38,9.87,9.63,10.05,9.56,10.04,145.36,151.63,144.19,151.49,252893.46,257660.15,0.51,0.05
600055.SH,20210115,week,10.21,10.21,9.5,9.87,10.16,9.88,9.88,9.19,9.55,149.0,149.0,138.64,144.04,275678.31,270690.94,-0.29,-0.03
600055.SH,20210108,week,10.12,10.66,9.97,10.16,10.12,9.79,10.31,9.64,9.83,147.69,155.57,145.5,148.28,322247.04,331653.21,0.04,0.0
600055.SH,20210101,week,10.59,10.76,9.94,10.12,10.58,10.24,10.41,9.62,9.79,154.55,157.03,145.06,147.69,224919.6,230970.19,-0.46,-0.04
600055.SH,20201225,week,10.62,11.27,10.47,10.58,10.66,10.27,10.9,10.13,10.23,154.99,164.47,152.8,154.4,316010.46,344614.44,-0.08,-0.01
600055.SH,20201218,week,10.6,10.95,10.41,10.66,10.6,10.25,10.59,10.07,10.31,154.69,159.8,151.92,155.57,161474.23,172520.14,0.06,0.01
600055.SH,20201211,week,11.35,11.39,10.55,10.6,11.35,10.98,11.02,10.21,10.25,165.64,166.22,153.96,154.69,192703.69,213388.72,-0.75,-0.07
600055.SH,20201204,week,10.95,11.42,10.85,11.35,10.95,10.59,11.05,10.5,10.98,159.8,166.66,158.34,165.64,214060.59,239809.63,0.4,0.04
600055.SH,20201127,week,11.52,11.62,10.9,10.95,11.51,11.14,11.24,10.54,10.59,168.12,169.58,159.07,159.8,245365.11,277372.04,-0.56,-0.05
600055.SH,20201120,week,11.67,11.73,11.28,11.51,11.52,11.29,11.35,10.91,11.13,170.31,171.19,164.62,167.97,184412.95,212148.72,-0.01,0.0
600055.SH,20201113,week,11.87,12.24,11.42,11.52,11.83,11.48,11.84,11.05,11.14,173.23,178.63,166.66,168.12,246130.24,290532.49,-0.31,-0.03
600055.SH,20201106,week,12.12,12.27,11.61,11.83,12.15,11.72,11.87,11.23,11.44,176.88,179.07,169.43,172.64,258820.78,308717.06,-0.32,-0.03
600055.SH,20201030,week,13.01,13.41,12.03,12.15,13.21,12.59,12.97,11.64,11.75,189.87,195.7,175.56,177.31,284398.17,364969.95,-1.06,-0.08
600055.SH,20201023,week,14.2,14.3,13.1,13.21,14.17,13.74,13.83,12.67,12.78,207.23,208.69,191.18,192.78,229864.8,317122.86,-0.96,-0.07
600055.SH,20201016,week,14.03,14.46,13.98,14.17,13.99,13.57,13.99,13.52,13.71,204.75,211.03,204.02,206.79,225744.38,321276.15,0.18,0.01
600055.SH,20201009,week,13.84,14.03,13.8,13.99,13.64,13.39,13.57,13.35,13.53,201.98,204.75,201.39,204.17,41859.92,58386.83,0.35,0.03
600055.SH,20201002,week,13.71,13.79,13.17,13.64,13.72,13.26,13.34,12.74,13.19,200.08,201.25,192.2,199.06,110142.85,148814.55,-0.08,-0.01
600055.SH,20200925,week,13.79,14.14,13.67,13.72,13.8,13.34,13.68,13.22,13.27,201.25,206.36,199.5,200.23,231731.17,322208.49,-0.08,-0.01
600055.SH,20200918,week,13.7,13.83,13.15,13.8,13.56,13.25,13.38,12.72,13.35,199.94,201.83,191.91,201.39,210781.62,285919.64,0.24,0.02
600055.SH,20200911,week,14.83,14.95,13.21,13.56,14.94,14.35,14.46,12.78,13.12,216.43,218.18,192.78,197.89,361590.91,507895.68,-1.38,-0.09
600055.SH,20200904,week,15.42,15.63,14.66,14.94,15.31,14.92,15.12,14.18,14.45,225.04,228.1,213.95,218.03,330090.18,500140.31,-0.37,-0.02
600055.SH,20200828,week,15.77,15.97,14.5,15.31,15.67,15.25,15.45,14.03,14.81,230.14,233.06,211.61,223.43,459863.48,698287.44,-0.36,-0.02
600055.SH,20200821,week,16.18,16.34,15.4,15.67,16.05,15.65,15.81,14.9,15.16,236.13,238.46,224.74,228.68,353561.5,562678.74,-0.38,-0.02
600055.SH,20200814,week,16.66,16.8,15.39,16.05,16.76,16.12,16.25,14.89,15.53,243.13,245.18,224.6,234.23,525649.88,847652.2,-0.71,-0.04
600055.SH,20200807,week,17.59,17.96,16.54,16.76,17.3,17.02,17.37,16.0,16.21,256.7,262.1,241.38,244.59,787435.93,1364781.56,-0.54,-0.03
600055.SH,20200731,week,16.15,17.37,15.8,17.3,16.09,15.62,16.8,15.28,16.74,235.69,253.49,230.58,252.47,580573.62,971707.14,1.21,0.08
600055.SH,20200724,week,17.25,17.94,16.0,16.09,17.13,16.69,17.35,15.48,15.56,251.74,261.81,233.5,234.81,776332.88,1339059.83,-1.04,-0.06
600055.SH,20200717,week,18.64,19.73,16.61,17.13,18.87,18.03,19.09,16.07,16.57,272.03,287.94,242.4,249.99,1261159.94,2312594.05,-1.74,-0.09
600055.SH,20200710,week,16.0,19.47,15.59,18.87,16.01,15.48,18.83,15.08,18.25,233.5,284.14,227.52,275.39,1969379.34,3431607.23,2.86,0.18
600055.SH,20200703,week,15.67,16.4,15.51,16.01,15.67,15.16,15.86,15.0,15.49,228.68,239.34,226.35,233.65,849353.68,1351651.82,0.34,0.02
600055.SH,20200626,week,16.15,16.44,15.59,15.67,16.1,15.62,15.9,15.08,15.16,235.69,239.92,227.52,228.68,472910.66,755914.26,-0.43,-0.03
600055.SH,20200619,week,15.9,17.9,15.68,16.1,15.56,15.33,17.26,15.12,15.57,231.33,260.43,228.13,234.96,1477560.16,2453536.11,0.54,0.03
600055.SH,20200612,week,15.8,16.19,14.88,15.56,15.78,15.24,15.61,14.35,15.01,229.87,235.55,216.49,226.38,688752.93,1080152.59,-0.22,-0.01
600055.SH,20200605,week,15.41,17.0,15.31,15.78,15.45,14.86,16.39,14.76,15.22,224.2,247.33,222.75,229.58,1108720.03,1806608.03,0.33,0.02
600055.SH,20200529,week,15.1,16.96,14.88,15.45,15.27,14.56,16.36,14.35,14.9,219.69,246.75,216.49,224.78,745220.47,1180939.47,0.18,0.01
600055.SH,20200522,week,15.53,16.9,15.06,15.27,15.33,14.98,16.3,14.52,14.73,225.95,245.88,219.11,222.16,774129.96,1237414.07,-0.06,0.0
600055.SH,20200515,week,15.28,16.56,14.9,15.33,15.22,14.74,15.97,14.37,14.78,222.31,240.93,216.78,223.04,766211.13,1204417.43,0.11,0.01
600055.SH,20200508,week,14.35,15.6,14.35,15.22,14.54,13.84,15.04,13.84,14.68,208.78,226.96,208.78,221.44,387880.12,589932.28,0.68,0.05
600055.SH,20200501,week,16.2,17.63,14.33,14.54,16.03,15.62,17.0,13.82,14.02,235.69,256.5,208.49,211.54,945271.62,1497053.6,-1.49,-0.09
600055.SH,20200424,week,16.79,17.89,15.93,16.03,16.55,16.19,17.25,15.36,15.46,244.28,260.28,231.77,233.22,948754.46,1611759.42,-0.52,-0.03
600055.SH,20200417,week,15.38,17.31,14.46,16.55,15.28,14.83,16.69,13.94,15.96,223.76,251.84,210.38,240.79,1076949.94,1693673.25,1.27,0.08
600055.SH,20200410,week,13.92,15.6,13.57,15.28,13.75,13.42,15.04,13.09,14.74,202.52,226.96,197.43,222.31,828109.65,1224195.55,1.53,0.11
600055.SH,20200403,week,14.43,15.15,12.8,13.75,14.23,13.92,14.61,12.34,13.26,209.94,220.42,186.23,200.05,822319.53,1131648.8,-0.48,-0.03
600055.SH,20200327,week,12.01,15.25,11.92,14.23,12.28,11.58,14.71,11.5,13.72,174.73,221.87,173.42,207.03,959922.0,1331269.3,1.95,0.16
600055.SH,20200320,week,13.0,13.89,11.5,12.28,12.92,12.54,13.4,11.09,11.84,189.14,202.09,167.31,178.66,580542.05,727509.95,-0.64,-0.05
600055.SH,20200313,week,14.28,15.64,12.55,12.92,14.4,13.77,15.08,12.1,12.46,207.76,227.55,182.59,187.97,1023027.74,1471080.79,-1.48,-0.1
600055.SH,20200306,week,13.08,14.58,12.6,14.4,12.98,12.61,14.06,12.15,13.89,190.3,212.12,183.32,209.51,1392306.73,1919438.19,1.42,0.11
600055.SH,20200228,week,13.27,14.08,12.65,12.98,12.66,12.8,13.58,12.2,12.52,193.07,204.85,184.04,188.85,983402.71,1302370.49,0.32,0.03
600055.SH,20200221,week,12.46,13.28,12.26,12.66,12.45,12.02,12.81,11.82,12.21,181.28,193.21,178.37,184.19,629350.87,798688.83,0.21,0.02
600055.SH,20200214,week,14.17,14.17,12.25,12.45,13.27,13.67,13.67,11.81,12.01,206.16,206.16,178.23,181.14,1076292.66,1405808.28,-0.82,-0.06
600055.SH,20200207,week,11.21,14.4,9.95,13.27,10.9,10.81,13.89,9.6,12.8,163.09,209.51,144.76,193.07,1926488.89,2475022.76,2.37,0.22
600055.SH,20200124,week,10.95,11.45,10.81,10.9,10.94,10.56,11.04,10.42,10.51,159.31,166.59,157.27,158.58,346626.53,384574.81,-0.04,0.0
600055.SH,20200117,week,10.61,11.15,10.42,10.94,10.58,10.23,10.75,10.05,10.55,154.36,162.22,151.6,159.17,292664.41,313778.49,0.36,0.03
600055.SH,20200110,week,10.19,10.85,10.14,10.58,10.24,9.83,10.46,9.78,10.2,148.25,157.86,147.53,153.93,399034.23,419638.11,0.34,0.03
600055.SH,20200103,week,10.01,10.38,9.86,10.24,10.05,9.65,10.01,9.51,9.88,145.64,151.02,143.45,148.98,215953.24,220996.39,0.19,0.02
600055.SH,20191227,week,10.3,10.34,10.04,10.05,10.31,9.93,9.97,9.68,9.69,149.85,150.44,146.07,146.22,149492.67,152046.72,-0.26,-0.03
600055.SH,20191220,week,10.18,10.6,10.08,10.31,10.18,9.82,10.22,9.72,9.94,148.11,154.22,146.65,150.0,235403.59,244072.42,0.13,0.01
600055.SH,20191213,week,10.17,10.28,9.92,10.18,10.09,9.81,9.91,9.57,9.82,147.96,149.56,144.33,148.11,191559.84,194020.65,0.09,0.01
600055.SH,20191206,week,9.87,10.13,9.61,10.09,9.91,9.52,9.77,9.27,9.73,143.6,147.38,139.82,146.8,196835.49,193538.07,0.18,0.02
600055.SH,20191129,week,10.76,10.84,9.85,9.91,10.82,10.38,10.45,9.5,9.56,156.55,157.71,143.31,144.18,287971.8,296341.94,-0.91,-0.08
600055.SH,20191122,week,10.38,11.43,10.31,10.82,10.42,10.01,11.02,9.94,10.43,151.02,166.3,150.0,157.42,482191.73,527564.69,0.4,0.04
600055.SH,20191115,week,10.41,10.68,10.12,10.42,10.49,10.04,10.3,9.76,10.05,151.46,155.38,147.24,151.6,265840.74,276041.68,-0.07,-0.01
600055.SH,20191108,week,9.9,10.78,9.74,10.49,9.8,9.55,10.4,9.39,10.12,144.04,156.84,141.71,152.62,477875.51,497551.68,0.69,0.07
600055.SH,20191101,week,9.27,9.86,9.23,9.8,9.25,8.94,9.51,8.9,9.45,134.87,143.45,134.29,142.58,190594.9,181377.99,0.55,0.06
600055.SH,20191025,week,9.64,9.69,9.13,9.25,9.67,9.3,9.34,8.8,8.92,140.25,140.98,132.83,134.58,115290.67,107974.1,-0.42,-0.04
600055.SH,20191018,week,9.94,9.95,9.59,9.67,9.84,9.59,9.6,9.25,9.33,144.62,144.76,139.52,140.69,118678.64,115856.82,-0.17,-0.02
600055.SH,20191011,week,9.7,9.89,9.55,9.84,9.7,9.35,9.54,9.21,9.49,141.13,143.89,138.94,143.16,78401.43,76361.47,0.14,0.01
600055.SH,20191004,week,9.66,9.84,9.64,9.7,9.66,9.32,9.49,9.3,9.35,140.54,143.16,140.25,141.13,15115.4,14754.54,0.04,0.0
600055.SH,20190927,week,9.93,10.07,9.58,9.66,9.93,9.58,9.71,9.24,9.32,144.47,146.51,139.38,140.54,133470.21,131747.02,-0.27,-0.03
600055.SH,20190920,week,10.4,10.57,9.92,9.93,10.4,10.03,10.19,9.57,9.58,151.31,153.78,144.33,144.47,219172.26,223248.24,-0.47,-0.05
600055.SH,20190913,week,10.51,10.64,10.2,10.4,10.45,10.14,10.26,9.84,10.03,152.91,154.8,148.4,151.31,201829.0,210410.64,-0.05,0.0
600055.SH,20190906,week,10.48,10.82,10.35,10.45,10.57,10.11,10.43,9.98,10.08,152.47,157.42,150.58,152.04,261748.22,277619.92,-0.12,-0.01
600055.SH,20190830,week,10.1,10.97,10.02,10.57,10.29,9.74,10.58,9.66,10.19,146.94,159.6,145.78,153.78,307752.52,328238.26,0.28,0.03
600055.SH,20190823,week,9.93,10.59,9.93,10.29,9.92,9.58,10.21,9.58,9.92,144.47,154.07,144.47,149.71,301549.89,310772.46,0.37,0.04
600055.SH,20190816,week,9.7,10.09,9.46,9.92,9.71,9.35,9.73,9.12,9.57,141.13,146.8,137.63,144.33,133026.82,130988.74,0.21,0.02
600055.SH,20190809,week,9.58,9.82,9.32,9.71,9.55,9.24,9.47,8.99,9.36,139.38,142.87,135.6,141.27,209021.49,199847.31,0.16,0.02
600055.SH,20190802,week,9.6,9.7,9.25,9.55,9.6,9.26,9.35,8.92,9.21,139.67,141.13,134.58,138.94,122962.11,117357.39,-0.05,-0.01
600055.SH,20190726,week,9.3,9.75,9.2,9.6,9.55,8.97,9.4,8.87,9.26,135.31,141.85,133.85,139.67,149952.71,142707.34,0.05,0.01
600055.SH,20190719,week,10.4,10.4,9.46,9.55,10.45,10.03,10.03,9.12,9.21,151.31,151.31,137.63,138.94,261149.15,259742.93,-0.9,-0.09
600055.SH,20190712,week,10.38,10.59,9.72,10.45,10.38,10.01,10.21,9.37,10.08,151.02,154.07,141.42,152.04,256991.23,260449.81,0.07,0.01
600055.SH,20190705,week,10.55,10.85,10.15,10.38,10.38,10.17,10.46,9.79,10.01,153.49,157.86,147.67,151.02,219309.99,231217.05,0.0,0.0
600055.SH,20190628,week,10.31,10.62,10.04,10.38,10.32,9.94,10.24,9.68,10.01,150.0,154.51,146.07,151.02,235488.01,243826.44,0.06,0.01
600055.SH,20190621,week,9.97,10.42,9.6,10.32,9.87,9.52,10.05,9.16,9.95,143.59,151.6,138.26,150.15,338228.83,336837.77,0.45,0.05
600055.SH,20190614,week,9.52,10.05,9.18,9.87,9.52,9.09,9.59,8.76,9.42,137.11,144.74,132.21,142.15,328669.51,318951.18,0.35,0.04
600055.SH,20190607,week,10.44,10.59,9.45,9.52,10.44,9.97,10.11,9.02,9.09,150.36,152.52,136.1,137.11,111872.3,111493.02,-0.92,-0.09
600055.SH,20190531,week,10.81,11.19,10.38,10.44,10.8,10.32,10.68,9.91,9.97,155.69,161.16,149.49,150.36,148319.93,159868.4,-0.36,-0.03
600055.SH,20190524,week,11.3,11.52,10.32,10.8,11.09,10.79,11.0,9.85,10.31,162.74,165.91,148.63,155.54,219234.83,239372.07,-0.29,-0.03
600055.SH,20190517,week,11.22,11.89,11.03,11.09,11.41,10.71,11.35,10.53,10.59,161.59,171.24,158.85,159.72,160889.38,184714.59,-0.32,-0.03
600055.SH,20190510,week,11.97,11.97,10.5,11.41,12.26,11.43,11.43,10.02,10.89,172.39,172.39,151.22,164.33,242780.09,270450.34,-0.85,-0.07
600055.SH,20190503,week,12.7,12.7,12.04,12.26,12.55,12.12,12.12,11.49,11.7,182.91,182.91,173.4,176.57,63901.87,78600.54,-0.29,-0.02
600055.SH,20190426,week,13.09,13.3,12.21,12.55,13.09,12.5,12.7,11.66,11.98,188.52,191.55,175.85,180.75,105874.58,135806.49,-0.54,-0.04
600055.SH,20190419,week,13.1,13.51,12.47,13.09,12.89,12.51,12.9,11.9,12.5,188.67,194.57,179.59,188.52,192192.05,249611.65,0.2,0.02
600055.SH,20190412,week,14.11,14.5,12.77,12.89,14.12,13.47,13.84,12.19,12.31,203.21,208.83,183.91,185.64,273766.47,374799.81,-1.23,-0.09
600055.SH,20190405,week,13.42,14.55,13.42,14.12,13.36,12.81,13.89,12.81,13.48,193.27,209.55,193.27,203.36,263087.03,370471.08,0.76,0.06
600055.SH,20190329,week,13.3,13.95,12.88,13.36,13.62,12.7,13.32,12.3,12.75,191.55,200.91,185.5,192.41,207030.87,275268.04,-0.26,-0.02
600055.SH,20190322,week,13.52,13.95,13.08,13.62,13.47,12.91,13.32,12.49,13.0,194.72,200.91,188.38,196.16,239291.93,323348.98,0.15,0.01
600055.SH,20190315,week,12.33,14.45,12.33,13.47,12.38,11.77,13.79,11.77,12.86,177.58,208.11,177.58,193.99,505218.53,686548.13,1.09,0.09
600055.SH,20190308,week,12.99,13.49,12.2,12.38,12.86,12.4,12.88,11.65,11.82,187.08,194.28,175.7,178.3,389692.18,506592.55,-0.48,-0.04
600055.SH,20190301,week,11.11,13.22,10.85,12.86,11.05,10.61,12.62,10.36,12.28,160.01,190.39,156.26,185.21,488249.48,589972.91,1.81,0.16
600055.SH,20190222,week,10.72,11.63,10.68,11.05,10.68,10.23,11.1,10.2,10.55,154.39,167.5,153.81,159.14,297833.99,330075.99,0.37,0.03
600055.SH,20190215,week,11.01,11.25,10.57,10.68,10.98,10.51,10.74,10.09,10.2,158.57,162.02,152.23,153.81,282286.08,306213.41,-0.3,-0.03
600055.SH,20190201,week,11.05,11.6,10.57,10.98,11.01,10.55,11.07,10.09,10.48,159.14,167.06,152.23,158.13,247907.96,274012.62,-0.03,0.0
600055.SH,20190125,week,10.42,11.07,10.1,11.01,10.35,9.95,10.57,9.64,10.51,150.07,159.43,145.46,158.57,220496.65,232868.24,0.66,0.06
600055.SH,20190118,week,10.1,10.68,9.8,10.35,10.1,9.64,10.2,9.36,9.88,145.46,153.81,141.14,149.06,243718.67,248977.14,0.25,0.02
600055.SH,20190111,week,9.55,10.34,9.45,10.1,9.48,9.12,9.87,9.02,9.64,137.54,148.92,136.1,145.46,309199.01,309429.98,0.62,0.07
600055.SH,20190104,week,8.68,9.58,8.43,9.48,8.68,8.29,9.15,8.05,9.05,125.01,137.97,121.41,136.53,140942.63,127898.91,0.8,0.09
600055.SH,20181228,week,8.7,9.06,8.41,8.68,8.67,8.31,8.65,8.03,8.29,125.3,130.48,121.12,125.01,205839.55,181436.31,0.01,0.0
600055.SH,20181221,week,9.21,9.66,8.51,8.67,9.35,8.79,9.22,8.12,8.28,132.64,139.12,122.56,124.87,348931.02,317191.3,-0.68,-0.07
600055.SH,20181214,week,9.43,10.02,9.31,9.35,9.43,9.0,9.57,8.89,8.93,135.81,144.31,134.08,134.66,201051.02,194546.63,-0.08,-0.01
600055.SH,20181207,week,9.0,10.53,8.88,9.43,8.7,8.59,10.05,8.48,9.0,129.62,151.65,127.89,135.81,416413.24,403846.04,0.73,0.08
600055.SH,20181130,week,8.56,9.03,8.4,8.7,8.54,8.17,8.62,8.02,8.31,123.28,130.05,120.98,125.3,153460.07,133406.19,0.16,0.02
600055.SH,20181123,week,8.98,9.25,8.44,8.54,8.91,8.57,8.83,8.06,8.15,129.33,133.22,121.55,122.99,220236.14,195267.07,-0.37,-0.04
600055.SH,20181116,week,7.98,9.31,7.86,8.91,7.99,7.62,8.89,7.5,8.51,114.93,134.08,113.2,128.32,324644.0,282226.48,0.92,0.12
600055.SH,20181109,week,8.0,8.36,7.8,7.99,8.03,7.64,7.98,7.45,7.63,115.22,120.4,112.34,115.07,300045.55,242339.52,-0.04,0.0
600055.SH,20181102,week,6.64,8.09,6.53,8.03,6.74,6.34,7.72,6.23,7.67,95.63,116.51,94.05,115.65,458413.41,338483.1,1.29,0.19
600055.SH,20181026,week,6.3,7.05,6.19,6.74,6.19,6.01,6.73,5.91,6.43,90.73,101.53,89.15,97.07,456568.82,303099.31,0.55,0.09
600055.SH,20181019,week,6.89,7.04,5.88,6.19,6.88,6.58,6.72,5.61,5.91,99.23,101.39,84.68,89.15,313656.51,198198.6,-0.69,-0.1
600055.SH,20181012,week,7.95,8.06,6.39,6.88,8.19,7.59,7.69,6.1,6.57,114.5,116.08,92.03,99.09,143787.04,105667.43,-1.31,-0.16
600055.SH,20180928,week,8.25,8.4,8.11,8.19,8.3,7.88,8.02,7.74,7.82,118.82,120.98,116.8,117.95,97226.02,80153.78,-0.11,-0.01
600055.SH,20180921,week,8.19,8.33,7.84,8.3,8.29,7.82,7.95,7.48,7.92,117.95,119.97,112.91,119.54,129191.01,104222.74,0.01,0.0
600055.SH,20180914,week,8.3,8.65,8.14,8.29,8.34,7.92,8.26,7.77,7.91,119.54,124.58,117.23,119.39,162513.55,136708.76,-0.05,-0.01
600055.SH,20180907,week,8.6,8.74,8.16,8.34,8.62,8.21,8.34,7.79,7.96,123.86,125.87,117.52,120.11,137478.63,116648.12,-0.28,-0.03
600055.SH,20180831,week,8.67,9.16,8.52,8.62,8.76,8.28,8.74,8.13,8.23,124.87,131.92,122.71,124.15,186192.83,164561.23,-0.14,-0.02
600055.SH,20180824,week,8.32,8.97,7.75,8.76,8.31,7.94,8.56,7.4,8.36,119.82,129.19,111.62,126.16,237709.8,197931.32,0.45,0.05
600055.SH,20180817,week,9.7,10.14,8.13,8.31,9.8,9.26,9.68,7.76,7.93,139.7,146.04,117.09,119.68,202946.61,187137.14,-1.49,-0.15
600055.SH,20180810,week,10.38,10.38,9.35,9.8,10.47,9.91,9.91,8.93,9.36,149.49,149.49,134.66,141.14,200394.13,196918.39,-0.67,-0.06
600055.SH,20180803,week,11.44,11.44,10.17,10.47,11.3,10.92,10.92,9.71,9.99,164.76,164.76,146.47,150.79,122716.57,130718.3,-0.83,-0.07
600055.SH,20180727,week,11.4,11.81,11.21,11.3,11.62,10.88,11.27,10.7,10.79,164.18,170.09,161.45,162.74,104642.51,120744.76,-0.32,-0.03
600055.SH,20180720,week,11.46,11.78,11.12,11.62,11.41,10.94,11.25,10.62,11.09,165.05,169.66,160.15,167.35,135390.39,155513.39,0.21,0.02
600055.SH,20180713,week,10.85,11.45,10.18,11.41,10.8,10.31,10.93,9.67,10.89,155.53,164.9,145.93,164.33,180534.92,196836.15,0.61,0.06
600055.SH,20180706,week,11.11,11.36,10.13,10.8,11.04,10.56,10.79,9.63,10.26,159.26,162.85,145.21,154.82,134705.56,146235.86,-0.24,-0.02
