股票代码,交易日期,freq,开盘价,最高价,最低价,close,昨收价【除权价，前复权】,open_qfq,high_qfq,low_qfq,close_qfq,open_hfq,high_hfq,low_hfq,close_hfq,成交量,成交额（千元）,涨跌额,涨跌幅 【基于除权后的昨收计算的涨跌幅：（今收-除权昨收）/除权昨收 】
603982.SH,20250704,week,10.1,11.81,9.99,11.02,10.07,10.1,11.81,9.99,11.02,10.25,11.99,10.14,11.19,1129725.74,1268809.52,0.95,0.09
603982.SH,20250627,week,10.03,11.99,10.03,10.07,10.26,10.03,11.99,10.03,10.07,10.18,12.17,10.18,10.22,2165670.05,2338766.01,-0.19,-0.02
603982.SH,20250620,week,9.81,10.85,9.48,10.26,9.85,9.81,10.85,9.48,10.26,9.96,11.01,9.62,10.41,1972497.04,2025969.12,0.41,0.04
603982.SH,20250613,week,8.62,11.2,8.51,9.85,8.62,8.62,11.2,8.51,9.85,8.75,11.37,8.64,10.0,1226990.11,1229004.32,1.23,0.14
603982.SH,20250606,week,8.52,8.7,8.36,8.62,8.51,8.52,8.7,8.36,8.62,8.65,8.83,8.49,8.75,138685.16,118852.85,0.11,0.01
603982.SH,20250530,week,8.61,8.88,8.46,8.51,8.61,8.61,8.88,8.46,8.51,8.74,9.01,8.59,8.64,189809.44,164321.86,-0.1,-0.01
603982.SH,20250523,week,8.8,8.89,8.51,8.61,8.8,8.8,8.89,8.51,8.61,8.93,9.02,8.64,8.74,206630.81,180733.13,-0.19,-0.02
603982.SH,20250516,week,8.65,8.86,8.37,8.8,8.65,8.65,8.86,8.37,8.8,8.78,8.99,8.5,8.93,233396.1,202035.82,0.15,0.02
603982.SH,20250509,week,8.46,8.77,8.41,8.65,8.39,8.46,8.77,8.41,8.65,8.59,8.9,8.54,8.78,189635.3,162997.16,0.26,0.03
603982.SH,20250502,week,7.9,8.42,7.57,8.39,7.8,7.9,8.42,7.57,8.39,8.02,8.55,7.68,8.52,195152.69,156637.92,0.59,0.08
603982.SH,20250425,week,7.26,7.95,7.12,7.8,7.26,7.26,7.95,7.12,7.8,7.37,8.07,7.23,7.92,255985.15,194795.41,0.54,0.07
603982.SH,20250418,week,7.4,7.69,7.14,7.26,7.29,7.4,7.69,7.14,7.26,7.51,7.81,7.25,7.37,215649.25,159600.09,-0.03,0.0
603982.SH,20250411,week,7.81,7.98,6.22,7.29,8.23,7.81,7.98,6.22,7.29,7.93,8.1,6.31,7.4,400652.94,282223.8,-0.94,-0.11
603982.SH,20250404,week,8.28,8.5,8.01,8.23,8.35,8.28,8.5,8.01,8.23,8.4,8.63,8.13,8.35,221551.46,183404.32,-0.12,-0.01
603982.SH,20250328,week,9.14,9.19,8.35,8.35,9.14,9.14,9.19,8.35,8.35,9.28,9.33,8.48,8.48,389873.44,339317.57,-0.79,-0.09
603982.SH,20250321,week,8.85,9.53,8.72,9.14,8.83,8.85,9.53,8.72,9.14,8.98,9.67,8.85,9.28,539421.01,492072.91,0.31,0.04
603982.SH,20250314,week,8.53,9.2,8.52,8.83,8.51,8.53,9.2,8.52,8.83,8.66,9.34,8.65,8.96,567059.6,502709.4,0.32,0.04
603982.SH,20250307,week,8.19,8.55,8.1,8.51,8.17,8.19,8.55,8.1,8.51,8.31,8.68,8.22,8.64,199624.14,166828.64,0.34,0.04
603982.SH,20250228,week,8.33,8.73,8.15,8.17,8.28,8.33,8.73,8.15,8.17,8.45,8.86,8.27,8.29,256901.71,216567.3,-0.11,-0.01
603982.SH,20250221,week,8.3,8.4,8.09,8.28,8.27,8.3,8.4,8.09,8.28,8.42,8.53,8.21,8.4,185059.35,153320.12,0.01,0.0
603982.SH,20250214,week,8.39,8.49,8.22,8.27,8.34,8.39,8.49,8.22,8.27,8.52,8.62,8.34,8.39,171812.83,143050.18,-0.07,-0.01
603982.SH,20250207,week,7.96,8.49,7.86,8.34,7.81,7.96,8.49,7.86,8.34,8.08,8.62,7.98,8.47,140504.03,114575.25,0.53,0.07
603982.SH,20250131,week,8.06,8.06,7.79,7.81,7.89,8.06,8.06,7.79,7.81,8.18,8.18,7.91,7.93,30445.0,24023.71,-0.08,-0.01
603982.SH,20250124,week,7.9,8.05,7.7,7.89,7.8,7.9,8.05,7.7,7.89,8.02,8.17,7.82,8.01,183783.51,144347.97,0.09,0.01
603982.SH,20250117,week,7.27,8.02,7.2,7.8,7.38,7.27,8.02,7.2,7.8,7.38,8.14,7.31,7.92,198889.05,154085.86,0.42,0.06
603982.SH,20250110,week,7.42,7.72,7.13,7.38,7.42,7.42,7.72,7.13,7.38,7.53,7.84,7.24,7.49,229856.91,172115.1,-0.04,-0.01
603982.SH,20250103,week,8.35,8.35,7.39,7.42,8.38,8.35,8.35,7.39,7.42,8.48,8.48,7.5,7.53,226678.63,179682.6,-0.96,-0.11
603982.SH,20241227,week,9.4,9.54,8.22,8.38,9.69,9.4,9.54,8.22,8.38,9.54,9.68,8.34,8.51,441859.57,385005.57,-1.31,-0.14
603982.SH,20241220,week,10.13,10.38,9.25,9.69,10.07,10.13,10.38,9.25,9.69,10.28,10.54,9.39,9.84,445982.43,439297.68,-0.38,-0.04
603982.SH,20241213,week,9.96,10.6,9.85,10.07,9.9,9.96,10.6,9.85,10.07,10.11,10.76,10.0,10.22,445139.42,454271.91,0.17,0.02
603982.SH,20241206,week,9.67,10.34,9.66,9.9,9.54,9.67,10.34,9.66,9.9,9.82,10.5,9.8,10.05,368748.1,366872.21,0.36,0.04
603982.SH,20241129,week,9.3,9.6,8.89,9.54,9.17,9.3,9.6,8.89,9.54,9.44,9.74,9.02,9.68,244493.4,228391.72,0.37,0.04
603982.SH,20241122,week,9.15,9.75,8.93,9.17,9.16,9.15,9.75,8.93,9.17,9.29,9.9,9.06,9.31,256584.19,239963.31,0.01,0.0
603982.SH,20241115,week,9.32,10.07,9.14,9.16,9.36,9.32,10.07,9.14,9.16,9.46,10.22,9.28,9.3,396839.71,380458.92,-0.2,-0.02
603982.SH,20241108,week,8.35,9.75,8.34,9.36,8.35,8.35,9.75,8.34,9.36,8.48,9.9,8.47,9.5,377473.18,343223.58,1.01,0.12
603982.SH,20241101,week,8.88,9.18,8.26,8.35,8.84,8.88,9.18,8.26,8.35,9.01,9.32,8.38,8.48,251623.03,220262.83,-0.49,-0.06
603982.SH,20241025,week,8.37,8.88,8.3,8.84,8.33,8.37,8.88,8.3,8.84,8.5,9.01,8.42,8.97,229787.23,197634.59,0.51,0.06
603982.SH,20241018,week,8.11,8.46,8.05,8.33,8.21,8.11,8.46,8.05,8.33,8.23,8.59,8.17,8.45,210741.02,174257.31,0.12,0.01
603982.SH,20241011,week,9.73,9.74,8.1,8.21,8.85,9.73,9.74,8.1,8.21,9.88,9.89,8.22,8.33,346099.0,307735.9,-0.64,-0.07
603982.SH,20241004,week,8.43,8.88,8.15,8.85,8.16,8.43,8.88,8.15,8.85,8.56,9.01,8.27,8.98,138866.61,119075.81,0.69,0.08
603982.SH,20240927,week,7.1,8.23,7.05,8.16,7.13,7.1,8.23,7.05,8.16,7.21,8.35,7.16,8.28,172113.61,131928.66,1.03,0.14
603982.SH,20240920,week,7.16,7.26,6.86,7.13,7.1,7.16,7.26,6.86,7.13,7.27,7.37,6.96,7.24,74798.89,53067.6,0.03,0.0
603982.SH,20240913,week,7.26,7.47,7.1,7.1,7.3,7.26,7.47,7.1,7.1,7.37,7.58,7.21,7.21,101581.03,74345.86,-0.2,-0.03
603982.SH,20240906,week,7.34,7.59,7.29,7.3,7.37,7.34,7.59,7.29,7.3,7.45,7.7,7.4,7.41,131319.53,97740.38,-0.07,-0.01
603982.SH,20240830,week,7.04,7.53,6.9,7.37,6.99,7.04,7.53,6.9,7.37,7.15,7.64,7.0,7.48,139587.53,100978.81,0.38,0.05
603982.SH,20240823,week,7.6,7.65,6.91,6.99,7.62,7.6,7.65,6.91,6.99,7.71,7.76,7.01,7.09,125954.18,91614.19,-0.63,-0.08
603982.SH,20240816,week,7.65,7.75,7.47,7.62,7.68,7.65,7.75,7.47,7.62,7.76,7.87,7.58,7.73,106722.51,81201.15,-0.06,-0.01
603982.SH,20240809,week,8.3,8.49,7.59,7.68,8.57,8.3,8.49,7.59,7.68,8.42,8.62,7.7,7.8,305013.75,243530.21,-0.89,-0.1
603982.SH,20240802,week,7.85,8.99,7.78,8.57,7.84,7.85,8.99,7.78,8.57,7.97,9.12,7.9,8.7,247629.42,208745.69,0.73,0.09
603982.SH,20240726,week,7.77,8.07,7.42,7.84,7.83,7.77,8.07,7.42,7.84,7.89,8.19,7.53,7.96,104621.08,81217.55,0.01,0.0
603982.SH,20240719,week,8.33,8.35,7.68,7.83,8.29,8.33,8.35,7.68,7.83,8.45,8.48,7.8,7.95,119234.0,95290.71,-0.46,-0.06
603982.SH,20240712,week,7.66,8.35,7.32,8.29,7.69,7.66,8.35,7.32,8.29,7.77,8.48,7.43,8.41,150427.6,118434.02,0.6,0.08
603982.SH,20240705,week,8.05,8.22,7.45,7.69,8.0,8.05,8.22,7.45,7.69,8.17,8.34,7.56,7.81,119516.01,94343.01,-0.31,-0.04
603982.SH,20240628,week,8.0,8.31,7.7,8.0,8.2,8.0,8.31,7.7,8.0,8.12,8.43,7.82,8.12,149176.61,119337.94,-0.2,-0.02
603982.SH,20240621,week,8.25,8.75,8.06,8.2,8.28,8.25,8.75,8.06,8.2,8.37,8.88,8.18,8.32,131130.78,110505.31,-0.08,-0.01
603982.SH,20240614,week,8.3,8.62,8.03,8.28,8.34,8.3,8.62,8.03,8.28,8.42,8.75,8.15,8.4,90932.0,75700.88,-0.06,-0.01
603982.SH,20240607,week,9.24,9.3,7.9,8.34,9.3,9.24,9.3,7.9,8.34,9.38,9.44,8.02,8.47,201919.93,172387.31,-0.96,-0.1
603982.SH,20240531,week,9.17,9.5,8.82,9.3,9.06,9.17,9.5,8.82,9.3,9.31,9.64,8.95,9.44,216003.59,197067.08,0.24,0.03
603982.SH,20240524,week,9.74,9.74,9.03,9.06,9.6,9.74,9.74,9.03,9.06,9.89,9.89,9.17,9.2,134895.66,125777.58,-0.54,-0.06
603982.SH,20240517,week,9.82,9.92,9.3,9.6,9.93,9.82,9.92,9.3,9.6,9.97,10.07,9.44,9.74,160297.43,153458.03,-0.33,-0.03
603982.SH,20240510,week,10.19,10.33,9.88,9.93,10.08,10.19,10.33,9.88,9.93,10.34,10.48,10.03,10.08,174365.95,176501.19,-0.15,-0.01
603982.SH,20240503,week,9.43,10.25,9.43,10.08,9.41,9.43,10.25,9.43,10.08,9.57,10.4,9.57,10.23,118205.0,117570.44,0.67,0.07
603982.SH,20240426,week,9.0,9.47,8.63,9.41,9.05,9.0,9.47,8.63,9.41,9.14,9.61,8.76,9.55,233903.91,214922.14,0.36,0.04
603982.SH,20240419,week,10.16,10.55,8.6,9.05,10.61,10.16,10.55,8.6,9.05,10.31,10.71,8.73,9.19,353362.98,327890.15,-1.56,-0.15
603982.SH,20240412,week,11.42,12.39,10.55,10.61,11.41,11.42,12.39,10.55,10.61,11.59,12.58,10.71,10.77,392704.83,439414.43,-0.8,-0.07
603982.SH,20240405,week,11.72,12.5,11.33,11.41,11.91,11.72,12.5,11.33,11.41,11.9,12.69,11.5,11.58,219530.73,260139.43,-0.5,-0.04
603982.SH,20240329,week,11.17,12.38,10.94,11.91,11.32,11.17,12.38,10.94,11.91,11.34,12.57,11.1,12.09,526795.22,613056.74,0.59,0.05
603982.SH,20240322,week,11.46,11.78,11.27,11.32,11.4,11.46,11.78,11.27,11.32,11.63,11.96,11.44,11.49,359386.25,414844.94,-0.08,-0.01
603982.SH,20240315,week,10.06,12.4,9.96,11.4,10.05,10.06,12.4,9.96,11.4,10.21,12.59,10.11,11.57,635829.26,729954.04,1.35,0.13
603982.SH,20240308,week,10.42,10.59,9.87,10.05,10.52,10.42,10.59,9.87,10.05,10.58,10.75,10.02,10.2,219802.69,223510.09,-0.47,-0.04
603982.SH,20240301,week,10.57,11.37,9.68,10.52,10.28,10.57,11.37,9.68,10.52,10.73,11.54,9.83,10.68,366642.94,386528.48,0.24,0.02
603982.SH,20240223,week,9.15,10.32,9.02,10.28,8.89,9.15,10.32,9.02,10.28,9.29,10.47,9.16,10.43,309378.7,298317.05,1.39,0.16
603982.SH,20240209,week,9.42,9.42,7.7,8.89,9.49,9.42,9.42,7.7,8.89,9.56,9.56,7.82,9.02,318494.11,267703.38,-0.6,-0.06
603982.SH,20240202,week,12.01,12.09,9.2,9.49,11.84,12.01,12.09,9.2,9.49,12.19,12.27,9.34,9.63,197906.96,208299.62,-2.35,-0.2
603982.SH,20240126,week,12.39,12.48,11.1,11.84,12.4,12.39,12.48,11.1,11.84,12.58,12.67,11.27,12.02,193125.32,226061.76,-0.56,-0.05
603982.SH,20240119,week,13.56,13.58,12.26,12.4,13.53,13.56,13.58,12.26,12.4,13.76,13.78,12.44,12.59,163707.54,211487.85,-1.13,-0.08
603982.SH,20240112,week,13.71,13.71,13.15,13.53,13.71,13.71,13.71,13.15,13.53,13.92,13.92,13.35,13.73,127068.88,171438.48,-0.18,-0.01
603982.SH,20240105,week,14.43,14.52,13.65,13.71,14.41,14.43,14.52,13.65,13.71,14.65,14.74,13.85,13.92,125658.82,177533.7,-0.7,-0.05
603982.SH,20231229,week,14.25,14.68,13.8,14.41,14.28,14.25,14.68,13.8,14.41,14.46,14.9,14.01,14.63,177821.19,253452.99,0.13,0.01
603982.SH,20231222,week,14.86,15.07,14.28,14.28,14.86,14.86,15.07,14.28,14.28,15.08,15.3,14.49,14.49,226358.49,330771.88,-0.58,-0.04
603982.SH,20231215,week,16.04,16.26,14.77,14.86,16.0,16.04,16.26,14.77,14.86,16.28,16.5,14.99,15.08,342677.69,537445.99,-1.14,-0.07
603982.SH,20231208,week,16.79,17.67,15.79,16.0,16.88,16.79,17.67,15.79,16.0,17.04,17.94,16.03,16.24,874034.01,1463286.14,-0.88,-0.05
603982.SH,20231201,week,15.44,17.42,15.41,16.88,15.62,15.44,17.42,15.41,16.88,15.67,17.68,15.64,17.13,646072.43,1060568.1,1.26,0.08
603982.SH,20231124,week,16.48,16.93,15.47,15.62,16.5,16.48,16.93,15.47,15.62,16.73,17.18,15.7,15.85,487563.08,790746.26,-0.88,-0.05
603982.SH,20231117,week,16.17,16.95,16.01,16.5,16.28,16.17,16.95,16.01,16.5,16.41,17.2,16.25,16.75,524827.63,863448.8,0.22,0.01
603982.SH,20231110,week,16.56,17.53,16.01,16.28,16.45,16.56,17.53,16.01,16.28,16.81,17.79,16.25,16.52,840443.5,1408800.74,-0.17,-0.01
603982.SH,20231103,week,15.66,17.13,14.93,16.45,15.86,15.66,17.13,14.93,16.45,15.89,17.39,15.15,16.7,873422.34,1412587.12,0.59,0.04
603982.SH,20231027,week,15.15,16.4,13.89,15.86,15.2,15.15,16.4,13.89,15.86,15.38,16.65,14.1,16.1,801775.31,1222169.92,0.66,0.04
603982.SH,20231020,week,14.66,17.17,14.66,15.2,14.67,14.66,17.17,14.66,15.2,14.88,17.43,14.88,15.43,1111232.45,1774129.41,0.53,0.04
603982.SH,20231013,week,13.88,15.1,13.87,14.67,13.77,13.88,15.1,13.87,14.67,14.09,15.33,14.08,14.89,455731.61,653858.87,0.9,0.07
603982.SH,20230929,week,13.91,14.14,13.5,13.77,13.89,13.91,14.14,13.5,13.77,14.12,14.35,13.7,13.98,229873.02,316054.12,-0.12,-0.01
603982.SH,20230922,week,13.84,14.42,13.43,13.89,13.87,13.84,14.42,13.43,13.89,14.05,14.64,13.63,14.1,302372.78,422076.8,0.02,0.0
603982.SH,20230915,week,13.78,14.43,13.5,13.87,13.79,13.78,14.43,13.5,13.87,13.99,14.65,13.7,14.08,243818.04,341532.08,0.08,0.01
603982.SH,20230908,week,13.9,14.18,13.54,13.79,13.88,13.9,14.18,13.54,13.79,14.11,14.39,13.74,14.0,196114.06,272897.13,-0.09,-0.01
603982.SH,20230901,week,13.9,14.17,13.17,13.88,13.14,13.9,14.17,13.17,13.88,14.11,14.38,13.37,14.09,245733.36,338123.13,0.74,0.06
603982.SH,20230825,week,14.11,14.27,13.07,13.14,14.12,14.11,14.27,13.07,13.14,14.32,14.48,13.27,13.34,176114.81,240913.68,-0.98,-0.07
603982.SH,20230818,week,14.25,14.51,13.68,14.12,14.43,14.25,14.51,13.68,14.12,14.46,14.73,13.89,14.33,195918.51,276984.34,-0.31,-0.02
603982.SH,20230811,week,15.69,15.95,14.4,14.43,15.86,15.69,15.95,14.4,14.43,15.93,16.19,14.62,14.65,221931.38,336366.14,-1.43,-0.09
603982.SH,20230804,week,15.89,16.34,15.62,15.86,15.66,15.89,16.34,15.62,15.86,16.13,16.59,15.85,16.1,362593.42,580012.91,0.2,0.01
603982.SH,20230728,week,15.15,16.2,14.59,15.66,15.1,15.15,16.2,14.59,15.66,15.38,16.44,14.81,15.89,497407.28,771211.39,0.56,0.04
603982.SH,20230721,week,15.72,16.78,15.1,15.1,16.07,15.72,16.78,15.1,15.1,15.96,17.03,15.33,15.33,364970.82,576862.87,-0.97,-0.06
603982.SH,20230714,week,16.5,17.34,15.72,16.07,16.37,16.5,17.34,15.72,16.07,16.75,17.6,15.96,16.31,507908.11,843126.57,-0.3,-0.02
603982.SH,20230707,week,16.69,17.5,16.22,16.37,16.58,16.69,17.5,16.22,16.37,16.94,17.76,16.46,16.62,557301.69,939388.51,-0.21,-0.01
603982.SH,20230630,week,15.82,17.45,14.87,16.58,15.99,15.82,17.45,14.87,16.58,16.06,17.71,15.09,16.83,583472.51,936468.04,0.59,0.04
603982.SH,20230623,week,15.5,16.43,15.22,15.99,15.51,15.5,16.43,15.22,15.99,15.73,16.68,15.45,16.23,262267.05,418630.17,0.48,0.03
603982.SH,20230616,week,13.6,15.96,13.59,15.51,13.85,13.6,15.96,13.59,15.51,13.8,16.2,13.79,15.74,543017.73,802932.13,1.66,0.12
603982.SH,20230609,week,16.78,16.86,13.45,13.85,16.5,16.78,16.86,13.45,13.85,17.03,17.11,13.65,14.06,310963.24,458276.75,-2.65,-0.16
603982.SH,20230602,week,16.51,17.15,15.91,16.5,16.76,16.51,17.14,15.91,16.5,16.75,17.4,16.14,16.75,293910.23,484489.24,-0.26,-0.02
603982.SH,20230526,week,16.15,17.2,15.84,16.76,16.12,16.15,17.19,15.84,16.76,16.39,17.45,16.07,17.01,241260.28,399625.51,0.64,0.04
603982.SH,20230519,week,15.78,16.45,15.76,16.12,15.94,15.78,16.45,15.76,16.12,16.01,16.69,15.99,16.36,120036.0,193658.34,0.18,0.01
603982.SH,20230512,week,15.91,16.45,15.41,15.94,15.86,15.91,16.45,15.41,15.94,16.14,16.69,15.64,16.17,173553.29,278136.36,0.08,0.01
603982.SH,20230505,week,15.93,16.34,15.63,15.86,15.88,15.93,16.34,15.63,15.86,16.16,16.58,15.86,16.09,54308.6,86695.45,-0.02,0.0
603982.SH,20230428,week,15.64,16.33,15.2,15.88,16.02,15.64,16.33,15.2,15.88,15.87,16.57,15.42,16.11,159271.71,250882.37,-0.14,-0.01
603982.SH,20230421,week,17.02,17.5,15.99,16.02,17.01,17.01,17.49,15.99,16.02,17.27,17.76,16.23,16.26,129486.22,217514.05,-0.99,-0.06
603982.SH,20230414,week,17.49,17.63,16.72,17.01,17.49,17.48,17.62,16.72,17.0,17.75,17.89,16.97,17.26,115457.6,196424.0,-0.48,-0.03
603982.SH,20230407,week,18.52,18.61,17.06,17.49,18.51,18.51,18.6,17.05,17.48,18.79,18.88,17.31,17.75,135630.32,239712.15,-1.02,-0.06
603982.SH,20230331,week,18.53,18.66,18.07,18.51,18.54,18.52,18.65,18.06,18.5,18.8,18.93,18.34,18.78,116833.76,214829.16,-0.03,0.0
603982.SH,20230324,week,18.14,19.06,17.8,18.54,18.15,18.13,19.05,17.79,18.53,18.41,19.34,18.06,18.81,147644.18,273060.14,0.39,0.02
603982.SH,20230317,week,20.26,20.36,18.07,18.15,20.26,20.25,20.35,18.06,18.14,20.56,20.66,18.34,18.42,175191.13,330951.03,-2.11,-0.1
603982.SH,20230310,week,21.52,21.69,20.25,20.26,21.5,21.51,21.68,20.24,20.25,21.84,22.01,20.55,20.56,117912.86,246849.5,-1.24,-0.06
603982.SH,20230303,week,22.0,22.49,21.44,21.5,22.12,21.99,22.48,21.43,21.49,22.32,22.82,21.76,21.82,144148.95,315858.65,-0.62,-0.03
603982.SH,20230224,week,22.1,22.98,21.69,22.12,22.28,22.09,22.97,21.68,22.11,22.42,23.32,22.01,22.45,162087.11,364115.01,-0.16,-0.01
603982.SH,20230217,week,23.7,23.74,22.03,22.28,23.86,23.69,23.73,22.02,22.27,24.05,24.09,22.35,22.61,261546.06,606748.6,-1.58,-0.07
603982.SH,20230210,week,22.46,24.78,22.22,23.86,22.46,22.45,24.77,22.21,23.85,22.79,25.14,22.55,24.21,505719.07,1194090.38,1.4,0.06
603982.SH,20230203,week,21.95,23.42,21.95,22.46,21.29,21.94,23.41,21.94,22.45,22.27,23.76,22.27,22.79,305563.91,691403.19,1.17,0.05
603982.SH,20230120,week,21.3,21.5,20.95,21.29,21.3,21.29,21.49,20.94,21.28,21.61,21.82,21.26,21.6,77307.63,164165.44,-0.01,0.0
603982.SH,20230113,week,21.42,22.58,21.2,21.3,21.35,21.41,22.57,21.19,21.29,21.73,22.91,21.51,21.61,173970.82,379568.79,-0.05,0.0
603982.SH,20230106,week,20.27,21.98,20.08,21.35,20.28,20.26,21.97,20.07,21.34,20.57,22.3,20.38,21.66,124064.73,260498.43,1.07,0.05
603982.SH,20221230,week,20.0,21.6,19.92,20.28,20.18,19.99,21.59,19.91,20.27,20.29,21.92,20.21,20.58,112832.01,233807.23,0.1,0.0
603982.SH,20221223,week,21.9,22.8,19.79,20.18,21.97,21.89,22.79,19.78,20.17,22.22,23.14,20.08,20.48,140248.55,304503.0,-1.79,-0.08
603982.SH,20221216,week,22.52,22.77,21.86,21.97,22.62,22.51,22.76,21.85,21.96,22.85,23.1,22.18,22.29,115884.47,258032.24,-0.65,-0.03
603982.SH,20221209,week,23.48,23.76,22.43,22.62,23.19,23.47,23.75,22.42,22.61,23.83,24.11,22.76,22.95,142642.28,330034.89,-0.57,-0.02
603982.SH,20221202,week,22.18,24.47,21.8,23.19,22.34,22.17,24.46,21.79,23.18,22.51,24.83,22.12,23.53,230718.55,535425.55,0.85,0.04
603982.SH,20221125,week,23.2,23.69,22.28,22.34,23.12,23.19,23.68,22.27,22.33,23.54,24.04,22.61,22.67,143646.08,329545.5,-0.78,-0.03
603982.SH,20221118,week,25.0,25.14,23.1,23.12,24.78,24.99,25.13,23.09,23.11,25.37,25.51,23.44,23.46,149248.86,358225.56,-1.66,-0.07
603982.SH,20221111,week,25.65,26.0,24.5,24.78,25.6,25.64,25.99,24.49,24.77,26.03,26.38,24.86,25.14,146722.53,369331.92,-0.82,-0.03
603982.SH,20221104,week,22.01,25.7,22.0,25.6,22.25,22.0,25.69,21.99,25.59,22.33,26.08,22.32,25.98,231944.88,558953.71,3.35,0.15
603982.SH,20221028,week,24.19,25.77,22.1,22.25,24.03,24.18,25.76,22.09,22.24,24.55,26.15,22.42,22.58,263112.27,642394.46,-1.78,-0.07
603982.SH,20221021,week,25.4,26.64,23.9,24.03,25.7,25.39,26.63,23.89,24.02,25.77,27.03,24.25,24.38,183052.02,463328.63,-1.67,-0.06
603982.SH,20221014,week,24.28,26.0,22.88,25.7,24.18,24.27,25.99,22.87,25.69,24.64,26.38,23.22,26.08,211990.59,522862.27,1.52,0.06
603982.SH,20220930,week,26.66,27.99,24.16,24.18,26.52,26.65,27.98,24.15,24.17,27.05,28.4,24.52,24.54,193616.18,507756.73,-2.34,-0.09
603982.SH,20220923,week,28.29,30.93,26.45,26.52,28.0,28.28,30.92,26.44,26.51,28.71,31.38,26.84,26.91,235902.01,680230.43,-1.48,-0.05
603982.SH,20220916,week,29.72,31.03,27.91,28.0,29.66,29.71,31.02,27.9,27.99,30.16,31.49,28.32,28.41,189106.64,562488.33,-1.66,-0.06
603982.SH,20220909,week,24.95,30.73,24.61,29.66,25.05,24.94,30.72,24.6,29.65,25.32,31.18,24.97,30.1,463059.7,1332333.95,4.61,0.18
603982.SH,20220902,week,27.28,28.4,23.96,25.05,27.89,27.27,28.39,23.95,25.04,27.68,28.82,24.31,25.42,306357.45,796882.63,-2.84,-0.1
603982.SH,20220826,week,31.87,34.71,27.25,27.89,31.55,31.86,34.7,27.24,27.88,32.34,35.22,27.65,28.3,550825.77,1721053.2,-3.66,-0.12
603982.SH,20220819,week,28.56,34.5,28.56,31.55,29.25,28.55,34.49,28.55,31.54,28.98,35.01,28.98,32.01,631368.34,2019082.9,2.3,0.08
603982.SH,20220812,week,27.57,32.15,27.15,29.25,27.87,27.56,32.14,27.14,29.24,27.98,32.62,27.55,29.68,530020.36,1615293.18,1.38,0.05
603982.SH,20220805,week,32.03,32.98,27.23,27.87,32.0,32.02,32.97,27.22,27.86,32.5,33.46,27.63,28.28,587504.17,1785456.03,-4.13,-0.13
603982.SH,20220729,week,29.01,34.55,28.41,32.0,28.34,29.0,34.54,28.4,31.99,29.44,35.06,28.83,32.47,994500.09,3142899.57,3.66,0.13
603982.SH,20220722,week,23.8,28.34,23.8,28.34,23.7,23.73,28.33,23.73,28.33,24.09,28.76,24.09,28.76,723900.71,1891882.33,4.64,0.2
603982.SH,20220715,week,23.1,23.99,22.3,23.7,23.37,23.03,23.92,22.23,23.63,23.38,24.28,22.57,23.98,297708.51,690814.06,0.33,0.01
603982.SH,20220708,week,24.3,24.55,22.51,23.37,24.69,24.23,24.48,22.44,23.3,24.59,24.84,22.78,23.65,472811.04,1118152.58,-1.32,-0.05
603982.SH,20220701,week,27.81,30.0,23.19,24.69,27.31,27.73,29.91,23.12,24.62,28.14,30.36,23.47,24.99,688484.66,1838145.19,-2.62,-0.1
603982.SH,20220624,week,26.0,27.66,24.7,27.31,26.35,25.92,27.58,24.63,27.23,26.31,27.99,25.0,27.64,693708.16,1817745.25,0.96,0.04
603982.SH,20220617,week,26.86,29.58,25.36,26.35,25.87,26.78,29.49,25.29,26.27,27.18,29.93,25.66,26.67,832549.62,2267676.72,0.48,0.02
603982.SH,20220610,week,23.05,25.87,21.16,25.87,22.68,22.98,25.79,21.1,25.79,23.33,26.18,21.41,26.18,877352.64,2077057.34,3.19,0.14
603982.SH,20220603,week,21.66,23.2,20.23,22.68,21.4,21.6,23.13,20.17,22.61,21.92,23.48,20.47,22.95,490821.25,1058428.54,1.28,0.06
603982.SH,20220527,week,21.35,24.0,19.73,21.4,21.06,21.29,23.93,19.67,21.34,21.61,24.29,19.97,21.66,802678.83,1759963.99,0.34,0.02
603982.SH,20220520,week,19.93,21.29,18.78,21.06,19.84,19.87,21.23,18.72,21.0,20.17,21.55,19.01,21.31,435621.75,867967.96,1.22,0.06
603982.SH,20220513,week,17.34,20.57,16.75,19.84,17.27,17.29,20.51,16.7,19.78,17.55,20.82,16.95,20.08,278730.44,523227.18,2.57,0.15
603982.SH,20220506,week,17.92,18.3,17.0,17.27,17.6,17.87,18.25,16.95,17.22,18.14,18.52,17.2,17.48,78314.0,138039.28,-0.33,-0.02
603982.SH,20220429,week,18.5,18.7,15.45,17.6,19.43,18.45,18.64,15.4,17.55,18.72,18.92,15.64,17.81,273790.95,467387.96,-1.83,-0.09
603982.SH,20220422,week,20.51,23.42,19.08,19.43,20.41,20.45,23.35,19.02,19.37,20.76,23.7,19.31,19.66,445344.6,942182.87,-0.98,-0.05
603982.SH,20220415,week,21.8,21.8,19.26,20.41,21.74,21.74,21.74,19.2,20.35,22.06,22.06,19.49,20.65,154700.47,315650.66,-1.33,-0.06
603982.SH,20220408,week,24.08,24.17,21.6,21.74,24.0,24.01,24.1,21.54,21.68,24.37,24.46,21.86,22.0,98313.42,223092.46,-2.26,-0.09
603982.SH,20220401,week,25.07,25.68,23.58,24.0,25.25,25.0,25.6,23.51,23.93,25.37,25.99,23.86,24.29,114263.97,281793.37,-1.25,-0.05
603982.SH,20220325,week,25.92,26.96,25.23,25.25,26.2,25.84,26.88,25.16,25.18,26.23,27.28,25.53,25.55,110336.73,287483.21,-0.95,-0.04
603982.SH,20220318,week,26.03,27.4,23.46,26.2,26.18,25.95,27.32,23.39,26.12,26.34,27.73,23.74,26.51,199376.19,512163.44,0.02,0.0
603982.SH,20220311,week,27.0,28.32,24.15,26.18,26.62,26.92,28.24,24.08,26.1,27.32,28.66,24.44,26.49,262074.44,692417.44,-0.44,-0.02
603982.SH,20220304,week,30.36,31.5,25.99,26.62,30.25,30.27,31.41,25.91,26.54,30.72,31.88,26.3,26.94,198320.75,566268.93,-3.63,-0.12
603982.SH,20220225,week,30.07,32.3,28.9,30.25,30.13,29.98,32.2,28.81,30.16,30.43,32.69,29.25,30.61,170618.35,518123.74,0.12,0.0
603982.SH,20220218,week,28.44,31.08,27.69,30.13,28.24,28.36,30.99,27.61,30.04,28.78,31.45,28.02,30.49,164240.49,491154.75,1.89,0.07
603982.SH,20220211,week,33.51,34.45,27.7,28.24,32.88,33.41,34.35,27.62,28.16,33.91,34.86,28.03,28.58,222875.29,687696.1,-4.64,-0.14
603982.SH,20220128,week,34.03,36.73,31.66,32.88,33.88,33.93,36.62,31.57,32.78,34.44,37.17,32.04,33.27,261606.3,892870.16,-1.0,-0.03
603982.SH,20220121,week,39.71,39.71,30.68,33.88,44.12,39.59,39.59,30.59,33.78,40.19,40.19,31.05,34.29,415406.63,1376842.62,-10.24,-0.23
603982.SH,20220114,week,38.12,45.32,37.8,44.12,38.73,38.01,45.19,37.69,43.99,38.58,45.86,38.25,44.65,234767.51,977731.04,5.39,0.14
603982.SH,20220107,week,47.0,47.12,37.0,38.73,47.0,46.86,46.98,36.89,38.62,47.56,47.69,37.44,39.19,224289.79,894070.32,-8.27,-0.18
603982.SH,20211231,week,46.72,49.98,43.39,47.0,47.2,46.58,49.83,43.26,46.86,47.28,50.58,43.91,47.56,217506.51,998953.68,-0.2,0.0
603982.SH,20211224,week,43.09,51.81,42.28,47.2,43.58,42.96,51.66,42.16,47.06,43.61,52.43,42.79,47.77,241221.93,1129881.5,3.62,0.08
603982.SH,20211217,week,42.14,46.04,40.62,43.58,42.14,42.02,45.9,40.5,43.45,42.65,46.59,41.11,44.1,237316.36,1037771.97,1.44,0.03
603982.SH,20211210,week,45.46,45.46,40.2,42.14,45.01,45.33,45.33,40.08,42.02,46.01,46.01,40.68,42.65,223846.37,944447.42,-2.87,-0.06
603982.SH,20211203,week,37.5,49.0,37.0,45.01,39.0,37.39,48.86,36.89,44.88,37.95,49.59,37.44,45.55,446924.98,2007219.73,6.01,0.15
603982.SH,20211126,week,35.3,39.75,35.0,39.0,35.58,35.2,39.63,34.9,38.88,35.72,40.23,35.42,39.47,302750.03,1134906.71,3.42,0.1
603982.SH,20211119,week,41.58,41.58,34.46,35.58,39.9,41.46,41.46,34.36,35.47,42.08,42.08,34.87,36.01,328323.05,1216584.52,-4.32,-0.11
603982.SH,20211112,week,32.39,39.9,32.39,39.9,34.61,32.29,39.78,32.29,39.78,32.78,40.38,32.78,40.38,290149.55,1033151.86,5.29,0.15
603982.SH,20211105,week,29.33,36.06,27.71,34.61,29.06,29.24,35.95,27.63,34.51,29.68,36.49,28.04,35.03,483131.78,1563249.87,5.55,0.19
603982.SH,20211029,week,26.48,30.2,25.72,29.06,26.32,26.4,30.11,25.64,28.97,26.8,30.56,26.03,29.41,408168.65,1149969.42,2.74,0.1
603982.SH,20211022,week,20.9,28.6,20.81,26.32,21.16,20.84,28.52,20.75,26.24,21.15,28.94,21.06,26.64,653284.07,1645777.04,5.16,0.24
603982.SH,20211015,week,18.82,21.37,18.38,21.16,19.02,18.76,21.31,18.33,21.1,19.05,21.63,18.6,21.41,346315.45,688727.27,2.14,0.11
603982.SH,20211008,week,19.07,19.69,18.74,19.02,19.04,19.01,19.63,18.68,18.96,19.3,19.93,18.96,19.25,27791.26,53057.4,-0.02,0.0
603982.SH,20211001,week,19.91,20.21,18.78,19.04,20.09,19.85,20.15,18.72,18.98,20.15,20.45,19.01,19.27,105711.93,205177.62,-1.05,-0.05
603982.SH,20210924,week,20.93,21.86,19.9,20.09,21.14,20.87,21.8,19.84,20.03,21.18,22.12,20.14,20.33,102337.8,211041.73,-1.05,-0.05
603982.SH,20210917,week,23.4,23.57,20.71,21.14,23.4,23.33,23.5,20.65,21.08,23.68,23.85,20.96,21.39,323982.03,720964.63,-2.26,-0.1
603982.SH,20210910,week,21.7,24.39,21.7,23.4,21.91,21.64,24.32,21.64,23.33,21.96,24.68,21.96,23.68,285211.64,661143.92,1.49,0.07
603982.SH,20210903,week,21.36,22.4,21.06,21.91,21.01,21.3,22.33,21.0,21.85,21.62,22.67,21.31,22.17,327328.93,709266.78,0.9,0.04
603982.SH,20210827,week,16.7,21.58,16.62,21.01,16.61,16.65,21.52,16.57,20.95,16.9,21.84,16.82,21.26,737684.54,1443460.26,4.4,0.26
603982.SH,20210820,week,16.15,16.72,15.62,16.61,16.11,16.1,16.67,15.57,16.56,16.34,16.92,15.81,16.81,196738.99,317415.02,0.5,0.03
603982.SH,20210813,week,15.58,16.2,15.39,16.11,15.64,15.53,16.15,15.34,16.06,15.77,16.39,15.57,16.3,149343.73,236783.17,0.47,0.03
603982.SH,20210806,week,15.06,15.78,15.06,15.64,15.0,15.02,15.73,15.02,15.59,15.24,15.97,15.24,15.83,148552.4,230187.62,0.64,0.04
603982.SH,20210730,week,15.62,15.85,14.7,15.0,15.78,15.57,15.8,14.66,14.96,15.81,16.04,14.88,15.18,216229.84,330110.3,-0.78,-0.05
603982.SH,20210723,week,15.74,16.37,15.55,15.78,15.87,15.69,16.32,15.5,15.73,15.93,16.57,15.74,15.97,146263.28,233023.11,-0.09,-0.01
603982.SH,20210716,week,17.16,17.75,15.7,15.87,17.05,17.11,17.7,15.65,15.82,17.37,17.96,15.89,16.06,261889.79,440277.71,-1.18,-0.07
603982.SH,20210709,week,16.5,17.18,16.37,17.05,16.36,16.45,17.13,16.32,17.0,16.7,17.39,16.57,17.25,159018.28,269393.15,0.69,0.04
603982.SH,20210702,week,16.9,17.16,16.33,16.36,16.77,16.85,17.11,16.28,16.31,17.1,17.37,16.53,16.56,132037.72,221966.33,-0.41,-0.02
603982.SH,20210625,week,16.2,17.15,16.08,16.77,16.33,16.15,17.1,16.03,16.72,16.39,17.36,16.27,16.97,167908.9,280358.87,0.44,0.03
603982.SH,20210618,week,16.61,16.89,15.87,16.33,16.61,16.56,16.84,15.82,16.28,16.81,17.09,16.06,16.53,125648.81,204825.45,-0.28,-0.02
603982.SH,20210611,week,15.68,17.8,15.66,16.61,15.74,15.63,17.75,15.61,16.56,15.87,18.01,15.85,16.81,414399.17,702533.64,0.87,0.06
603982.SH,20210604,week,15.71,16.4,15.64,15.74,15.8,15.66,16.35,15.59,15.69,15.9,16.6,15.83,15.93,141127.54,225435.24,-0.06,0.0
603982.SH,20210528,week,15.85,16.05,15.5,15.8,15.78,15.8,16.0,15.45,15.75,16.04,16.24,15.69,15.99,109050.42,172282.59,0.02,0.0
603982.SH,20210521,week,16.05,16.45,15.73,15.78,16.02,16.0,16.4,15.68,15.73,16.24,16.65,15.92,15.97,166011.48,266914.2,-0.24,-0.01
603982.SH,20210514,week,16.2,16.37,15.56,16.02,16.2,16.09,16.27,15.45,15.97,16.33,16.52,15.68,16.21,195459.46,311939.04,-0.18,-0.01
603982.SH,20210507,week,16.64,16.93,16.1,16.2,16.59,16.53,16.81,15.99,16.09,16.77,17.07,16.23,16.33,62751.74,103411.77,-0.39,-0.02
603982.SH,20210430,week,17.28,17.4,16.27,16.59,17.28,17.16,17.28,16.16,16.48,17.42,17.54,16.4,16.72,145522.36,246580.3,-0.69,-0.04
603982.SH,20210423,week,17.82,18.5,17.2,17.28,17.61,17.7,18.37,17.08,17.16,17.96,18.65,17.34,17.42,254179.95,452698.42,-0.33,-0.02
603982.SH,20210416,week,17.39,18.5,16.01,17.61,17.29,17.27,18.37,15.9,17.49,17.53,18.65,16.14,17.75,302637.64,527538.72,0.32,0.02
603982.SH,20210409,week,16.3,17.56,16.18,17.29,16.26,16.19,17.44,16.07,17.17,16.43,17.7,16.31,17.43,253298.5,431447.18,1.03,0.06
603982.SH,20210402,week,15.5,16.49,15.43,16.26,15.47,15.39,16.38,15.32,16.15,15.62,16.62,15.55,16.39,235520.21,377289.65,0.79,0.05
603982.SH,20210326,week,15.46,15.59,15.22,15.47,15.44,15.35,15.48,15.12,15.36,15.58,15.71,15.34,15.59,114311.7,176138.94,0.03,0.0
603982.SH,20210319,week,15.3,15.6,15.21,15.44,15.45,15.19,15.49,15.11,15.33,15.42,15.72,15.33,15.56,130660.28,201298.13,-0.01,0.0
603982.SH,20210312,week,16.1,17.4,15.01,15.45,16.06,15.99,17.28,14.91,15.34,16.23,17.54,15.13,15.57,372446.22,600667.36,-0.61,-0.04
603982.SH,20210305,week,15.98,16.23,15.71,16.06,15.8,15.87,16.12,15.6,15.95,16.11,16.36,15.84,16.19,137560.17,219479.43,0.26,0.02
603982.SH,20210226,week,15.94,16.35,15.2,15.8,15.97,15.83,16.24,15.1,15.69,16.07,16.48,15.32,15.93,170847.44,272083.63,-0.17,-0.01
603982.SH,20210219,week,15.11,16.1,15.1,15.97,14.98,15.01,15.99,15.0,15.86,15.23,16.23,15.22,16.1,96288.99,149454.53,0.99,0.07
603982.SH,20210212,week,15.59,15.61,14.94,14.98,16.1,15.48,15.5,14.84,14.88,15.71,15.73,15.06,15.1,147748.34,225213.79,-1.12,-0.07
603982.SH,20210205,week,15.25,17.2,15.11,16.1,15.27,15.14,17.08,15.01,15.99,15.37,17.34,15.23,16.23,197150.58,318542.12,0.83,0.05
603982.SH,20210129,week,16.23,16.39,15.1,15.27,16.27,16.12,16.28,15.0,15.16,16.36,16.52,15.22,15.39,126885.82,199570.52,-1.0,-0.06
603982.SH,20210122,week,15.9,17.04,15.86,16.27,16.07,15.79,16.92,15.75,16.16,16.03,17.18,15.99,16.4,190716.92,313187.9,0.2,0.01
603982.SH,20210115,week,17.2,17.2,15.1,16.07,17.51,17.08,17.08,15.0,15.96,17.34,17.34,15.22,16.2,329128.63,528057.43,-1.44,-0.08
603982.SH,20210108,week,20.58,21.32,17.51,17.51,20.13,20.43,21.16,17.39,17.39,20.74,21.48,17.65,17.65,579383.58,1138184.77,-2.62,-0.13
603982.SH,20210101,week,19.36,20.99,19.03,20.13,19.45,19.22,20.84,18.89,19.98,19.51,21.15,19.17,20.28,466558.45,928194.68,0.68,0.03
603982.SH,20201225,week,20.09,20.59,18.55,19.45,19.91,19.94,20.44,18.41,19.31,20.24,20.75,18.69,19.6,623824.49,1228307.87,-0.46,-0.02
603982.SH,20201218,week,18.85,20.7,18.84,19.91,19.01,18.71,20.55,18.7,19.76,18.99,20.86,18.98,20.06,437024.7,869732.77,0.9,0.05
603982.SH,20201211,week,18.86,19.85,18.3,19.01,19.02,18.72,19.71,18.17,18.87,19.0,20.0,18.44,19.15,292960.36,559424.0,-0.01,0.0
603982.SH,20201204,week,19.72,20.18,18.52,19.02,20.15,19.58,20.03,18.38,18.88,19.87,20.33,18.66,19.16,358090.29,690771.98,-1.13,-0.06
603982.SH,20201127,week,20.84,21.45,19.33,20.15,20.32,20.69,21.29,19.19,20.0,21.0,21.61,19.48,20.3,774988.09,1577141.28,-0.17,-0.01
603982.SH,20201120,week,18.22,20.32,17.72,20.32,18.4,18.09,20.17,17.59,20.17,18.36,20.47,17.85,20.47,381183.96,728921.97,1.92,0.1
603982.SH,20201113,week,19.07,20.1,17.95,18.4,18.98,18.93,19.95,17.82,18.27,19.21,20.25,18.09,18.54,295084.26,555984.65,-0.58,-0.03
603982.SH,20201106,week,18.94,20.25,18.5,18.98,19.34,18.8,20.1,18.37,18.84,19.08,20.4,18.64,19.12,544897.54,1056706.3,-0.36,-0.02
603982.SH,20201030,week,17.8,19.64,17.51,19.34,17.92,17.67,19.5,17.38,19.2,17.94,19.79,17.64,19.49,463021.95,866783.24,1.42,0.08
603982.SH,20201023,week,16.78,19.45,16.73,17.92,16.77,16.66,19.31,16.61,17.79,16.91,19.6,16.86,18.06,460903.82,852618.6,1.15,0.07
603982.SH,20201016,week,16.67,17.45,16.66,16.77,16.52,16.55,17.32,16.54,16.65,16.8,17.58,16.79,16.9,145177.51,247177.04,0.25,0.02
603982.SH,20201009,week,16.35,16.64,16.32,16.52,16.1,16.23,16.52,16.2,16.4,16.47,16.77,16.44,16.65,15945.0,26348.11,0.42,0.03
603982.SH,20201002,week,16.42,16.64,15.94,16.1,16.42,16.3,16.52,15.82,15.98,16.54,16.77,16.06,16.22,41674.0,67684.86,-0.32,-0.02
603982.SH,20200925,week,17.44,17.57,16.35,16.42,17.44,17.31,17.44,16.23,16.3,17.57,17.7,16.47,16.54,100267.58,169155.99,-1.02,-0.06
603982.SH,20200918,week,17.0,17.92,16.85,17.44,16.88,16.88,17.79,16.73,17.31,17.13,18.06,16.98,17.57,147509.51,255754.24,0.56,0.03
603982.SH,20200911,week,18.7,18.86,16.41,16.88,18.79,18.56,18.72,16.29,16.76,18.84,19.0,16.53,17.01,224001.46,392231.39,-1.91,-0.1
603982.SH,20200904,week,18.72,19.76,18.4,18.79,18.59,18.58,19.62,18.27,18.65,18.86,19.91,18.54,18.93,322336.61,614450.93,0.2,0.01
603982.SH,20200828,week,19.0,19.55,18.0,18.59,18.97,18.86,19.41,17.87,18.45,19.14,19.7,18.14,18.73,290908.23,546174.75,-0.38,-0.02
603982.SH,20200821,week,19.41,20.65,18.58,18.97,19.66,19.27,20.5,18.44,18.83,19.56,20.81,18.72,19.11,447067.14,877626.16,-0.69,-0.04
603982.SH,20200814,week,18.09,22.69,17.9,19.66,18.1,17.96,22.52,17.77,19.52,18.23,22.86,18.04,19.81,751639.09,1514009.24,1.56,0.09
603982.SH,20200807,week,18.18,19.7,18.0,18.1,18.09,18.05,19.56,17.87,17.97,18.32,19.85,18.14,18.24,347588.43,655515.75,0.01,0.0
603982.SH,20200731,week,17.49,18.5,16.98,18.09,17.67,17.36,18.37,16.86,17.96,17.62,18.64,17.11,18.23,209024.37,374350.65,0.42,0.02
603982.SH,20200724,week,17.9,18.72,17.5,17.67,17.84,17.77,18.58,17.37,17.54,18.04,18.86,17.63,17.8,252754.12,462226.92,-0.17,-0.01
603982.SH,20200717,week,19.54,20.5,17.42,17.84,19.73,19.25,20.2,17.29,17.71,19.54,20.5,17.55,17.98,376431.48,725723.44,-1.89,-0.1
603982.SH,20200710,week,18.4,21.32,18.12,19.73,18.46,18.13,21.0,17.85,19.44,18.4,21.32,18.12,19.73,722181.57,1409793.52,1.27,0.07
603982.SH,20200703,week,17.15,19.2,16.87,18.46,17.17,16.9,18.92,16.62,18.19,17.15,19.2,16.87,18.46,360543.43,640840.27,1.29,0.08
603982.SH,20200626,week,16.92,17.3,16.81,17.17,16.91,16.67,17.04,16.56,16.92,16.92,17.3,16.81,17.17,150240.86,256666.35,0.26,0.02
603982.SH,20200619,week,17.84,17.84,16.8,16.91,17.66,17.58,17.58,16.55,16.66,17.84,17.84,16.8,16.91,263578.97,452215.9,-0.75,-0.04
603982.SH,20200612,week,17.95,18.49,17.2,17.66,17.91,17.68,18.22,16.95,17.4,17.95,18.49,17.2,17.66,316190.59,569000.87,-0.25,-0.01
603982.SH,20200605,week,17.87,20.16,17.64,17.91,17.97,17.61,19.86,17.38,17.65,17.87,20.16,17.64,17.91,793572.54,1493830.3,-0.06,0.0
603982.SH,20200529,week,18.25,18.54,17.03,17.97,18.85,17.98,18.27,16.78,17.7,18.25,18.54,17.03,17.97,804824.94,1443356.76,-0.88,-0.05
603982.SH,20200522,week,24.07,28.13,18.24,18.85,23.26,23.71,27.71,17.97,18.57,24.07,28.13,18.24,18.85,731776.69,1692671.23,-4.41,-0.19
603982.SH,20200515,week,15.48,24.77,15.4,23.26,15.38,15.25,24.4,15.17,22.92,15.48,24.77,15.4,23.26,900201.91,1861234.67,7.88,0.51
603982.SH,20200508,week,15.0,15.49,14.78,15.38,15.13,14.78,15.26,14.56,15.15,15.0,15.49,14.78,15.38,116353.47,177032.33,0.25,0.02
603982.SH,20200501,week,15.49,15.5,14.0,15.13,15.53,15.26,15.27,13.79,14.91,15.49,15.5,14.0,15.13,166824.43,247547.84,-0.4,-0.03
603982.SH,20200424,week,16.95,17.49,15.41,15.53,16.82,16.7,17.23,15.18,15.3,16.95,17.49,15.41,15.53,339111.15,563105.0,-1.29,-0.08
603982.SH,20200417,week,15.03,20.34,15.0,16.82,15.28,14.81,20.04,14.78,16.57,15.03,20.34,15.0,16.82,803943.24,1429966.61,1.54,0.1
603982.SH,20200410,week,15.83,16.46,15.28,15.28,15.53,15.6,16.22,15.05,15.05,15.83,16.46,15.28,15.28,218488.95,348996.58,-0.25,-0.02
603982.SH,20200403,week,14.72,17.02,14.01,15.53,15.03,14.5,16.77,13.8,15.3,14.72,17.02,14.01,15.53,355301.69,566741.32,0.5,0.03
603982.SH,20200327,week,14.3,16.4,14.24,15.03,14.84,14.09,16.16,14.03,14.81,14.3,16.4,14.24,15.03,221133.49,339644.57,0.19,0.01
603982.SH,20200320,week,15.86,16.02,13.96,14.84,15.8,15.63,15.78,13.75,14.62,15.86,16.02,13.96,14.84,150704.97,222772.63,-0.96,-0.06
603982.SH,20200313,week,17.75,17.75,15.4,15.8,17.6,17.49,17.49,15.17,15.57,17.75,17.75,15.4,15.8,223892.75,368370.4,-1.8,-0.1
603982.SH,20200306,week,15.9,17.96,15.85,17.6,15.91,15.67,17.69,15.62,17.34,15.9,17.96,15.85,17.6,280653.19,477436.7,1.69,0.11
603982.SH,20200228,week,17.25,19.25,15.91,15.91,17.7,17.0,18.97,15.67,15.67,17.25,19.25,15.91,15.91,540407.98,960538.7,-1.79,-0.1
603982.SH,20200221,week,16.3,18.35,16.3,17.7,16.39,16.06,18.08,16.06,17.44,16.3,18.35,16.3,17.7,266785.46,458184.1,1.31,0.08
603982.SH,20200214,week,15.48,16.72,14.39,16.39,15.49,15.25,16.47,14.18,16.15,15.48,16.72,14.39,16.39,197498.39,319700.8,0.9,0.06
603982.SH,20200207,week,15.34,15.8,13.81,15.49,17.04,15.11,15.57,13.61,15.26,15.34,15.8,13.81,15.49,195843.74,296344.77,-1.55,-0.09
603982.SH,20200124,week,17.95,18.68,16.37,17.04,17.9,17.68,18.4,16.13,16.79,17.95,18.68,16.37,17.04,138023.49,248222.87,-0.86,-0.05
603982.SH,20200117,week,18.89,19.5,17.62,17.9,18.9,18.61,19.21,17.36,17.64,18.89,19.5,17.62,17.9,226662.04,427186.53,-1.0,-0.05
603982.SH,20200110,week,18.74,19.84,18.54,18.9,18.96,18.46,19.55,18.27,18.62,18.74,19.84,18.54,18.9,325978.92,629847.07,-0.06,0.0
603982.SH,20200103,week,20.1,20.2,18.6,18.96,20.93,19.8,19.9,18.33,18.68,20.1,20.2,18.6,18.96,313800.9,598218.91,-1.97,-0.09
603982.SH,20191227,week,21.26,22.82,20.5,20.93,21.41,20.95,22.48,20.2,20.62,21.26,22.82,20.5,20.93,774774.71,1681668.7,-0.48,-0.02
603982.SH,20191220,week,19.4,21.99,19.3,21.41,19.88,19.11,21.67,19.01,21.09,19.4,21.99,19.3,21.41,775259.3,1606519.95,1.53,0.08
603982.SH,20191213,week,19.29,22.5,18.92,19.88,19.34,19.0,22.17,18.64,19.59,19.29,22.5,18.92,19.88,1004110.5,2058624.49,0.54,0.03
603982.SH,20191206,week,15.95,21.27,15.71,19.34,15.73,15.71,20.96,15.48,19.05,15.95,21.27,15.71,19.34,780590.53,1523773.19,3.61,0.23
603982.SH,20191129,week,16.36,16.7,15.4,15.73,16.56,16.12,16.45,15.17,15.5,16.36,16.7,15.4,15.73,132866.25,212819.17,-0.83,-0.05
603982.SH,20191122,week,17.0,17.58,16.56,16.56,17.31,16.75,17.32,16.32,16.32,17.0,17.58,16.56,16.56,157503.95,268428.0,-0.75,-0.04
603982.SH,20191115,week,16.93,18.08,16.48,17.31,17.08,16.68,17.81,16.24,17.05,16.93,18.08,16.48,17.31,269941.84,469919.7,0.23,0.01
603982.SH,20191108,week,16.58,17.88,16.21,17.08,16.65,16.33,17.62,15.97,16.83,16.58,17.88,16.21,17.08,159776.13,269479.85,0.43,0.03
603982.SH,20191101,week,17.56,18.11,16.2,16.65,18.03,17.3,17.84,15.96,16.4,17.56,18.11,16.2,16.65,162730.2,280077.92,-1.38,-0.08
603982.SH,20191025,week,18.48,18.48,17.72,18.03,18.66,18.21,18.21,17.46,17.76,18.48,18.48,17.72,18.03,142975.04,257923.0,-0.63,-0.03
603982.SH,20191018,week,19.14,19.43,18.38,18.66,19.11,18.86,19.14,18.11,18.38,19.14,19.43,18.38,18.66,200718.42,380192.61,-0.45,-0.02
603982.SH,20191011,week,19.32,19.59,18.88,19.11,19.21,19.03,19.3,18.6,18.83,19.32,19.59,18.88,19.11,135073.51,260586.21,-0.1,-0.01
603982.SH,20191004,week,20.33,20.45,19.2,19.21,20.26,20.03,20.15,18.92,18.93,20.33,20.45,19.2,19.21,45633.11,89921.86,-1.05,-0.05
603982.SH,20190927,week,22.68,24.86,20.2,20.26,22.7,22.34,24.49,19.9,19.96,22.68,24.86,20.2,20.26,511453.25,1154058.63,-2.44,-0.11
603982.SH,20190920,week,23.02,23.75,21.45,22.7,22.9,22.68,23.4,21.13,22.36,23.02,23.75,21.45,22.7,449340.93,1023109.5,-0.2,-0.01
603982.SH,20190913,week,23.38,24.29,22.4,22.9,23.37,23.03,23.93,22.07,22.56,23.38,24.29,22.4,22.9,462811.5,1074204.03,-0.47,-0.02
603982.SH,20190906,week,22.0,23.5,21.68,23.37,21.96,21.67,23.15,21.36,23.02,22.0,23.5,21.68,23.37,516492.96,1156153.73,1.41,0.06
603982.SH,20190830,week,21.99,24.59,21.02,21.96,20.89,21.67,24.23,20.71,21.64,21.99,24.59,21.02,21.96,931341.99,2123226.85,1.07,0.05
603982.SH,20190823,week,20.55,22.5,20.28,20.89,20.56,20.25,22.17,19.98,20.58,20.55,22.5,20.28,20.89,600526.84,1275786.25,0.33,0.02
603982.SH,20190816,week,21.3,22.1,20.3,20.56,21.39,20.99,21.77,20.0,20.26,21.3,22.1,20.3,20.56,542440.57,1150156.12,-0.83,-0.04
603982.SH,20190809,week,20.7,22.68,19.68,21.39,20.69,20.39,22.34,19.39,21.07,20.7,22.68,19.68,21.39,665816.13,1405220.44,0.7,0.03
603982.SH,20190802,week,18.72,21.11,18.6,20.69,18.82,18.44,20.8,18.33,20.38,18.72,21.11,18.6,20.69,436831.13,866488.71,1.87,0.1
603982.SH,20190726,week,20.17,20.18,18.13,18.82,20.13,19.87,19.88,17.86,18.54,20.17,20.18,18.13,18.82,307443.99,579930.66,-1.31,-0.07
603982.SH,20190719,week,19.96,22.34,19.21,20.13,19.88,19.67,22.01,18.93,19.83,19.96,22.34,19.21,20.13,432887.53,902439.88,0.25,0.01
603982.SH,20190712,week,23.31,23.36,19.65,19.88,23.37,22.97,23.01,19.36,19.59,23.31,23.36,19.65,19.88,396492.09,827353.76,-3.49,-0.15
603982.SH,20190705,week,23.29,24.55,23.0,23.37,22.83,22.95,24.19,22.66,23.02,23.29,24.55,23.0,23.37,474741.09,1122018.31,0.54,0.02
603982.SH,20190628,week,26.27,26.54,22.58,22.83,26.53,25.88,26.15,22.25,22.49,26.27,26.54,22.58,22.83,622266.48,1513953.0,-3.7,-0.14
603982.SH,20190621,week,24.8,27.29,24.02,26.53,24.92,24.43,26.89,23.67,26.14,24.8,27.29,24.02,26.53,874102.27,2258518.97,1.61,0.06
603982.SH,20190614,week,27.13,35.65,24.8,24.92,26.94,26.73,35.12,24.43,24.55,27.13,35.65,24.8,24.92,1498908.8,4401232.51,-2.02,-0.07
603982.SH,20190607,week,30.24,30.24,22.27,26.94,27.49,29.79,29.79,21.94,26.54,30.24,30.24,22.27,26.94,1280777.07,3410718.84,-0.55,-0.02
603982.SH,20190531,week,18.77,27.49,18.77,27.49,17.06,18.49,27.08,18.49,27.08,18.77,27.49,18.77,27.49,191888.93,477423.97,10.43,0.61
603982.SH,20190524,week,11.75,17.06,11.75,17.06,9.79,11.58,16.81,11.58,16.81,11.75,17.06,11.75,17.06,3269.91,5167.65,7.27,0.74
